131727.843582,159.257126,15.232666,118.124390
131727.884867,159.196045,15.353943,118.059799
131727.926153,159.479202,14.820419,118.033478
131727.967439,159.456177,15.205307,117.836975
131728.008726,159.157898,15.158493,117.968246
131728.050014,159.368927,15.177734,117.957428
131728.091302,159.270889,14.970612,118.096558
131728.132590,159.283478,15.065735,117.865036
131728.173875,159.168167,15.034210,117.827896
131728.215162,159.027313,15.032211,117.980804
131728.256451,159.024185,15.044632,117.906586
131728.297739,159.312424,14.936279,117.928970
131728.339028,159.369003,15.010849,117.818542
131728.380317,159.434692,14.976685,117.886414
131728.421608,159.407623,15.234299,117.900803
131728.462899,159.309189,15.100632,117.953598
131728.504191,159.364029,15.185211,117.972229
131728.545481,159.351624,15.072311,117.816666
131728.586771,159.594727,15.178589,117.867126
131728.628059,159.203217,15.255692,117.743469
131728.669349,159.439072,15.169388,117.766907
131728.710638,159.531113,15.085022,117.823227
131728.751925,159.282120,15.233337,117.888199
131728.793214,159.255798,15.108017,117.741333
131728.834504,159.361664,14.958344,117.432129
131728.875793,159.347641,14.884705,117.899490
131728.917083,159.441452,14.935440,117.648163
131728.958372,159.517914,15.117813,117.949432
131728.999661,159.416779,15.223801,118.024628
131729.040950,159.310806,15.050537,117.737610
131729.082240,159.508698,15.123947,117.826263
131729.123529,159.226059,15.132034,117.789307
131729.164820,159.512573,15.191971,117.855057
131729.206107,159.379486,15.248367,117.947235
131729.247395,159.434967,15.214584,117.720886
131729.288684,159.420975,15.192780,117.414734
131729.329971,159.469025,14.887573,117.744904
131729.371260,159.384476,14.622009,117.450699
131729.412551,159.727325,14.861450,117.753540
131729.453840,159.380386,14.784882,117.682098
131729.495131,159.237930,14.770416,117.789047
131729.536420,159.380264,14.706055,117.671326
131729.577709,159.542068,14.812241,117.692535
131729.618997,159.559418,14.774231,117.577209
131729.660285,159.472824,14.906738,117.429596
131729.701573,159.320938,14.913208,117.545059
131729.742860,159.564423,15.060791,117.865814
131729.784150,159.299988,14.913315,117.775452
131729.825442,159.851273,14.988205,117.468307
131729.866729,159.621796,15.261841,117.579132
131729.908019,159.497360,14.987427,118.012085
131729.949307,159.330338,14.968384,118.074112
131729.990593,159.323288,14.932526,117.820602
131730.031879,159.602005,14.880096,118.144211
131730.073168,159.579361,14.966843,118.228455
131730.114457,159.580460,14.951828,118.010452
131730.155745,159.434738,14.974457,118.110428
131730.197035,159.347855,15.048996,118.264816
131730.238324,159.541077,15.100021,117.962875
131730.279614,159.495239,15.114792,117.962875
131730.320901,159.701721,14.886459,118.086960
131730.362188,159.520432,14.848648,118.062073
131730.403475,159.422913,14.760376,117.685394
131730.444766,159.653931,14.824219,117.935318
131730.486053,159.734222,14.803879,117.693954
131730.527344,159.416214,14.831589,117.852295
131730.568635,159.420441,14.764755,117.490143
131730.609924,159.335159,14.862564,117.645981
131730.651214,159.433640,14.829834,117.682007
131730.692503,159.566879,14.761627,117.784470
131730.733792,159.537247,14.732880,117.899521
131730.775081,159.409119,15.066315,117.542099
131730.816371,159.657394,14.797943,117.870605
131730.857663,159.547485,15.070969,117.717896
131730.898953,159.565964,15.161926,117.750626
131730.940244,159.517075,15.127487,117.663315
131730.981532,159.572510,15.100143,117.867966
131731.022821,159.533371,15.117783,117.708206
131731.064110,159.628754,14.891937,117.540115
131731.105401,159.572983,14.954208,117.726456
131731.146692,159.412369,14.948151,117.776352
131731.187984,159.481140,14.821518,117.640030
131731.229275,159.419693,14.774582,117.698608
131731.270564,159.333755,14.627670,117.664154
131731.311854,159.505280,14.815720,117.578461
131731.353145,159.494766,14.644333,117.576080
131731.394433,159.320892,14.698700,117.515671
131731.435722,159.460892,14.818146,117.536118
131731.477011,159.487289,14.919037,117.752548
131731.518301,159.335464,14.969543,117.617462
131731.559588,159.472473,14.848755,117.469788
131731.600875,159.436172,14.794327,117.354034
131731.642163,159.486557,14.973251,117.123871
131731.683449,159.539963,14.748154,117.319122
131731.724734,159.448364,14.837265,117.573181
131731.766021,159.518005,14.587433,117.577225
131731.807309,159.486389,14.583160,117.614594
131731.848599,159.228516,14.536804,117.578583
131731.889890,159.444290,14.635132,117.291916
131731.931178,159.471725,14.563599,117.296890
131731.972465,159.363190,14.866348,117.276474
131732.013753,159.221161,14.783890,117.797546
131732.055044,159.513428,14.658493,117.577042
131732.096332,159.434692,14.697678,117.837402
131732.137620,159.301788,14.848511,117.627258
131732.178908,159.458572,14.701004,117.638077
131732.220200,159.382935,14.794083,117.727386
131732.261489,159.473206,14.680145,117.858200
131732.302779,159.782288,14.572540,117.321594
131732.344069,159.630035,14.678116,117.190491
131732.385360,159.532867,14.777115,117.568207
131732.426650,159.362427,14.657333,117.390274
131732.467941,159.596649,14.727615,117.695160
131732.509233,159.642090,14.885864,117.544724
131732.550523,159.553345,14.769760,117.700455
131732.591814,159.367523,14.949966,117.636322
131732.633103,159.481781,14.701874,117.914902
131732.674392,159.490662,14.906281,117.556122
131732.715681,159.741028,14.933228,117.879257
131732.756972,159.650330,14.904953,117.675522
131732.798264,159.781219,14.763092,117.583282
131732.839555,159.457245,14.723785,117.932144
131732.880847,159.558517,14.824310,117.693314
131732.922141,159.573730,14.720093,117.652084
131732.963433,159.586151,14.692719,117.721069
131733.004725,159.463669,14.668259,117.796616
131733.046016,159.372467,14.563751,117.693192
131733.087307,159.430588,14.740906,117.826477
131733.128596,159.356079,14.612732,118.019531
131733.169886,159.335693,14.710739,118.052368
131733.211177,159.377914,14.423035,117.967300
131733.252468,159.377014,14.747269,117.820236
131733.293758,159.387146,14.772171,117.927002
131733.335049,159.628403,14.943924,117.860535
131733.376341,159.347198,14.967407,117.874298
131733.417632,159.411591,14.761124,117.902405
131733.458922,159.455246,14.732117,118.156937
131733.500210,159.324371,14.702347,117.663788
131733.541496,159.415970,14.672424,117.581985
131733.582786,159.196289,14.683746,117.431778
131733.624078,159.162994,14.786804,117.582916
131733.665371,159.339813,14.752563,117.900742
131733.706663,159.366928,14.862228,117.949554
131733.747956,159.307404,14.905075,118.074265
131733.789249,159.083755,15.004318,117.838181
131733.830539,159.438812,14.782516,117.877716
131733.871828,159.274963,15.034836,118.153793
131733.913118,159.360809,14.921509,117.892014
131733.954407,159.379593,14.722153,117.917358
131733.995699,159.367432,14.707458,117.761581
131734.036991,159.466049,14.830139,117.846100
131734.078281,159.305450,14.701202,118.122284
131734.119571,159.669937,14.693878,117.798630
131734.160861,159.558350,14.835098,117.820663
131734.202151,159.523239,14.914642,118.191498
131734.243440,159.784561,14.784760,117.700989
131734.284730,159.430878,14.759323,117.686203
131734.326020,159.110504,14.978699,117.844406
131734.367312,159.379959,14.817459,117.812592
131734.408603,159.492050,14.978073,117.612823
131734.449895,159.221176,14.849289,118.064331
131734.491183,159.486511,14.886963,117.817917
131734.532474,159.370956,14.877472,117.895599
131734.573764,159.410355,15.010284,117.787170
131734.615056,159.405685,14.979370,118.025375
131734.656348,159.503510,14.942368,118.019028
131734.697642,159.335144,15.033722,117.666351
131734.738931,159.348007,14.916199,117.869949
131734.780219,159.301102,14.944382,117.557999
131734.821508,159.479996,14.867188,117.629364
131734.862796,159.514145,14.877762,117.415405
131734.904084,159.186737,14.759003,117.525070
131734.945374,159.187225,14.810669,117.336700
131734.986664,159.380280,14.841507,117.619141
131735.027953,159.222305,15.018753,117.746017
131735.069241,159.307602,15.070236,118.127609
131735.110529,159.343765,15.237122,118.245361
131735.151819,159.273468,15.200684,118.311859
131735.193108,159.208221,15.253937,118.062042
131735.234397,159.239044,14.969360,118.114487
131735.275685,159.357681,15.353104,118.074524
131735.316974,159.313156,14.980835,117.849808
131735.358262,159.379837,15.260208,117.529526
131735.399551,159.362152,15.389694,117.485382
131735.440840,159.233521,15.177582,117.474976
131735.482128,159.332230,15.152786,117.489746
131735.523419,159.365372,15.044113,116.992416
131735.564709,159.431305,14.882126,117.475143
131735.605998,159.149170,15.074829,117.594955
131735.647288,159.306961,14.992661,117.507523
131735.688577,159.460571,14.853912,117.762421
131735.729868,159.342560,14.946793,117.505829
131735.771162,159.300308,14.975906,117.405304
131735.812454,159.237885,15.115768,117.641724
131735.853745,159.473373,15.050842,117.787704
131735.895035,159.262711,15.093506,117.252396
131735.936328,159.077271,15.054962,117.795166
131735.977622,159.205338,15.185562,117.783051
131736.018916,159.295349,15.044830,117.485901
131736.060208,159.453430,15.056076,117.699554
131736.101502,159.240356,15.154221,117.560852
131736.142796,159.303848,15.000198,117.857849
131736.184092,159.320557,14.926926,117.814911
131736.225384,159.180359,15.117233,117.950272
131736.266673,159.199142,14.881668,117.986679
131736.307962,159.272369,15.027496,117.770752
131736.349252,159.230057,14.901703,118.018845
131736.390544,159.113068,15.320831,118.007538
131736.431834,159.351059,14.907532,117.896515
131736.473124,159.330917,15.156586,117.677551
131736.514415,159.333466,14.949448,117.891083
131736.555705,159.185272,15.158630,117.783524
131736.596997,159.202194,14.999924,117.740311
131736.638287,159.241486,15.092514,117.452332
131736.679575,159.194733,15.163589,117.364456
131736.720864,159.325455,14.988007,117.706497
131736.762156,159.147827,14.786438,117.660934
131736.803447,159.214462,14.796494,117.661453
131736.844737,159.030106,15.022034,117.552612
131736.886028,159.166397,15.192688,117.472534
131736.927321,159.028412,14.980652,118.026901
131736.968609,158.943848,14.972565,118.011398
131737.009899,159.293518,15.004990,117.846634
131737.051189,159.287415,15.228317,117.606644
131737.092479,159.084213,15.280487,117.529922
131737.133767,158.992188,15.351669,117.942551
131737.175054,159.258270,15.249222,117.784164
131737.216341,159.344849,15.327820,117.944046
131737.257627,159.317719,15.127075,118.151764
131737.298913,159.301025,15.071625,118.237564
131737.340202,159.368484,15.178299,117.625732
131737.381489,159.323654,14.995697,117.762024
131737.422776,159.328217,14.960602,117.841797
131737.464066,159.352783,14.969589,117.681091
131737.505354,159.021118,15.025330,117.988098
131737.546644,159.076889,15.181839,117.944107
131737.587935,159.372421,14.969406,118.061401
131737.629226,159.040588,15.087921,118.081482
131737.670519,159.073639,15.245224,118.063263
131737.711808,159.213593,15.256943,117.877472
131737.753101,159.230682,15.019562,117.876038
131737.794390,159.200821,15.115341,118.187531
131737.835681,159.231903,14.836899,117.947922
131737.876971,159.152496,15.227127,117.844742
131737.918264,159.426300,14.871521,117.857574
131737.959555,159.358246,15.025162,118.076599
131738.000848,159.216431,14.966904,118.089859
131738.042141,159.298569,15.026505,117.941971
131738.083431,159.300430,14.705048,117.667343
131738.124720,159.391602,14.752243,118.074203
131738.166013,159.158020,14.848297,117.668503
131738.207304,159.023392,14.844009,117.731308
131738.248593,159.246140,14.729813,117.824249
131738.289884,159.240997,14.774811,118.002289
131738.331174,159.450912,14.922729,118.144989
131738.372463,159.637009,14.925522,118.239395
131738.413754,159.527466,14.832123,117.897064
131738.455045,159.720718,15.035034,118.002991
131738.496336,159.673782,15.095123,117.804779
131738.537626,159.695572,14.873810,117.941040
131738.578916,159.813507,14.941483,117.985001
131738.620204,159.791061,14.824860,117.996277
131738.661494,159.438187,14.982849,117.709808
131738.702784,159.386765,15.013947,117.778381
131738.744075,159.662872,15.090729,117.764084
131738.785366,159.521103,14.791077,118.024628
131738.826656,159.519226,14.835114,117.742966
131738.867946,159.628799,14.948792,117.903122
131738.909235,159.555374,15.175201,117.808105
131738.950522,159.651611,14.992020,117.981171
131738.991811,159.426346,15.197998,117.798218
131739.033099,159.454361,15.186111,117.554001
131739.074390,159.465057,15.282089,117.878189
131739.115680,159.623947,15.171112,117.620605
131739.156968,159.335297,15.143539,117.581711
131739.198256,159.494751,15.134674,117.665771
131739.239545,159.371674,15.109970,117.750000
131739.280834,159.327393,14.934311,117.739517
131739.322123,159.069534,15.239777,118.041519
131739.363412,159.382843,15.186234,117.883331
131739.404701,159.260757,15.281662,118.151657
131739.445990,159.311234,15.258713,118.051956
131739.487277,159.176910,15.210938,118.162949
131739.528567,159.267258,15.283600,117.837006
131739.569858,159.350632,15.401535,117.607498
131739.611147,159.508728,15.312851,117.780930
131739.652435,159.207199,15.308258,117.580704
131739.693725,159.400864,15.296021,117.611374
131739.735015,159.334534,15.067368,117.431015
131739.776302,159.306000,15.337524,117.812195
131739.817592,159.160828,15.277878,117.605759
131739.858881,159.169418,15.461380,117.587540
131739.900172,159.161560,15.113525,117.474213
131739.941465,159.322067,15.228455,117.427658
131739.982754,159.282944,15.203033,117.736923
131740.024042,159.244873,15.178024,117.596924
131740.065334,159.029343,15.165039,117.825226
131740.106623,159.100662,15.180435,117.874573
131740.147911,159.246414,15.170135,117.837112
131740.189203,159.317703,14.977905,117.798264
131740.230494,159.351547,15.207123,117.947235
131740.271783,159.286896,15.112427,117.868271
131740.313073,159.257202,15.328339,117.508438
131740.354362,159.249115,15.187851,117.564606
131740.395654,159.303482,15.198166,117.514481
131740.436946,159.200882,15.016708,117.331741
131740.478238,159.201050,15.020172,117.409103
131740.519529,159.255157,15.114456,117.587738
131740.560822,159.093704,15.129501,117.816376
131740.602114,159.372696,14.876251,117.858780
131740.643406,159.335831,15.015015,117.879578
131740.684698,159.493225,14.993393,117.699997
131740.725989,159.341599,15.170624,117.828369
131740.767281,159.314880,15.002319,117.292694
131740.808574,159.507568,14.967468,117.569672
131740.849866,159.317444,14.955902,117.511017
131740.891155,159.296600,15.183975,117.875748
131740.932445,159.158264,15.023956,117.624741
131740.973735,159.308060,14.946747,117.259644
131741.015025,159.338013,14.987228,117.453964
131741.056315,159.426514,15.009018,117.568466
131741.097604,159.534760,14.807755,117.872742
131741.138894,159.352493,14.852081,117.652496
131741.180183,159.473480,14.706055,117.393951
131741.221473,159.295456,14.718811,117.628143
131741.262763,159.472153,14.891876,117.821136
131741.304054,159.478775,14.775558,117.896591
131741.345343,159.337036,15.171509,117.696777
131741.386634,159.582794,14.705444,117.839584
131741.427928,159.586258,15.026993,118.057159
131741.469221,159.580826,14.812393,117.770187
131741.510513,159.413467,15.028152,117.697586
131741.551807,159.615433,14.897110,117.849594
131741.593098,159.683044,14.972275,117.860794
131741.634390,159.577042,14.879257,117.941803
131741.675681,159.531403,14.870804,117.618896
131741.716975,159.608063,14.821655,117.941666
131741.758266,159.522827,14.814499,117.853394
131741.799557,159.759659,14.992188,117.468903
131741.840848,159.463165,14.862228,117.512344
131741.882137,159.476440,14.687042,117.755692
131741.923426,159.423187,15.206146,117.671204
131741.964716,159.297272,15.029190,118.019943
131742.006004,159.228119,15.070755,117.715683
131742.047291,159.399460,15.024734,117.704514
131742.088578,159.304749,14.914917,117.520081
131742.129865,159.505569,14.978714,117.569946
131742.171154,159.557281,14.777679,117.983063
131742.212443,159.378830,15.014999,117.619446
131742.253732,159.426331,14.750259,117.574341
131742.295022,159.300446,14.841965,117.756622
131742.336311,159.311813,14.695862,117.753357
131742.377602,159.467377,14.773895,117.731140
131742.418895,159.413773,14.757843,118.002319
131742.460187,159.454773,14.727524,117.741043
131742.501478,159.511292,14.740448,118.046555
131742.542767,159.340408,14.716339,117.945465
131742.584056,159.347336,14.854263,117.946014
131742.625343,159.109283,14.934402,117.295609
131742.666632,159.416656,14.725281,117.685776
131742.707920,159.538513,14.765717,117.487335
131742.749206,159.636353,14.630432,117.813217
131742.790494,159.643234,14.577301,117.503403
131742.831781,159.705353,14.478119,117.694107
131742.873069,159.530884,14.680344,117.787033
131742.914360,159.468948,14.656845,117.528778
131742.955649,159.424255,14.568710,117.822784
131742.996934,159.479172,14.415771,117.635925
131743.038220,159.419540,14.734711,117.693695
131743.079508,159.353317,14.655136,117.533844
131743.120794,159.405838,14.640289,117.738525
131743.162078,159.385010,14.540604,118.064255
131743.203364,159.426254,14.681793,117.976028
131743.244650,159.419846,14.686676,117.712753
131743.285935,159.438583,14.691833,117.714417
131743.327223,159.473923,14.809509,117.860626
131743.368512,159.426636,14.720703,117.813141
131743.409799,159.528717,14.762741,117.512558
131743.451087,159.528244,15.036865,117.643295
131743.492376,159.311935,14.764557,117.567215
131743.533665,159.523468,14.854507,117.588516
131743.574951,159.498749,14.493607,117.577087
131743.616234,159.383789,14.893143,117.467148
131743.657521,159.388885,14.803024,117.624405
131743.698810,159.460373,14.541153,117.797470
131743.740097,159.397690,14.757858,117.966934
131743.781386,159.331711,14.815735,117.895584
131743.822675,159.431396,14.801620,118.035080
131743.863966,159.359894,14.932327,117.464981
131743.905256,159.405991,15.014114,117.683868
131743.946547,159.341553,15.115967,117.849442
131743.987837,159.244888,14.780350,117.902740
131744.029127,159.331833,14.963913,117.692932
131744.070418,159.447174,14.927521,117.525284
131744.111712,159.452240,14.732635,117.805817
131744.153004,159.401230,14.878571,117.613556
131744.194297,159.242538,14.716888,117.783981
131744.235588,159.228714,14.706894,117.744385
131744.276877,159.314194,14.870132,117.609421
131744.318170,159.476791,14.778152,117.699921
131744.359461,159.347488,14.815567,117.551956
131744.400753,159.150345,14.911087,117.892792
131744.442045,159.099258,14.936691,117.965271
131744.483336,159.180420,15.030533,117.637741
131744.524626,159.305725,14.764786,117.582672
131744.565917,159.449081,14.756790,117.752914
131744.607204,159.151093,14.944595,117.877319
131744.648495,159.366104,14.617172,117.708725
131744.689785,159.268921,14.928360,117.351532
131744.731074,159.443558,14.762253,117.448196
131744.772366,159.365601,14.616714,117.923904
131744.813656,159.292526,14.781158,117.792068
131744.854947,159.347000,14.634415,117.831314
131744.896237,159.221085,14.775696,117.798538
131744.937529,159.342560,14.646332,117.845322
131744.978821,159.203629,14.769104,118.246323
131745.020111,159.498886,14.655701,118.287476
131745.061401,159.249329,14.839508,117.853867
131745.102692,159.355820,14.975174,118.010574
131745.143983,159.526489,14.819916,117.841690
131745.185275,159.581055,14.635773,117.657379
131745.226564,159.274719,14.982941,117.688309
131745.267855,159.463577,14.966141,117.870346
131745.309145,159.349686,14.757843,117.805176
131745.350435,159.439423,14.977631,117.430084
131745.391725,159.464569,14.625366,117.978333
131745.433013,159.325195,14.940521,117.881226
131745.474302,159.267899,14.697250,117.578705
131745.515592,159.340790,14.804108,117.722092
131745.556884,159.331192,14.936264,117.641006
131745.598174,159.152008,14.908737,117.519348
131745.639465,159.318054,14.996399,117.398483
131745.680755,159.361389,15.110229,117.579437
131745.722047,159.456161,15.006989,117.664032
131745.763340,159.412674,15.068085,117.579254
131745.804628,159.250397,15.163269,118.032745
131745.845918,159.186081,15.245758,118.012482
131745.887208,159.436279,15.090179,117.720398
131745.928500,159.308945,15.073578,118.181839
131745.969790,159.397552,15.220306,117.821274
131746.011080,159.383667,14.980789,117.919037
131746.052367,159.391281,15.061295,117.596268
131746.093655,159.321701,14.842728,117.943878
131746.134944,159.281708,15.007950,117.933105
131746.176233,159.311279,14.985321,118.100159
131746.217522,159.338242,14.904068,117.840973
131746.258812,159.192642,14.966660,118.012375
131746.300102,159.429108,14.855133,117.629807
131746.341393,159.515900,14.939133,117.870789
131746.382685,159.344910,14.994141,117.755280
131746.423976,159.447540,14.904297,117.875305
131746.465268,159.294449,15.068405,117.783066
131746.506559,159.372208,15.011581,117.735992
131746.547848,159.575058,15.046036,117.947296
131746.589140,159.544601,14.808029,117.809921
131746.630432,159.628265,14.859085,117.803284
131746.671724,159.428284,14.697556,117.850494
131746.713016,159.354080,14.752777,117.999588
131746.754307,159.373764,14.824036,117.805511
131746.795599,159.385010,15.043091,117.877274
131746.836891,159.324188,14.979065,117.701294
131746.878183,159.254074,14.918289,117.658249
131746.919474,159.232697,15.082840,118.188110
131746.960765,159.209488,14.936371,118.016891
131747.002055,159.495285,15.037292,118.046600
131747.043345,159.366028,14.975342,118.308334
131747.084637,159.349197,15.102478,118.032196
131747.125927,159.271362,14.955917,117.827042
131747.167216,159.296082,14.996170,117.788147
131747.208506,159.335739,15.044098,117.766022
131747.249798,159.212982,14.968842,117.962814
131747.291090,159.229324,14.824890,117.673126
131747.332379,159.408844,14.888077,117.801987
131747.373669,159.366211,14.969498,118.020569
131747.414958,159.351501,14.764404,118.069901
131747.456248,159.503647,14.731247,118.171753
131747.497539,159.396988,14.771774,118.254700
131747.538828,159.372345,14.599762,118.052658
131747.580117,159.368073,14.682312,117.895645
131747.621406,159.565750,14.791473,117.836929
131747.662697,159.314423,14.790359,117.868393
131747.703985,159.553009,14.763321,117.606735
131747.745274,159.451385,14.915741,117.591492
131747.786561,159.327332,14.788651,117.939056
131747.827852,159.370544,14.759705,117.837357
131747.869144,159.380661,14.753510,117.785187
131747.910434,159.415115,14.661789,117.757858
131747.951725,159.404831,14.670105,117.976166
131747.993015,159.228226,14.621765,117.789902
131748.034305,159.653076,14.722717,117.903870
131748.075596,159.290314,14.799393,117.850204
131748.116885,159.268753,14.589890,117.994263
131748.158173,159.325439,14.780685,118.238144
131748.199464,159.351974,14.827576,117.840347
131748.240753,159.657150,14.691223,117.894562
131748.282040,159.573257,14.498856,118.014603
131748.323328,159.541656,14.599533,117.889999
131748.364615,159.442688,14.914551,117.934891
131748.405906,159.587097,14.918076,117.572372
131748.447198,159.525528,14.998093,117.363617
131748.488492,159.461121,14.867126,117.766846
131748.529785,159.599762,14.881790,117.697159
131748.571077,159.815796,14.849091,117.945038
131748.612367,159.659500,14.812912,117.574387
131748.653654,159.583633,14.703461,118.032562
131748.694943,159.624634,14.655807,117.630173
131748.736234,159.381943,14.666824,117.744736
131748.777528,159.427567,14.757553,117.975983
131748.818819,159.539261,14.560516,118.111282
131748.860109,159.446014,14.831848,117.865234
131748.901398,159.398117,14.893188,118.275330
131748.942688,159.464264,14.826187,118.277481
131748.983977,159.485718,14.953308,117.670776
131749.025265,159.365433,14.833450,117.667816
131749.066551,159.481415,14.990570,117.742676
131749.107839,159.239624,14.923706,118.194824
131749.149126,159.650497,14.748734,118.251816
131749.190413,159.302444,14.834183,117.825150
131749.231703,159.391251,14.749237,118.054718
131749.272992,159.380081,14.752106,118.044296
131749.314280,159.143295,14.811630,118.565079
131749.355569,159.275818,14.770538,118.255524
131749.396858,159.160904,14.843140,118.322784
131749.438150,159.361679,14.755844,118.241669
131749.479441,159.558823,14.766357,117.881378
131749.520732,159.414764,14.646927,117.988815
131749.562025,159.462067,14.436234,118.018265
131749.603318,159.569153,14.613083,118.144775
131749.644611,159.364777,14.636475,117.983780
131749.685904,159.589081,14.658508,118.265121
131749.727192,159.517273,14.613525,118.054977
131749.768478,159.421829,14.684937,118.397659
131749.809763,159.322388,14.600327,118.128876
131749.851052,159.440674,14.667328,118.548447
131749.892341,159.139755,14.634521,117.929382
131749.933628,159.362350,14.731339,118.356796
131749.974917,159.526550,14.843658,118.120026
131750.016203,159.283234,14.824036,118.196915
131750.057494,159.372238,14.767014,118.308167
131750.098783,159.260925,14.806412,117.997452
131750.140074,159.417892,14.975433,118.165237
131750.181360,159.417435,14.869156,118.131912
131750.222648,159.362549,15.102448,118.135406
131750.263935,159.499313,15.087967,118.142593
131750.305224,159.253235,14.699142,118.246735
131750.346514,159.196060,14.912033,118.619934
131750.387804,159.369888,14.682266,118.250381
131750.429091,159.375656,14.736969,118.212402
131750.470379,159.477478,14.907318,118.649857
131750.511668,159.338425,14.811218,118.322632
131750.552958,159.260590,14.749313,118.497604
131750.594247,159.409515,14.811447,118.252365
131750.635536,159.410736,14.807053,118.645142
131750.676826,159.554688,14.878403,118.184784
131750.718112,159.374619,15.090118,118.047455
131750.759398,159.289703,14.990692,118.197006
131750.800686,159.506027,14.829544,118.057327
131750.841976,159.570908,14.874573,117.987915
131750.883267,159.686066,14.923737,118.132538
131750.924560,159.541916,14.911133,118.074173
131750.965851,159.777267,14.712784,118.043594
131751.007143,159.832031,14.476120,118.211990
131751.048434,159.681396,14.652740,118.237656
131751.089725,159.952530,14.509872,118.057404
131751.131013,159.809479,14.795593,118.151840
131751.172303,159.672745,14.938385,118.764999
131751.213593,159.611237,14.629044,118.223801
131751.254883,159.516113,14.748978,118.486420
131751.296173,159.691956,14.863571,118.406815
131751.337464,159.945038,14.703384,118.060059
131751.378753,159.816010,14.867828,118.214157
131751.420046,159.751434,14.819366,118.266281
131751.461335,159.765198,14.586655,118.190506
131751.502625,159.667313,14.737549,117.994293
131751.543916,159.699463,14.877243,117.840103
131751.585207,159.870148,14.677917,117.743423
131751.626498,159.779388,14.542877,118.119400
131751.667785,159.679993,14.729385,118.009064
131751.709075,159.551865,14.790894,117.849121
131751.750364,159.745758,14.465088,118.110352
131751.791654,159.619659,14.614868,118.220474
131751.832944,159.698090,14.609955,118.022202
131751.874232,159.881119,14.690094,117.843781
131751.915518,159.654114,14.647186,117.848633
131751.956805,160.080139,14.513245,117.868744
131751.998093,159.851669,14.832855,118.012207
131752.039383,159.919617,14.655380,118.128586
131752.080672,159.863953,14.600922,118.186722
131752.121963,159.849731,14.721771,117.921951
131752.163252,159.832703,14.583618,117.816238
131752.204543,159.755341,14.560532,117.587067
131752.245835,159.855255,14.434402,117.588333
131752.287127,159.672913,14.498566,117.954315
131752.328419,159.584320,14.553864,118.268692
131752.369711,159.608749,14.603867,117.929474
131752.411004,159.457169,14.630127,117.879700
131752.452296,159.637115,14.623581,118.185104
131752.493588,159.478912,14.648941,117.961365
131752.534880,159.636459,14.602188,118.114502
131752.576173,159.356354,14.763458,117.982651
131752.617465,159.449677,14.744141,117.827087
131752.658759,159.431534,14.707581,118.091660
131752.700054,159.498993,14.703568,117.937958
131752.741348,159.678238,14.966858,117.608978
131752.782641,159.584213,14.978607,117.915207
131752.823934,159.565979,14.760696,117.973221
131752.865228,159.643219,14.688110,117.951782
131752.906519,159.627045,14.782761,117.853210
131752.947810,159.671173,14.784256,117.783173
131752.989101,159.597992,14.679871,117.834839
131753.030390,159.472031,14.673309,118.203308
131753.071682,159.326813,14.699524,117.969772
131753.112975,159.391830,14.966095,118.210739
131753.154267,159.513443,15.032257,118.211075
131753.195557,159.320480,14.793503,117.875000
131753.236847,159.318604,14.926468,118.310059
131753.278135,159.383011,14.869553,118.053757
131753.319425,159.332397,15.033401,117.974533
131753.360715,159.631424,14.839188,117.963974
131753.402003,159.616943,14.884872,117.639175
131753.443294,159.649353,14.732483,117.933670
131753.484582,159.560715,14.823730,118.207397
131753.525871,159.450943,14.685440,117.979507
131753.567161,159.430328,14.824936,117.785767
131753.608452,159.541992,14.700378,117.975174
131753.649744,159.313904,14.908768,118.068817
131753.691035,159.447479,14.707031,117.983307
131753.732326,159.398331,15.042801,118.102554
131753.773619,159.338058,14.926315,117.832153
131753.814914,159.441925,14.884079,117.971893
131753.856208,159.456146,14.687820,117.913040
131753.897502,159.483414,14.944046,117.966827
131753.938796,159.530472,14.922012,117.870667
131753.980089,159.808701,14.629288,117.674774
131754.021382,159.448242,14.628922,118.018692
131754.062675,159.556488,14.733917,118.149185
131754.103970,159.390808,14.750946,118.095459
131754.145265,159.466385,14.697693,117.929138
131754.186559,159.434860,14.684509,117.870300
131754.227853,159.402740,14.761581,117.793274
131754.269144,159.477524,14.673218,118.082291
131754.310435,159.587311,14.862808,117.996948
131754.351728,159.390869,14.987411,118.096893
131754.393020,159.388306,14.846695,117.949402
131754.434313,159.539566,15.037613,117.971634
131754.475606,159.484055,14.864243,117.778549
131754.516897,159.514984,14.928619,117.828278
131754.558187,159.570679,14.695694,117.732819
131754.599478,159.751419,14.906952,117.664108
131754.640769,159.584366,14.732101,118.001450
131754.682060,159.544617,14.823944,118.040695
131754.723351,159.421539,14.837341,117.556427
131754.764645,159.533218,14.851700,117.541870
131754.805938,159.464478,14.962234,117.587051
131754.847229,159.614548,14.903152,117.918503
131754.888522,159.327682,14.972763,117.656769
131754.929813,159.553513,14.770721,117.754608
131754.971102,159.471573,14.815491,117.708008
131755.012393,159.438965,14.699539,117.941849
131755.053683,159.325485,15.049515,117.659378
131755.094972,159.398621,14.807693,117.892746
131755.136263,159.651520,14.849594,117.790268
131755.177551,159.400131,14.933914,117.747162
131755.218841,159.440567,14.728714,117.622086
131755.260131,159.562897,14.770065,117.693832
131755.301422,159.379059,14.760223,117.684662
131755.342713,159.360962,14.824356,117.949738
131755.384003,159.662903,14.746368,117.592606
131755.425292,159.491348,15.089035,117.661896
131755.466583,159.383713,14.777390,117.957901
131755.507874,159.436295,14.773209,117.803360
131755.549164,159.525650,14.756195,118.101151
131755.590452,159.520584,14.833694,118.024918
131755.631743,159.365845,14.936035,118.008347
131755.673032,159.388840,14.773560,117.974594
131755.714321,159.553345,14.804077,117.532913
131755.755608,159.598709,14.877319,117.869629
131755.796897,159.605606,14.891220,117.880920
131755.838185,159.644989,14.893219,117.696014
131755.879476,159.792725,14.940720,117.789505
131755.920765,159.337906,14.973602,117.662170
131755.962054,159.413513,14.753815,117.749237
131756.003340,159.320297,14.817780,117.881805
131756.044631,159.377457,14.765121,117.926483
131756.085920,159.437347,14.810562,117.915482
131756.127208,159.243011,15.000946,117.867218
131756.168495,159.354248,14.946182,117.896194
131756.209785,159.305847,15.027634,117.682068
131756.251073,159.575882,14.832535,117.515656
131756.292363,159.535736,14.970230,117.742615
131756.333653,159.476822,14.958664,117.888596
131756.374944,159.519897,14.781265,117.894928
131756.416235,159.560501,14.973328,117.868454
131756.457526,159.672791,14.814392,117.648987
131756.498819,159.460754,14.935181,117.677048
131756.540110,159.398987,14.617538,117.944916
131756.581402,159.324631,14.805847,117.708603
131756.622693,159.182343,14.769562,117.914398
131756.663983,159.190598,14.966553,118.183167
131756.705272,159.294128,14.972443,117.807648
131756.746563,159.451462,14.825821,117.589020
131756.787852,159.351410,14.772812,118.064880
131756.829141,159.403000,14.836182,118.390015
131756.870428,159.403488,14.968994,117.989182
131756.911716,159.500305,14.877792,118.028122
131756.953006,159.318054,14.924561,117.905594
131756.994296,159.363480,14.900238,117.996780
131757.035585,159.276993,15.187546,117.814743
131757.076874,159.348602,14.919907,117.773270
131757.118163,159.524231,14.979645,117.433731
131757.159452,159.472305,15.099380,117.783020
131757.200743,159.328918,15.020752,117.578354
131757.242032,159.397003,14.799606,117.720825
131757.283321,159.375992,14.867172,117.696259
131757.324608,159.068375,14.848740,117.817566
131757.365894,159.166336,14.905716,117.985977
131757.407179,159.387299,14.940338,117.974655
131757.448466,159.326996,14.704651,118.077179
131757.489755,159.514862,14.762039,118.192276
131757.531044,159.528687,14.825378,118.037369
131757.572333,159.583481,14.691254,117.752930
131757.613621,159.546799,14.747986,117.927292
131757.654909,159.724182,14.851135,117.536835
131757.696195,159.767151,14.418259,117.675034
131757.737482,159.638809,14.865829,117.979141
131757.778769,159.583176,14.677551,117.707962
131757.820055,159.505249,14.512970,117.784195
131757.861343,159.592468,14.550705,117.860611
131757.902630,159.725525,14.536926,117.803040
131757.943918,159.451859,14.720261,117.601456
131757.985207,159.627655,14.563004,117.868469
131758.026495,159.544785,14.441101,117.855331
131758.067783,159.548523,14.664383,117.992645
131758.109073,159.614914,14.732422,117.830933
131758.150364,159.489090,14.851685,117.965042
131758.191655,159.455338,14.754837,117.789124
131758.232944,159.657013,14.621094,117.746872
131758.274233,159.658966,14.652725,117.554886
131758.315521,159.532272,14.688141,117.421646
131758.356808,159.393326,14.637543,117.545135
131758.398095,159.479462,14.653030,117.632111
131758.439380,159.603165,14.436661,117.646667
131758.480666,159.630356,14.695099,117.421677
131758.521955,159.491058,14.696625,117.434570
131758.563245,159.480881,14.535812,117.760788
131758.604533,159.506653,14.695190,117.601654
131758.645820,159.511581,14.619263,117.881027
131758.687108,159.651855,14.723389,117.557297
131758.728395,159.611938,14.619080,117.693253
131758.769682,159.599365,14.649231,117.611588
131758.810968,159.723343,14.507721,117.382507
131758.852254,159.831329,14.457794,117.619858
131758.893541,159.669449,14.522125,117.465912
131758.934829,159.554779,14.829849,117.431595
131758.976116,159.721085,14.625778,117.174500
131759.017402,159.768219,14.652893,117.584442
131759.058689,159.626648,14.529312,117.757248
131759.099981,159.505890,14.692688,117.645905
131759.141270,159.651779,14.410583,117.799805
131759.182557,159.372833,14.669998,117.696960
131759.223847,159.425064,14.579468,117.817215
131759.265138,159.564163,14.571411,118.026337
131759.306426,159.369629,14.872574,117.904755
131759.347715,159.313446,14.906616,117.827377
131759.389003,159.390625,14.887848,117.844315
131759.430291,159.573364,14.815369,117.617401
131759.471579,159.491058,14.556931,117.604370
131759.512866,159.569016,14.693802,117.459549
131759.554153,159.447952,14.546707,117.814438
131759.595440,159.499405,14.881897,117.383972
131759.636728,159.610550,14.646469,117.666763
131759.678016,159.603378,14.819702,117.596603
131759.719305,159.490067,14.608307,117.622421
131759.760595,159.427078,14.802902,117.558441
131759.801883,159.560059,14.763733,117.729919
131759.843171,159.545471,14.456772,118.042313
131759.884457,159.446930,14.649933,117.881378
131759.925742,159.558762,14.611542,117.802307
131759.967030,159.523544,14.642776,117.690323
131760.008320,159.532059,14.654694,117.854431
131760.049611,159.437454,14.672089,117.780334
131760.090903,159.457230,14.605713,117.733505
131760.132194,159.628281,14.683823,117.627991
131760.173482,159.550766,14.645096,117.665604
131760.214773,159.441376,14.676773,117.601669
131760.256061,159.302597,14.491699,117.839355
131760.297348,159.622223,14.527725,117.592682
131760.338638,159.713928,14.669327,117.688507
131760.379926,159.494720,14.655075,117.246246
131760.421212,159.703339,14.575378,117.780060
131760.462502,159.657227,14.461609,117.848389
131760.503794,159.501022,14.426971,117.767014
131760.545087,159.297287,14.745880,117.920914
131760.586376,159.609818,14.390839,117.307877
131760.627667,159.784866,14.411057,117.324310
131760.668958,159.685333,14.603241,117.230972
131760.710248,159.529984,14.596344,117.479233
131760.751539,159.770721,14.701004,117.204910
131760.792830,159.872711,14.543976,117.198807
131760.834117,159.731964,14.579102,117.115784
131760.875408,159.561661,14.711166,117.439697
131760.916695,159.784256,14.574646,117.415375
131760.957988,159.677811,14.603989,117.180145
131760.999284,159.712936,14.805771,117.305801
131761.040578,159.558090,14.870743,117.239044
131761.081870,159.556534,14.622406,117.359451
131761.123167,159.475037,14.591125,117.571243
131761.164461,159.734726,14.703156,117.490387
131761.205752,159.559387,14.779037,117.234085
131761.247046,159.630341,14.893875,117.386368
131761.288340,159.743683,14.835510,117.473175
131761.329632,159.682495,14.745255,117.288681
131761.370925,159.465805,14.830536,117.348206
131761.412218,159.561676,14.996811,117.553833
131761.453513,159.824615,14.742798,117.341797
131761.494807,159.769012,14.741837,117.362976
131761.536104,159.822678,14.833084,117.370605
131761.577399,159.911346,14.521942,117.438889
131761.618694,159.777374,14.840897,117.570374
131761.659987,159.607971,14.792343,117.637024
131761.701282,159.623322,14.629593,117.616882
131761.742575,159.687424,14.960297,117.645813
131761.783868,159.534256,14.973312,117.581161
131761.825158,159.772873,14.584274,117.379684
131761.866450,159.943527,14.881332,117.490326
131761.907740,159.678131,14.778885,117.236038
131761.949031,159.560501,14.766754,117.620621
131761.990324,159.780273,14.579391,117.483170
131762.031615,159.671234,14.726807,117.082275
131762.072908,159.489655,14.724625,117.124451
131762.114200,159.378754,14.757874,117.178360
131762.155494,159.549667,14.790955,117.264893
131762.196786,159.371613,14.658508,117.553268
131762.238076,159.504486,14.854996,117.075912
131762.279367,159.491379,14.898590,117.578491
131762.320658,159.506516,14.802475,117.298660
131762.361950,159.406601,14.755051,117.519211
131762.403240,159.355804,14.973999,117.560928
131762.444532,159.618286,14.713196,117.151810
131762.485823,159.477539,14.802856,117.464188
131762.527114,159.485413,14.965714,117.450134
131762.568406,159.551254,14.882462,117.880737
131762.609697,159.753830,15.031815,117.404007
131762.650988,159.681808,14.978287,117.477341
131762.692281,159.556046,14.899673,117.298477
131762.733574,159.610687,14.841125,117.392151
131762.774867,159.632339,14.812988,117.474991
131762.816160,159.384354,14.731400,117.480957
131762.857454,159.581451,14.755280,117.464478
131762.898747,159.722031,14.738159,117.713715
131762.940040,159.624023,14.629501,117.870422
131762.981334,159.476074,14.760223,117.899384
131763.022627,159.470383,14.943573,117.528900
131763.063920,159.644623,14.784897,117.740494
131763.105213,159.667160,14.893555,117.430710
131763.146505,159.546417,14.776932,117.387604
131763.187796,159.714035,14.706726,117.101669
131763.229086,159.635529,14.904022,117.202087
131763.270376,159.829819,14.581375,117.344086
131763.311666,159.649368,14.793488,117.640213
131763.352956,159.697617,14.800888,117.343353
131763.394246,159.544647,14.820175,117.524536
131763.435534,159.477875,14.841690,117.863480
131763.476822,159.495132,14.731689,117.466980
131763.518112,159.382614,14.848328,117.872787
131763.559401,159.553238,14.743073,117.773666
131763.600689,159.569763,14.761063,117.766281
131763.641977,159.555176,14.826202,117.609436
131763.683266,159.546097,14.795868,117.652405
131763.724557,159.469467,14.808487,117.495499
131763.765845,159.432526,14.975403,117.362106
131763.807135,159.663559,14.840546,116.997986
131763.848425,159.540558,14.856873,117.208191
131763.889713,159.571701,14.677826,117.424896
131763.931000,159.569870,14.728790,117.236145
131763.972286,159.564346,14.816757,117.509399
131764.013572,159.373947,14.831940,117.707535
131764.054861,159.559784,14.811172,117.473053
131764.096149,159.521988,14.697815,117.437027
131764.137437,159.398712,14.692535,117.954422
131764.178725,159.404419,14.811844,118.009033
131764.220016,159.484833,14.913727,117.924057
131764.261310,159.717117,14.796494,117.755554
131764.302607,159.514877,14.918106,117.873535
131764.343900,159.305878,14.899323,117.943161
131764.385192,159.569153,15.000732,117.949173
131764.426483,159.383820,15.011795,117.618011
131764.467775,159.339432,14.865814,117.544022
131764.509065,159.397003,15.030731,117.470169
131764.550354,159.481781,14.975525,117.650314
131764.591644,159.424179,14.831909,117.707230
131764.632934,159.613373,14.792648,117.925659
131764.674225,159.638977,14.646988,117.887360
131764.715514,159.645752,14.859863,117.874573
131764.756806,159.447891,14.734650,117.635284
131764.798097,159.430740,14.855545,118.020355
131764.839389,159.658417,14.903336,118.170883
131764.880679,159.659012,14.840073,118.037003
131764.921972,159.632050,14.845779,117.788147
131764.963262,159.556976,14.767914,118.009003
131765.004554,159.670700,14.834610,118.062912
131765.045844,159.710175,14.964569,118.101959
131765.087136,159.772430,14.832977,117.678940
131765.128429,159.677200,14.836899,117.935593
131765.169720,159.744888,14.780533,117.668701
131765.211011,159.638138,14.641830,117.726318
131765.252302,159.435791,14.510971,117.803467
131765.293593,159.799835,14.677032,117.642227
131765.334883,159.473404,14.560135,117.641464
131765.376173,159.655334,14.642914,117.716736
131765.417461,159.720734,14.517960,117.713699
131765.458752,159.722565,14.737076,117.774948
131765.500043,159.600067,14.652908,118.141022
131765.541333,159.783340,15.012222,118.101715
131765.582624,159.653503,14.851761,118.112534
131765.623916,159.402252,14.768753,117.688843
131765.665206,159.448532,14.696579,117.581909
131765.706495,159.466125,14.788498,117.615387
131765.747785,159.463562,14.761246,117.696579
131765.789073,159.468109,14.707184,117.628021
131765.830362,159.388504,14.660706,117.524597
131765.871652,159.621658,14.499420,117.606873
131765.912943,159.482956,14.693130,117.776001
131765.954232,159.304367,14.726608,117.735611
131765.995522,159.241531,14.743500,117.673264
131766.036811,159.441879,14.702560,117.871017
131766.078101,159.527649,14.700928,118.100815
131766.119391,159.410065,15.082825,117.876755
131766.160680,159.458923,14.577225,117.944199
131766.201969,159.518463,14.732239,117.892273
131766.243259,159.534149,14.646805,118.014145
131766.284549,159.420364,14.680405,117.955780
131766.325838,159.542252,14.600388,118.068207
131766.367126,159.497849,14.579666,117.714737
131766.408411,159.398254,14.556656,117.829559
131766.449698,159.325348,14.499847,117.707565
131766.490989,159.484406,14.664932,118.011826
131766.532282,159.583862,14.421158,117.823242
131766.573572,159.429047,14.694778,117.873352
131766.614862,159.423492,14.635773,117.961884
131766.656149,159.074814,14.859772,118.236755
131766.697435,159.182312,14.959763,118.025314
131766.738726,159.352310,14.558945,118.104706
131766.780017,159.661697,14.696304,117.873260
131766.821308,159.609467,14.806198,118.015900
131766.862601,159.688217,14.972733,117.865707
131766.903890,159.398117,14.750443,117.898499
131766.945180,159.238434,14.883423,117.584778
131766.986467,159.368912,14.690582,117.901627
131767.027757,159.250305,14.721375,117.684647
131767.069047,159.352478,14.813858,117.833862
131767.110334,159.289001,14.752609,117.798187
131767.151622,159.415131,14.627899,117.958130
131767.192910,159.324127,14.540054,117.965607
131767.234197,159.447861,14.686188,118.069611
131767.275484,159.366669,14.632874,118.192429
131767.316772,159.279648,14.823212,118.070129
131767.358059,159.504242,14.689423,117.876877
131767.399347,159.525299,14.555679,118.098465
131767.440636,159.475510,14.808075,117.583313
131767.481928,159.362000,14.541061,118.189407
131767.523217,159.334610,14.821106,118.083466
131767.564508,159.542740,14.702881,117.786163
131767.605796,159.707321,14.757736,118.010269
131767.647086,159.482269,14.750122,117.856873
131767.688375,159.564377,14.725891,118.115280
131767.729665,159.535370,14.757492,118.102371
131767.770952,159.438370,14.757935,118.048538
131767.812239,159.591492,14.543137,118.103470
131767.853527,159.409012,14.614914,117.970840
131767.894814,159.254883,14.680328,118.262589
131767.936100,159.427490,14.753006,117.901581
131767.977385,159.304733,14.817886,117.965683
131768.018671,159.381409,14.817993,117.824402
131768.059959,159.527588,14.832947,117.866364
131768.101249,159.364334,14.645218,118.002579
131768.142541,159.583038,14.648346,117.988220
131768.183831,159.851532,14.621750,117.998672
131768.225122,159.553055,14.633560,118.029236
131768.266414,159.704697,14.545090,118.105545
131768.307706,159.536453,14.633041,118.130844
131768.348997,159.485397,14.701172,118.012161
131768.390286,159.463455,14.738953,118.037933
131768.431575,159.479965,14.830780,117.901550
131768.472865,159.488800,14.875076,117.866516
131768.514154,159.506561,14.970810,118.019928
131768.555444,159.725266,14.816589,117.802322
131768.596734,159.545074,14.808304,117.937668
131768.638023,159.656647,14.961990,118.036301
131768.679311,159.572800,14.974945,117.897293
131768.720600,159.500885,14.824097,117.948196
131768.761887,159.473373,14.820740,117.950302
131768.803177,159.388641,15.095001,117.909775
131768.844464,159.497635,15.075668,117.719345
131768.885751,159.378326,14.867844,117.717941
131768.927037,159.350510,14.819672,117.914032
131768.968323,159.494034,14.825668,118.081589
131769.009611,159.576508,14.810043,117.989609
131769.050897,159.411713,14.817276,117.840759
131769.092184,159.493134,14.653351,118.059402
131769.133468,159.796097,14.769180,118.102646
131769.174754,159.560318,14.835815,117.918243
131769.216041,159.629074,14.872711,118.194000
131769.257324,159.569748,14.999252,118.183945
131769.298610,159.599289,14.842819,117.814041
131769.339894,159.540878,14.876190,118.062881
131769.381180,159.723633,14.691681,118.005417
131769.422465,159.632156,14.643250,117.946915
131769.463752,159.848572,14.671036,117.693512
131769.505041,159.708328,14.796387,117.674118
131769.546328,159.734772,14.810730,117.661530
131769.587614,159.532654,14.832428,117.814423
131769.628902,159.532440,14.566116,117.846405
131769.670191,159.772446,14.668106,117.969177
131769.711478,159.426682,14.989136,117.953171
131769.752766,159.659988,14.717270,118.171631
131769.794053,159.506210,14.721710,118.085144
131769.835341,159.563828,14.813583,117.987854
131769.876629,159.457001,14.935806,117.784256
131769.917918,159.660217,14.810364,118.016922
131769.959203,159.633240,14.725403,117.980545
131770.000490,159.800354,14.754974,117.782806
131770.041779,159.561493,14.830612,117.363571
131770.083064,159.523941,14.822769,117.559799
131770.124351,159.475327,14.818390,117.600769
131770.165637,159.502640,14.584473,117.369446
131770.206920,159.290878,14.873306,117.600220
131770.248204,159.300354,15.018814,117.768387
131770.289489,159.410019,14.783249,118.088242
131770.330776,159.323868,14.909454,117.995804
131770.372061,159.323502,14.900757,118.153275
131770.413348,159.412857,15.028030,118.051453
131770.454633,159.367416,15.011429,118.027191
131770.495919,159.628571,14.860855,118.026352
131770.537206,159.566879,14.792572,117.934311
131770.578491,159.437241,14.848022,117.677231
131770.619778,159.275803,15.168747,117.739090
131770.661064,159.530075,14.841537,117.604614
131770.702351,159.370316,14.907974,117.519608
131770.743639,159.515854,14.910660,117.622238
131770.784926,159.566528,14.737564,117.606262
131770.826216,159.516342,14.970139,117.751007
131770.867505,159.278229,14.709900,117.607391
131770.908795,159.561890,14.866623,117.961243
131770.950082,159.405182,14.670624,117.951584
131770.991371,159.287369,14.954941,117.682800
131771.032660,159.174881,14.791855,117.838211
131771.073949,159.473770,14.869980,117.850449
131771.115238,159.380142,14.926193,117.669617
131771.156528,159.243973,15.035950,117.904877
131771.197817,159.317596,15.039215,117.761093
131771.239104,159.425461,14.702164,117.796463
131771.280390,159.328400,15.032013,117.582901
131771.321676,159.396652,15.010468,117.998779
131771.362961,159.387970,14.777435,117.834442
131771.404245,159.232407,14.913513,117.893311
131771.445531,159.462402,14.583893,117.530319
131771.486818,159.377350,14.771210,117.717010
131771.528102,159.508835,14.727081,118.041183
131771.569388,159.423294,14.836853,117.754547
131771.610675,159.508087,14.704681,117.766922
131771.651962,159.337997,14.952103,117.867889
131771.693249,159.528824,14.682343,117.984329
131771.734534,159.460739,14.893845,117.567902
131771.775818,159.690231,14.820404,117.584991
131771.817100,159.809601,14.798584,117.533035
131771.858387,159.720703,14.740250,117.618011
131771.899673,159.819214,14.960907,117.763748
131771.940957,159.641846,14.912079,117.387299
131771.982242,159.559692,14.880981,117.563583
131772.023528,159.656204,14.831177,118.041046
131772.064815,159.534531,14.697144,117.479446
131772.106102,159.480621,14.930099,117.834259
131772.147389,159.767685,14.772476,117.798615
131772.188676,159.414505,14.926407,118.024612
131772.229963,159.494858,14.819870,117.950470
131772.271248,159.525726,15.184326,117.977234
131772.312534,159.389618,14.836075,117.884323
131772.353819,159.593857,15.016266,117.606644
131772.395104,159.645905,14.981857,117.800461
131772.436392,159.810974,14.903275,117.601074
131772.477679,159.878937,14.926437,118.073364
131772.518968,160.090790,14.900452,117.564880
131772.560256,159.948898,14.791718,117.738724
131772.601545,159.789154,15.025452,117.453949
131772.642833,159.683960,14.920074,117.662262
131772.684120,159.721024,14.919479,117.872055
131772.725409,159.685028,14.941910,117.884583
131772.766699,159.635666,15.017685,117.603409
131772.807987,159.662186,14.833450,118.011276
131772.849273,159.712769,14.917755,117.939880
131772.890563,159.671234,14.868790,118.218460
131772.931852,159.646591,14.904129,118.012634
131772.973138,159.643112,14.933517,117.825516
131773.014426,159.645416,14.830338,117.934631
131773.055714,159.575043,14.983109,117.851761
131773.097003,159.658249,14.902359,118.110107
131773.138293,159.778687,15.047928,117.798813
131773.179583,159.468582,15.100937,117.870758
131773.220874,159.546341,14.985519,117.746262
131773.262162,159.613007,14.889954,117.609116
131773.303450,159.481827,14.913071,117.734909
131773.344740,159.669159,14.827194,117.850861
131773.386028,159.735794,14.764587,117.730225
131773.427318,159.753281,14.687866,118.032822
131773.468609,159.791718,14.825958,117.947479
131773.509898,159.536972,14.812622,118.101929
