128814.091483,142.758209,10.554565,122.400131
128814.132779,143.216980,10.257507,122.321457
128814.174075,142.888397,10.182358,122.534225
128814.215369,142.712936,10.248901,122.495590
128814.256663,142.766342,10.180038,122.394653
128814.297955,142.836868,9.945541,122.391800
128814.339245,142.643066,10.061111,122.348969
128814.380538,142.554382,9.922012,122.292007
128814.421831,142.734131,10.003159,122.261551
128814.463122,142.911057,9.848709,122.028839
128814.504414,142.971146,9.782822,122.277695
128814.545706,143.287277,9.626129,122.181046
128814.586998,143.082901,9.675201,122.516647
128814.628292,142.976379,10.024155,122.303879
128814.669587,143.106476,9.851868,122.306396
128814.710880,143.094543,10.199142,122.064438
128814.752173,143.280334,9.942612,122.221130
128814.793468,143.138092,10.073608,122.429794
128814.834761,143.185272,9.797485,122.305115
128814.876054,142.963470,9.785812,122.283127
128814.917347,142.996429,10.040115,121.963882
128814.958641,143.053635,9.873184,122.049332
128814.999933,143.013657,9.776428,122.101578
128815.041225,142.960022,9.884567,121.912598
128815.082517,143.009338,9.877274,122.081146
128815.123809,143.130081,9.920914,122.253052
128815.165100,143.279434,9.931732,122.208176
128815.206394,143.241714,9.774323,122.268387
128815.247687,143.127686,9.781998,122.289383
128815.288980,143.197128,9.831802,122.557739
128815.330271,142.983353,9.894287,122.278397
128815.371564,143.259583,9.732361,122.460480
128815.412857,143.111862,9.844925,122.302414
128815.454147,143.039658,9.718781,122.308685
128815.495438,143.094131,9.948303,122.087097
128815.536728,143.128540,9.971436,122.037552
128815.578022,143.027527,9.989822,121.942276
128815.619316,143.078354,9.834198,122.118698
128815.660610,143.211090,9.800613,121.824585
128815.701904,143.140930,9.663788,121.703201
128815.743199,143.082092,9.702576,122.015167
128815.784494,143.197327,9.736649,122.010895
128815.825786,143.158340,9.851730,122.131699
128815.867078,143.188568,9.906036,122.026581
128815.908370,143.197510,9.981247,122.102036
128815.949666,143.369263,9.855850,122.377991
128815.990960,143.336533,9.915619,122.381851
128816.032253,143.142242,9.980713,122.212524
128816.073547,143.060745,9.739655,122.034683
128816.114840,143.154739,9.783615,122.293243
128816.156135,143.206467,9.803833,122.251526
128816.197430,143.088242,9.977386,122.359406
128816.238724,143.017075,9.936203,122.277420
128816.280016,143.044479,9.833771,122.317566
128816.321308,142.973145,9.995239,122.101395
128816.362600,142.976334,9.974197,122.060913
128816.403893,143.253036,9.839111,122.458954
128816.445183,143.054245,9.993256,122.545105
128816.486478,143.352020,9.845459,122.292206
128816.527774,143.253128,9.815338,122.436874
128816.569069,143.495667,9.717926,122.392273
128816.610363,143.231659,10.120148,122.449966
128816.651656,143.172501,9.993622,122.732666
128816.692948,143.114365,10.136459,122.491714
128816.734240,143.175903,10.176682,122.562576
128816.775531,143.196899,9.932266,122.482758
128816.816823,143.270660,10.057922,122.598907
128816.858116,143.268677,9.752533,122.126190
128816.899411,143.249359,9.811768,122.188004
128816.940706,143.157196,9.974075,122.472961
128816.981998,143.184540,9.909485,122.113861
128817.023291,143.217377,9.864792,122.367111
128817.064584,143.191422,9.802338,122.301224
128817.105875,143.330933,9.965378,122.340149
128817.147164,143.350235,9.826111,122.468506
128817.188455,143.300980,9.874390,122.357697
128817.229748,143.112411,10.077438,122.327728
128817.271042,143.346298,9.944397,122.379349
128817.312335,142.930786,10.072495,122.169006
128817.353629,143.051315,9.801422,122.402710
128817.394924,143.134232,9.983002,122.027725
128817.436218,143.286148,9.672958,122.331512
128817.477510,143.123260,9.828186,122.626785
128817.518802,143.192459,9.849472,122.132828
128817.560092,143.202042,9.718216,122.121811
128817.601381,143.203369,9.737747,122.559036
128817.642672,143.034302,9.922028,122.200851
128817.683964,143.360489,9.656540,122.312195
128817.725257,143.322815,9.652634,122.298355
128817.766550,143.435532,9.767334,122.663803
128817.807844,143.585999,9.648041,122.288544
128817.849136,143.467590,9.763092,122.270432
128817.890429,143.243668,9.929749,122.368622
128817.931723,143.213501,10.132584,122.724319
128817.973016,143.283066,9.814163,122.341644
128818.014309,143.172409,9.875214,122.435730
128818.055602,143.388962,9.766922,122.585648
128818.096896,143.019409,9.720490,122.403198
128818.138188,143.168259,9.770187,121.868668
128818.179483,143.017426,9.798340,122.334885
128818.220778,143.199203,9.779922,121.881439
128818.262071,143.032883,9.975159,122.192734
128818.303364,143.081818,9.791656,122.346436
128818.344655,142.946350,10.106522,122.517792
128818.385943,142.957367,10.002151,122.147537
128818.427234,143.081360,10.093826,122.219513
128818.468527,143.132019,9.921814,122.217514
128818.509823,143.291687,9.794876,122.611801
128818.551118,142.957092,9.910385,122.416992
128818.592414,143.032364,9.754272,122.542007
128818.633707,142.965851,9.820587,122.312042
128818.675001,143.007095,9.768250,122.323868
128818.716294,143.038040,9.694077,122.500351
128818.757586,142.887573,9.922165,122.373840
128818.798881,142.857376,9.797333,122.045563
128818.840174,142.764664,9.993881,121.935318
128818.881466,142.932816,9.765930,122.250732
128818.922759,142.980469,10.003860,121.949570
128818.964056,142.954742,9.806259,122.419296
128819.005351,142.908005,9.801147,122.482788
128819.046648,142.904312,9.970200,122.630096
128819.087945,142.746414,9.930069,122.368851
128819.129240,142.818054,10.262375,122.459274
128819.170536,142.732086,9.961182,122.742340
128819.211830,142.956146,9.781693,122.436386
128819.253124,142.949356,9.762512,122.325134
128819.294419,142.945312,10.000839,122.275208
128819.335716,142.917191,9.721725,122.137283
128819.377009,143.027008,9.721909,122.334167
128819.418304,142.978546,9.650208,122.391983
128819.459600,142.941406,9.944916,122.471619
128819.500894,143.056488,9.812027,122.332687
128819.542191,143.198776,9.840851,122.305786
128819.583483,143.171295,9.822113,122.126450
128819.624777,143.202255,9.851685,122.626129
128819.666070,143.074692,10.057281,122.475174
128819.707362,142.958771,10.100861,122.548965
128819.748653,142.934647,9.943649,122.438644
128819.789945,143.180389,9.857086,122.863251
128819.831237,143.090240,9.883652,122.604767
128819.872526,142.929550,9.876663,122.755768
128819.913817,142.833771,9.893066,122.949066
128819.955107,142.992340,9.931610,122.545166
128819.996399,142.878479,10.018570,123.070389
128820.037693,142.979370,9.871262,123.059265
128820.078988,142.924301,9.924118,122.800217
128820.120281,143.029770,10.040176,122.733765
128820.161577,142.902130,9.844696,122.749893
128820.202873,143.099716,9.673035,122.602020
128820.244165,143.079788,9.841629,122.762497
128820.285460,142.972870,9.857071,122.962051
128820.326755,143.128067,9.979126,122.780319
128820.368050,143.251038,9.818222,123.145447
128820.409343,143.199371,9.667297,122.623901
128820.450635,143.169617,9.808624,123.139954
128820.491930,143.158112,9.774033,122.521469
128820.533224,142.974533,9.882095,122.512131
128820.574517,143.060028,9.615158,122.465515
128820.615811,143.046951,9.490463,122.514099
128820.657106,142.816223,9.565704,122.532974
128820.698399,142.742126,9.563950,122.564926
128820.739691,143.063889,9.744370,122.272690
128820.780984,143.142776,9.835846,122.573090
128820.822279,143.109009,9.888321,122.619843
128820.863573,143.067673,9.982254,122.373016
128820.904869,143.035324,10.161026,122.535904
128820.946165,143.078751,10.211517,122.562866
128820.987460,143.009567,10.028702,122.911057
128821.028756,143.139786,10.124268,122.458908
128821.070049,143.094360,10.043427,122.448868
128821.111344,142.835220,10.333496,122.479004
128821.152639,143.254272,9.995819,122.433029
128821.193937,143.216904,10.209305,122.430023
128821.235231,143.170685,9.792435,122.328644
128821.276526,142.909943,9.790634,122.400070
128821.317820,143.117157,9.869751,122.677094
128821.359117,143.148422,9.825424,122.636658
128821.400414,142.991196,9.807297,122.542404
128821.441710,142.952377,9.934036,122.470657
128821.483006,143.015396,9.845276,122.464005
128821.524299,142.793823,9.958435,122.691162
128821.565593,142.942078,10.012817,122.674149
128821.606887,142.862625,10.090729,122.679855
128821.648180,143.035065,10.061722,122.477951
128821.689475,143.120544,9.881042,122.548187
128821.730770,142.957367,9.991104,122.514130
128821.772064,142.927872,10.062714,122.214249
128821.813360,142.917618,10.267792,122.505966
128821.854652,142.951416,9.888687,122.350052
128821.895948,142.863007,10.019531,122.610214
128821.937245,143.042938,9.776184,122.551605
128821.978541,142.987152,10.066055,122.332367
128822.019838,143.159851,9.911102,122.230331
128822.061135,142.930695,10.120132,122.690887
128822.102431,143.297195,9.723312,122.218033
128822.143726,143.135818,9.958084,122.276520
128822.185023,143.095520,10.016144,122.310532
128822.226316,143.055588,10.149582,122.373459
128822.267610,143.167130,10.081345,122.615265
128822.308905,143.122620,9.924576,122.419205
128822.350200,143.085403,9.785904,122.273788
128822.391496,143.118759,9.995804,122.426651
128822.432794,143.006195,9.827454,122.212997
128822.474092,142.838089,9.910934,122.254913
128822.515391,142.980133,9.733093,122.552734
128822.556689,142.983932,9.889648,122.612320
128822.597983,142.928223,9.970291,122.307495
128822.639277,143.197937,9.782944,122.247040
128822.680572,143.125732,9.812912,122.614578
128822.721869,142.847382,9.987259,122.560303
128822.763167,143.018707,10.024780,122.750732
128822.804464,143.091309,10.086655,122.662445
128822.845760,142.944580,10.148346,122.350342
128822.887056,143.073669,9.909393,122.499649
128822.928349,142.972961,10.250885,122.753616
128822.969643,143.125153,10.239059,122.371475
128823.010938,142.990189,10.092361,122.428375
128823.052234,142.890945,10.205246,122.310486
128823.093529,142.973846,10.042236,122.173615
128823.134822,142.898483,10.056366,122.223145
128823.176113,142.906036,10.173019,122.258392
128823.217406,142.930344,9.982132,122.134964
128823.258703,143.080475,9.970703,122.268509
128823.299998,143.083298,9.880966,122.412140
128823.341295,143.056717,9.807190,122.421265
128823.382590,142.990051,10.151703,122.514130
128823.423885,143.285187,10.194336,122.560562
128823.465181,142.999390,10.099869,122.523453
128823.506479,143.125320,10.239456,122.691925
128823.547777,143.032562,10.150269,122.527924
128823.589076,143.016159,10.231705,122.378082
128823.630375,142.965302,10.275909,122.796417
128823.671673,142.724594,10.288391,122.621948
128823.712967,142.933640,10.231186,122.414383
128823.754265,142.961655,10.006134,122.535370
128823.795560,142.909775,10.097244,122.648193
128823.836854,142.874512,10.049362,122.375168
128823.878148,143.004288,9.972168,122.419220
128823.919444,143.060349,9.732742,122.471176
128823.960741,143.215027,9.981110,122.662598
128824.002038,143.160919,9.876831,122.523758
128824.043334,142.999237,9.953720,122.454117
128824.084632,143.178284,10.133850,122.489319
128824.125929,142.969162,9.926086,122.259338
128824.167225,142.904861,10.116974,122.717636
128824.208522,142.990585,9.950500,122.536423
128824.249818,142.933121,9.897385,122.502853
128824.291117,142.827805,9.931946,122.371307
128824.332416,142.942307,9.799164,122.507065
128824.373715,142.837921,9.809082,122.333527
128824.415013,142.734009,9.859268,122.555374
128824.456310,142.720154,10.100876,122.400528
128824.497606,142.557190,9.986069,122.510468
128824.538905,142.776077,9.817047,122.615356
128824.580202,142.768158,10.047638,122.696899
128824.621498,142.785538,9.856323,122.573746
128824.662793,142.751114,10.004013,123.035522
128824.704088,142.794968,10.045837,122.530350
128824.745382,142.771973,9.980377,122.772781
128824.786675,142.819946,9.845444,122.752151
128824.827970,142.790253,9.980453,122.654175
128824.869262,142.858810,10.099899,122.424713
128824.910558,142.776047,9.966949,122.519073
128824.951855,142.849930,9.997665,122.300079
128824.993152,142.976929,9.828552,122.356857
128825.034445,142.804031,9.978775,122.341095
128825.075738,142.731369,9.924210,122.528122
128825.117033,142.748779,10.005264,122.634750
128825.158329,142.829834,9.870224,122.464264
128825.199624,142.682495,9.902191,122.836533
128825.240919,143.067993,9.638779,122.945648
128825.282213,142.982361,10.049240,122.672226
128825.323506,142.774185,9.882584,122.573441
128825.364800,142.971909,9.971939,122.613525
128825.406093,142.990906,10.088348,122.932510
128825.447387,142.941345,10.148117,122.640686
128825.488679,142.904892,9.786560,122.574860
128825.529971,142.989258,10.258469,122.414017
128825.571265,142.772293,10.111420,122.413391
128825.612561,142.941895,9.900085,122.510971
128825.653856,142.795044,9.890549,122.293091
128825.695149,142.815170,9.852158,122.567245
128825.736440,142.923019,9.763687,122.261459
128825.777733,142.982727,9.817429,122.686050
128825.819025,142.783768,9.753448,122.630539
128825.860316,142.894241,9.813370,122.817154
128825.901610,142.715591,9.940048,122.705734
128825.942904,142.938629,9.675659,122.842117
128825.984201,142.957565,10.133469,122.674042
128826.025496,142.930466,10.028275,122.688278
128826.066790,143.094742,9.851334,122.290222
128826.108085,142.933243,9.847046,122.432953
128826.149379,142.976822,9.780930,122.394653
128826.190674,142.817688,9.852600,122.427444
128826.231966,142.868179,9.991150,122.664536
128826.273260,142.909302,10.037750,122.594269
128826.314553,142.676926,10.029419,122.643295
128826.355845,142.882599,9.869995,122.406128
128826.397140,142.940491,10.189713,122.411636
128826.438433,143.053604,9.826904,122.338821
128826.479724,142.787918,10.323990,122.506821
128826.521017,142.966293,9.886566,122.436111
128826.562312,143.093704,9.931778,122.778458
128826.603606,143.045364,10.013321,122.572418
128826.644901,143.013718,9.948639,122.818008
128826.686197,143.078522,10.129990,122.595657
128826.727493,142.787766,10.007812,122.684891
128826.768789,142.774200,10.046921,122.781616
128826.810082,142.786362,10.147690,122.930618
128826.851377,142.900635,10.087296,122.754120
128826.892672,142.804092,9.999771,122.411743
128826.933966,142.785568,9.985596,123.021469
128826.975260,142.889404,9.821503,123.025696
128827.016554,142.869263,9.867645,122.732300
128827.057848,142.877853,10.081223,122.937820
128827.099140,142.743225,10.039734,123.069000
128827.140432,142.792709,9.958649,122.710846
128827.181726,143.176697,10.094574,122.868576
128827.223023,142.802139,9.946823,122.530533
128827.264318,142.877808,10.083511,122.716766
128827.305615,142.802063,9.922272,122.856430
128827.346911,143.177216,9.809982,122.366074
128827.388207,143.119980,9.678040,122.701828
128827.429502,143.048538,9.803467,122.115219
128827.470799,143.156418,9.744080,122.814102
128827.512095,142.878967,9.682953,122.581726
128827.553392,142.942047,9.738037,122.621643
128827.594686,143.107285,9.691650,122.676270
128827.635981,143.124542,9.848343,122.848862
128827.677277,143.208420,9.602814,122.805862
128827.718577,143.105255,9.899765,122.997940
128827.759874,143.073593,10.063751,122.989899
128827.801171,142.859589,9.864395,122.772797
128827.842469,142.910126,9.819977,122.564621
128827.883766,143.056671,9.973923,122.968719
128827.925063,143.057327,9.814667,122.728256
128827.966360,142.785675,9.925568,122.625259
128828.007657,142.957672,10.003967,122.525848
128828.048951,142.798767,9.893890,122.423416
128828.090246,142.819199,9.972122,122.546387
128828.131542,142.658875,10.027267,122.861252
128828.172837,142.571320,9.988663,122.706299
128828.214133,142.732224,9.916397,122.596649
128828.255430,142.895569,9.990021,122.544968
128828.296727,142.800568,10.040405,122.657120
128828.338024,142.624954,10.031235,122.828262
128828.379318,142.898621,10.229660,122.892319
128828.420616,142.664703,10.036743,122.846268
128828.461912,142.916016,10.042419,122.685730
128828.503207,142.728119,10.093475,122.223572
128828.544502,142.909668,9.995636,122.816086
128828.585796,142.710342,10.113098,123.024490
128828.627090,142.894516,10.156143,122.565567
128828.668386,142.724930,9.925262,122.731369
128828.709681,142.782959,9.889526,122.561340
128828.750974,142.776779,9.753937,122.403290
128828.792267,143.075470,9.672256,122.573013
128828.833562,142.881653,10.017548,122.603546
128828.874853,142.940735,9.743362,122.514755
128828.916148,142.865448,9.784088,122.844406
128828.957441,143.016785,9.755707,122.659622
128828.998735,143.305206,9.840942,122.823395
128829.040032,142.854034,9.867569,122.464218
128829.081327,143.034943,9.963303,122.368195
128829.122622,142.782318,10.018814,122.466751
128829.163916,142.934967,9.880539,122.416382
128829.205212,143.047211,9.963547,122.400284
128829.246508,143.098816,9.987335,122.559235
128829.287803,142.713257,10.032837,122.746506
128829.329099,142.947906,9.884689,122.435165
128829.370395,142.813538,9.747208,122.289230
128829.411692,142.797867,9.778793,122.394516
128829.452990,142.739395,9.970627,122.395645
128829.494286,143.177292,9.810226,122.523865
128829.535581,142.751907,10.075684,122.853271
128829.576876,142.787659,10.055862,122.668793
128829.618170,142.838287,9.990707,122.801529
128829.659466,142.981491,9.984451,122.680923
128829.700763,143.063736,9.994995,122.305862
128829.742060,143.080948,9.873917,122.270859
128829.783358,143.120636,9.952087,122.271011
128829.824655,142.911713,10.067276,122.501419
128829.865952,142.794525,9.960922,122.616211
128829.907248,142.783737,9.831223,122.234848
128829.948544,142.673538,9.903885,122.275024
128829.989839,142.648956,9.823822,122.604996
128830.031136,142.632507,10.055176,122.510452
128830.072430,142.814453,9.771652,122.523697
128830.113722,142.680237,10.022385,122.862457
128830.155015,142.801422,10.041794,123.048782
128830.196307,142.972229,10.107986,122.327759
128830.237602,142.818222,9.774460,122.676819
128830.278901,142.961212,10.133682,122.610687
128830.320196,142.923615,10.140305,122.538269
128830.361493,142.774643,9.938583,122.454102
128830.402790,142.833176,10.255692,122.790405
128830.444086,142.892685,10.020905,122.541687
128830.485381,142.778152,10.180313,122.310425
128830.526680,142.956055,9.829407,122.389053
128830.567978,142.844925,9.885239,122.263809
128830.609277,142.793091,9.782654,122.355469
128830.650574,142.759796,10.075790,122.538956
128830.691871,142.567108,10.399979,122.594574
128830.733167,142.659515,10.060394,122.836334
128830.774462,142.740189,9.975159,122.529404
128830.815759,142.764984,10.403259,122.700806
128830.857056,142.979080,10.241760,122.652527
128830.898349,142.990143,10.237289,122.709259
128830.939640,142.987305,10.055450,122.442245
128830.980932,142.941345,10.134735,122.809052
128831.022226,142.823196,10.109344,122.804703
128831.063518,142.799545,10.108871,122.509384
128831.104812,142.823792,10.059158,122.529938
128831.146104,142.724991,9.947464,122.692947
128831.187399,142.759247,9.921387,122.429840
128831.228694,142.701935,9.934662,122.111954
128831.269988,142.655334,9.873734,122.117752
128831.311283,142.644363,10.043884,122.382614
128831.352576,142.901794,9.847443,122.471619
128831.393871,142.776047,9.727829,122.354828
128831.435165,142.783737,9.841644,122.632950
128831.476462,142.784607,10.266510,122.595108
128831.517757,142.894226,9.898056,122.713013
128831.559053,142.984238,9.807632,122.526230
128831.600347,142.878098,10.011917,122.633667
128831.641640,142.971542,9.910049,122.415726
128831.682934,142.948959,9.995621,122.604401
128831.724227,142.872375,10.063248,122.496521
128831.765521,142.989532,10.088120,122.199234
128831.806814,143.009521,9.979584,122.318680
128831.848108,143.001266,10.166290,122.573929
128831.889403,142.949661,10.172531,122.753250
128831.930699,143.067184,10.073486,122.278732
128831.971993,142.871506,10.128021,122.374115
128832.013291,143.001541,9.973007,122.731659
128832.054584,143.049698,10.119080,122.964172
128832.095879,142.976517,10.058716,122.579971
128832.137172,143.037796,10.105026,122.734344
128832.178467,142.811493,10.184662,122.400024
128832.219763,142.911484,10.276825,122.735260
128832.261056,142.501190,10.209320,122.682846
128832.302350,142.786896,10.084518,122.792603
128832.343644,142.856613,10.166534,122.753418
128832.384938,142.723511,10.143448,122.717682
128832.426233,142.525696,10.176117,122.568954
128832.467526,142.616760,10.172470,122.813385
128832.508819,142.978699,10.029236,122.861618
128832.550112,142.982330,10.238052,122.686142
128832.591407,142.689026,10.241867,122.585678
128832.632703,142.657120,10.395416,122.692108
128832.674000,142.724564,10.259705,122.804733
128832.715295,142.663040,10.211990,122.897400
128832.756591,142.569901,10.361862,122.716003
128832.797887,142.882690,10.226517,122.794724
128832.839183,142.777283,10.506180,122.677750
128832.880477,142.757980,10.239212,122.800888
128832.921774,142.762039,10.102432,122.719574
128832.963069,142.563782,10.157028,122.507385
128833.004365,142.844315,10.124588,122.165375
128833.045662,142.467773,10.080475,122.517838
128833.086958,142.604996,10.250076,122.421799
128833.128254,142.617813,10.093338,122.559677
128833.169548,142.590668,10.055588,122.351349
128833.210844,142.691193,10.055664,122.895859
128833.252138,142.680725,10.092957,122.730988
128833.293432,142.687561,10.060257,122.833450
128833.334725,142.553421,10.183533,122.789154
128833.376022,142.632599,10.268234,122.575165
128833.417317,142.776413,10.401810,122.855667
128833.458613,142.609543,10.258026,122.726776
128833.499906,142.764557,10.358093,123.041367
128833.541196,142.918594,10.077560,122.963974
128833.582489,142.756210,10.417526,122.608673
128833.623780,142.646912,10.394028,122.719971
128833.665070,142.446014,10.299530,122.465591
128833.706362,142.429825,10.336212,122.593094
128833.747654,142.258163,10.469940,122.353714
128833.788946,142.546631,10.470413,122.680679
128833.830240,142.532852,10.365417,122.701767
128833.871533,142.559021,10.262131,122.960693
128833.912828,142.844223,10.201523,122.819153
128833.954124,142.685684,10.216904,122.887131
128833.995418,142.525497,10.273834,122.890106
128834.036713,142.418121,10.479599,122.624405
128834.078011,142.406082,10.299576,122.745865
128834.119309,142.605026,10.425476,122.639893
128834.160604,142.859070,10.173996,122.747757
128834.201898,142.659225,10.318192,122.761734
128834.243193,142.723816,10.398895,122.569595
128834.284489,142.719330,10.197601,122.743103
128834.325784,142.749802,9.932556,122.616409
128834.367078,142.591507,10.147354,122.844864
128834.408373,142.680450,10.082184,122.694443
128834.449667,142.526337,10.311234,122.763641
128834.490959,142.468582,10.206131,122.698700
128834.532251,142.569031,10.258926,123.061569
128834.573545,142.607269,10.152008,122.773636
128834.614838,142.850464,9.957016,122.972412
128834.656130,142.833817,10.064407,122.479858
128834.697422,142.851959,9.961884,122.628601
128834.738716,142.686554,10.205795,123.022934
128834.780011,142.685745,10.008560,122.710510
128834.821303,142.774353,10.132141,122.505417
128834.862597,142.677185,10.256592,122.800034
128834.903891,142.776901,9.930130,122.907288
128834.945183,142.711197,10.165894,122.495422
128834.986474,142.952942,9.988846,122.727295
128835.027765,142.919601,10.245911,122.406891
128835.069058,142.672424,10.240677,122.819199
128835.110352,142.786438,9.990204,122.395966
128835.151647,142.910202,10.121674,122.489532
128835.192939,142.849274,10.017319,122.407486
128835.234230,142.865143,10.063690,122.397659
128835.275522,142.964813,10.204315,122.606628
128835.316815,143.032135,10.219666,122.606400
128835.358111,142.690659,10.070694,122.669037
128835.399407,142.918213,9.922379,122.325012
128835.440701,142.721222,10.005569,122.414124
128835.481993,142.581207,10.157852,122.297760
128835.523285,142.906952,9.922745,122.437286
128835.564577,142.694855,10.007034,122.212524
128835.605869,142.560287,10.070038,122.347702
128835.647161,142.591309,10.003311,122.437408
128835.688454,142.803558,9.888260,122.700287
128835.729748,142.854752,9.910355,122.200348
128835.771041,142.712006,9.931595,122.626297
128835.812336,142.900894,9.921982,122.551636
128835.853631,143.002319,10.161133,122.220978
128835.894926,142.899719,10.124054,122.377914
128835.936222,142.802475,10.043228,122.189514
128835.977515,142.496750,10.243668,122.484314
128836.018808,142.595383,10.149673,122.621155
128836.060100,142.725800,9.938080,121.994873
128836.101395,142.644287,10.274170,122.574417
128836.142688,142.793182,10.295135,122.069397
128836.183980,142.495926,10.392075,122.126816
128836.225272,142.626816,9.868698,122.370224
128836.266567,142.693329,10.167313,122.193649
128836.307859,142.748627,10.069778,122.327866
128836.349150,142.574799,10.171555,122.125626
128836.390443,142.695099,10.132660,122.765625
128836.431735,142.708466,10.188538,122.629761
128836.473028,142.959625,10.201187,122.521011
128836.514322,142.599167,9.988693,122.629913
128836.555613,142.842712,10.026627,122.649780
128836.596904,142.834976,9.958923,122.713531
128836.638196,142.980118,9.912872,122.621353
128836.679490,142.743820,10.119125,122.351303
128836.720782,142.814285,10.020889,122.027786
128836.762079,142.851044,9.848557,122.035660
128836.803377,142.822525,10.046066,122.176407
128836.844671,142.751480,9.982422,122.223251
128836.885966,142.713928,9.991058,122.644699
128836.927261,142.707993,9.971451,122.493851
128836.968555,142.627945,10.193314,122.762146
128837.009849,142.600433,10.265625,122.566238
128837.051145,142.597931,10.246124,122.819870
128837.092441,142.864685,9.951691,122.825317
128837.133736,142.540573,10.229553,122.784302
128837.175031,142.924622,10.264496,122.949448
128837.216328,142.630814,10.447662,122.429520
128837.257624,142.659637,10.320160,122.386703
128837.298920,142.559357,10.360672,122.490768
128837.340213,142.777481,10.233566,122.236923
128837.381505,142.779648,10.091736,122.329346
128837.422795,142.744812,9.918640,122.257202
128837.464088,142.739151,9.991470,122.270096
128837.505382,142.684509,9.968857,122.298401
128837.546676,142.775970,10.125854,122.342407
128837.587969,142.834000,10.106339,122.531998
128837.629261,142.697769,10.063248,122.517441
128837.670551,142.803970,9.946823,122.601379
128837.711843,142.875610,10.097916,122.455856
128837.753138,142.717117,10.232956,122.405914
128837.794429,142.872162,10.006790,122.376389
128837.835721,142.746429,10.073318,122.381256
128837.877012,142.657410,9.968185,122.845963
128837.918304,142.658112,10.187790,122.417694
128837.959596,142.680237,10.084839,122.721466
128838.000885,142.722397,10.101135,122.753113
128838.042178,142.548065,9.966019,122.488937
128838.083470,142.756851,9.944382,122.467224
128838.124760,142.875549,9.832199,122.375641
128838.166053,142.904160,10.106720,122.199524
128838.207346,142.556229,10.042191,122.335419
128838.248643,142.751862,9.987320,122.474121
128838.289940,142.833817,9.892746,122.250015
128838.331236,142.621277,10.217102,122.814377
128838.372530,142.775696,9.987473,122.442108
128838.413825,142.841553,10.251541,122.240753
128838.455118,142.809067,10.260162,122.699738
128838.496412,142.899796,10.260284,122.241669
128838.537706,142.823395,10.147232,122.405960
128838.578999,142.844864,10.067017,122.665878
128838.620295,142.767822,10.120773,122.463669
128838.661591,142.610260,9.935989,122.187943
128838.702889,142.703903,9.928543,122.549622
128838.744182,142.814560,10.050751,122.503754
128838.785476,142.704636,9.927017,122.508942
128838.826772,142.703995,10.140244,122.640839
128838.868070,142.708725,10.189011,122.677277
128838.909367,142.888214,10.075699,122.530792
128838.950662,142.773666,10.204330,122.085022
128838.991956,142.641739,10.446945,122.489883
128839.033252,142.891296,10.543503,122.663284
128839.074548,142.778000,10.074005,122.507111
128839.115843,142.733673,10.219437,122.273849
128839.157138,142.826447,10.149826,122.397888
128839.198432,142.796585,10.253418,122.424042
128839.239726,142.587204,10.218048,122.415192
128839.281020,142.553986,10.177200,122.649139
128839.322313,142.876266,10.086090,122.575760
128839.363605,142.797989,10.059341,122.816772
128839.404898,142.790817,10.053192,122.596771
128839.446191,142.682266,10.070419,122.487946
128839.487482,142.622894,9.934402,122.601135
128839.528773,142.712524,10.013657,122.776260
128839.570066,142.643890,9.958786,122.942978
128839.611359,142.613358,10.211670,122.779984
128839.652650,142.800827,10.077591,122.990509
128839.693942,142.875885,10.069092,122.799576
128839.735233,142.752335,10.072174,122.700287
128839.776526,142.746338,10.097763,122.399170
128839.817817,142.777969,10.010681,122.948181
128839.859110,142.711716,9.944519,122.469147
128839.900401,142.567749,10.045059,122.738693
128839.941693,142.584442,9.945328,122.479691
128839.982987,142.486633,9.929581,122.454819
128840.024282,142.679901,9.983276,122.403137
128840.065576,142.580414,9.775192,122.480637
128840.106871,142.582153,9.922363,122.828323
128840.148167,142.776917,9.903061,122.816971
128840.189463,142.734482,10.047775,122.778793
128840.230757,142.495178,10.083908,122.956635
128840.272050,142.664230,9.920212,122.889313
128840.313341,142.759003,9.925613,122.535873
128840.354632,142.640762,10.239685,122.832336
128840.395924,142.829071,9.870407,122.631882
128840.437216,142.678238,10.064728,122.734299
128840.478510,142.691742,10.122467,122.828186
128840.519804,142.689438,10.087997,122.765625
128840.561098,142.632019,9.876556,122.948669
128840.602391,142.592865,9.822754,122.868042
128840.643685,142.635254,9.949219,122.871353
128840.684979,142.552505,9.826569,122.938110
128840.726272,142.673035,9.704147,122.765884
128840.767566,142.747406,9.799774,123.236282
128840.808858,142.765503,10.038803,123.146439
128840.850152,142.878754,10.002686,123.148804
128840.891442,142.784424,10.107986,123.109055
128840.932736,142.802902,10.079071,122.842407
128840.974033,142.762115,10.144775,122.794067
128841.015328,142.679947,10.262711,122.726471
128841.056625,142.806274,10.100601,122.728088
128841.097921,142.825653,10.341202,122.782959
128841.139217,142.747498,10.419296,122.727737
128841.180514,142.553925,10.056915,123.014725
128841.221810,142.629074,10.073196,123.065338
128841.263106,142.487427,10.263382,123.005096
128841.304403,142.700027,10.123566,122.738510
128841.345700,142.849182,10.011902,122.651855
128841.386995,142.806381,10.001556,123.043335
128841.428293,142.714157,10.198074,123.125107
128841.469589,142.622665,10.320435,123.084488
128841.510886,142.693375,10.243790,122.872528
128841.552184,142.620026,10.223160,122.754120
128841.593482,142.734879,10.355087,122.817413
128841.634776,142.934998,10.059052,122.797409
128841.676071,142.957199,10.163589,122.872101
128841.717365,142.615997,10.439667,122.830826
128841.758660,142.820755,10.022079,122.626144
128841.799953,142.627060,10.223389,122.923782
128841.841246,142.676529,9.976624,122.988480
128841.882540,142.913101,9.908630,122.611053
128841.923832,142.745667,10.205811,122.812363
128841.965126,143.021698,10.029602,122.480804
128842.006417,142.946320,10.161743,122.726151
128842.047709,142.967316,10.133972,123.046249
128842.089002,142.917419,10.000366,122.538269
128842.130296,142.876328,10.553009,122.769333
128842.171591,143.199966,10.223801,122.692688
128842.212885,142.853134,10.324890,123.037445
128842.254180,142.937515,10.080475,122.841492
128842.295477,142.878906,10.303558,122.636887
128842.336771,142.905807,10.071365,122.685211
128842.378067,142.820999,10.182938,122.843201
128842.419363,142.905563,10.327057,122.487854
128842.460657,142.817108,10.217865,122.567261
128842.501952,142.799469,10.062592,122.633331
128842.543247,142.661285,10.010696,122.728012
128842.584543,142.746231,10.137985,122.498581
128842.625839,142.876083,10.062836,122.482101
128842.667136,143.019745,10.065964,122.557373
128842.708430,142.899811,10.335434,122.696823
128842.749723,142.958130,10.272964,122.757034
128842.791017,142.998734,10.159042,122.893906
128842.832309,143.010742,10.114594,122.637741
128842.873603,142.931961,10.135117,122.625397
128842.914895,142.885254,10.344101,122.922104
128842.956191,142.931870,10.277328,122.393631
128842.997486,142.939056,10.025864,122.252029
128843.038779,142.744461,10.037994,122.672256
128843.080074,142.649094,10.411972,122.413177
128843.121367,142.568527,10.124130,122.585983
128843.162658,142.670197,10.313736,122.612473
128843.203949,142.981003,10.201889,122.542908
128843.245240,142.902542,10.307526,122.650330
128843.286532,142.926193,10.145920,122.500900
128843.327822,142.928711,10.341217,122.390076
128843.369114,142.789124,10.379745,122.523224
128843.410407,142.987854,10.205765,123.100525
128843.451700,142.857147,9.989090,122.807556
128843.492995,142.974960,10.086823,122.630966
128843.534290,142.896149,10.115173,122.246704
128843.575584,142.946213,10.234573,122.345200
128843.616881,142.886139,10.292587,122.359741
128843.658176,142.879303,10.082138,122.691071
128843.699472,142.804901,9.919983,122.188660
128843.740768,142.911240,9.917542,122.206497
128843.782062,143.076584,9.987274,121.946533
128843.823355,142.887573,9.850296,122.177994
128843.864649,142.808334,9.997787,122.280838
128843.905943,142.751694,9.961060,122.555084
128843.947238,142.787231,10.216202,122.247086
128843.988532,142.813553,10.129913,122.522995
128844.029826,142.803604,10.131180,122.457687
128844.071119,142.783524,10.226120,122.706726
128844.112412,142.871964,10.133530,122.356750
128844.153704,142.960266,10.235001,122.587631
128844.194997,143.139252,9.968811,122.369675
128844.236291,142.895538,10.010666,122.523132
128844.277583,142.895584,9.989548,122.454254
128844.318874,143.037354,10.188370,122.395004
128844.360168,143.147232,10.147675,122.071152
128844.401461,142.876511,10.126617,122.360077
128844.442754,143.033813,10.025116,122.169464
128844.484049,142.879242,9.991684,122.213425
128844.525342,143.223877,10.054764,122.672440
128844.566636,142.906433,10.299774,122.608215
128844.607930,143.034119,10.235672,122.439392
128844.649224,142.983734,10.344589,122.517914
128844.690518,142.990829,9.997864,122.112564
128844.731811,142.915649,10.186264,122.378815
128844.773104,143.148468,10.150208,122.501709
128844.814397,143.221329,10.135437,122.485474
128844.855691,142.904465,10.247833,122.289734
128844.896985,142.999939,10.283279,122.196014
128844.938279,142.791443,10.061096,122.317749
128844.979570,142.777328,10.049072,121.905502
128845.020862,142.924530,10.128693,122.246780
128845.062154,143.066559,10.124695,122.104706
128845.103447,142.812454,10.123398,122.060074
128845.144740,142.861862,10.035614,122.346024
128845.186030,142.885727,9.985748,122.301239
128845.227323,142.998047,10.223801,122.432709
128845.268614,142.838913,10.248962,122.253632
128845.309904,142.783676,10.417999,122.391663
128845.351194,142.845551,10.378723,122.448471
128845.392484,142.888885,10.272705,122.805374
128845.433774,142.892944,9.929794,122.510773
128845.475063,142.869965,10.016235,122.488022
128845.516353,142.836243,10.019577,122.484024
128845.557643,142.720718,9.929092,122.524811
128845.598935,142.929489,9.788193,122.713654
128845.640224,142.847305,10.038620,122.377716
128845.681516,142.594696,9.939499,122.319275
128845.722808,142.896072,9.936493,122.545212
128845.764101,142.799484,10.036819,122.294510
128845.805394,142.810318,9.910339,122.504059
128845.846686,142.915985,10.097855,122.459900
128845.887980,142.989334,9.987564,122.578247
128845.929275,143.042831,10.076584,122.457199
128845.970568,142.905228,10.089554,122.258743
128846.011861,142.845825,10.022018,122.207001
128846.053155,142.806473,10.019119,122.145950
128846.094449,142.805801,10.061737,122.257706
128846.135742,142.863434,9.918655,122.227005
128846.177036,143.035263,9.579636,122.343781
128846.218329,142.978699,9.989243,122.579071
128846.259618,142.980713,9.993286,122.233795
128846.300910,142.942764,9.889435,122.432114
128846.342202,142.882095,10.060928,122.327469
128846.383494,143.010910,9.961411,122.468994
128846.424788,142.954803,10.194336,122.498978
128846.466081,142.992371,10.024826,122.702698
128846.507375,142.892914,10.073166,122.614410
128846.548666,142.949829,10.021255,122.401093
128846.589958,142.790558,10.143234,122.842041
128846.631252,142.950607,10.017883,122.438858
128846.672544,142.871643,10.078781,122.477615
128846.713837,142.996536,9.938339,122.183060
128846.755130,142.858246,10.168274,122.173477
128846.796425,142.911316,9.890244,121.952118
128846.837718,142.961456,9.957687,122.487045
128846.879013,142.869751,9.971878,122.309357
128846.920307,142.875717,10.325623,122.220520
128846.961601,143.005417,10.047272,122.176025
128847.002893,142.984268,9.924286,122.492813
128847.044185,142.872742,9.923309,122.396957
128847.085476,143.023178,10.014389,122.152542
128847.126767,143.148148,10.137207,122.693192
128847.168058,142.949249,9.978287,122.545883
128847.209350,143.203583,9.959473,122.291245
128847.250643,142.998489,10.046188,122.244370
128847.291937,142.869308,9.945129,122.328156
128847.333232,142.814377,9.990219,122.241547
128847.374524,142.953201,9.990875,122.528137
128847.415814,142.996414,10.048309,122.248993
128847.457102,142.883698,9.905563,122.431366
128847.498392,142.966568,9.972229,122.284485
128847.539682,142.981415,9.972519,122.322723
128847.580971,142.891724,9.954971,122.282684
128847.622263,142.936203,10.028259,122.441589
128847.663557,143.053238,9.971161,122.713394
128847.704850,142.866348,10.039505,122.355499
128847.746143,142.981247,10.085510,122.382553
128847.787435,142.986160,10.236374,122.387711
128847.828726,142.789932,10.353516,122.518707
128847.870017,142.874710,10.374283,122.567551
128847.911310,142.890884,10.325699,122.621841
128847.952601,143.003769,10.267838,122.518997
128847.993892,142.820572,10.119858,122.268707
128848.035184,142.944046,10.050720,122.305862
128848.076476,142.847305,10.030930,122.254776
128848.117766,142.947159,10.078110,122.355606
128848.159056,142.614319,10.246368,122.410233
128848.200347,142.860367,10.079330,122.475540
128848.241638,142.822479,10.207520,122.480927
128848.282928,142.833344,10.274780,122.459320
128848.324219,142.990173,10.200226,122.461090
128848.365510,142.926071,10.218109,122.830063
128848.406802,142.916840,10.101837,122.329514
128848.448094,143.061813,10.229706,122.536911
128848.489384,142.784882,10.004028,122.364136
128848.530676,142.933929,9.956497,122.468750
128848.571969,142.917999,10.083038,122.323334
128848.613262,142.867279,10.227097,122.241119
128848.654554,143.018234,10.227386,122.115875
128848.695849,142.892441,10.228241,122.255234
128848.737142,142.876038,10.166306,122.169479
128848.778435,142.864105,9.905823,122.525665
128848.819727,142.876480,10.094391,122.318253
128848.861019,142.853210,10.165726,122.758041
128848.902308,142.847641,10.379639,122.376053
128848.943598,142.855789,10.207809,122.210938
128848.984888,142.673431,10.328323,122.096405
128849.026178,142.991882,10.136154,122.511230
128849.067470,142.761963,10.194595,122.428055
128849.108760,142.828659,10.289810,122.566849
128849.150053,142.657867,10.239609,122.572830
128849.191344,142.792511,10.169617,122.460556
128849.232635,143.003769,10.255829,122.199036
128849.273926,142.682068,10.127502,122.517227
128849.315217,142.738220,10.177811,122.251068
128849.356508,142.716522,10.055908,122.227859
128849.397801,142.649109,10.273895,122.278854
128849.439091,142.487640,10.071289,122.257690
128849.480383,142.724304,9.966049,122.563705
128849.521676,142.660645,10.246170,122.619995
128849.562969,142.885284,10.260559,122.827911
128849.604261,143.042313,10.305923,122.436127
128849.645555,142.997314,10.141052,122.609863
128849.686848,142.812683,10.215729,122.377579
128849.728142,142.933716,10.138992,122.372375
128849.769436,142.687698,10.313477,122.232910
128849.810728,142.780563,10.211548,122.252945
128849.852022,142.639450,10.231583,122.255417
128849.893312,142.813629,9.904709,122.218903
128849.934603,142.772583,9.984848,122.323746
128849.975895,142.975525,9.949234,122.551788
128850.017186,142.722046,9.937393,122.003220
128850.058478,142.890976,10.094849,122.376968
128850.099770,142.795120,9.870804,122.162323
128850.141065,142.880615,9.932816,122.543533
128850.182362,142.723740,10.069809,122.417908
128850.223656,142.742004,10.190811,122.092133
128850.264952,143.007767,9.993317,122.252045
128850.306246,142.947739,10.102036,122.317001
128850.347540,142.802094,10.165680,122.281403
128850.388835,142.784134,10.210815,122.282181
128850.430130,142.747208,10.152252,122.257965
128850.471424,142.597168,10.080765,122.188507
128850.512719,142.586823,10.089157,122.062347
128850.554016,142.643555,10.120773,121.989182
128850.595312,142.850388,10.004135,122.317627
128850.636609,142.540039,10.139084,122.314041
128850.677906,142.676010,9.888565,122.439972
128850.719200,142.785248,10.021286,122.543228
128850.760496,142.757248,9.915359,122.501953
128850.801792,142.795563,10.165039,122.401398
128850.843087,142.820816,9.999893,122.535492
128850.884380,142.594925,10.232361,122.556580
128850.925675,142.839050,10.116470,122.517349
128850.966970,142.813629,10.056335,122.537537
128851.008263,142.770996,10.104660,122.499908
128851.049559,142.741135,10.046936,122.658173
128851.090855,142.721222,9.976105,122.509308
128851.132152,142.577240,10.142975,122.510361
128851.173451,142.652847,9.833954,122.430756
128851.214748,142.657455,9.925964,122.261292
128851.256044,142.683319,9.993134,122.479904
128851.297337,142.666931,10.271637,122.252701
128851.338629,142.765457,10.074036,122.700348
128851.379922,142.552002,10.285385,122.572632
128851.421214,142.687897,10.153610,122.484344
128851.462509,142.871658,10.086121,122.385300
128851.503804,142.906555,10.255890,122.264709
128851.545099,142.811676,10.219711,122.322662
128851.586396,142.893082,10.062988,122.507599
128851.627693,142.815598,10.377670,122.282806
128851.668988,142.566910,10.345795,122.307129
128851.710287,142.730911,10.070557,122.334686
128851.751584,142.657730,10.249115,122.233566
128851.792881,142.849365,9.992828,122.276184
128851.834177,142.724442,10.202774,122.508713
128851.875470,142.741684,10.162231,122.369888
128851.916763,142.904068,9.944382,122.437943
128851.958056,142.820328,9.989990,122.436172
128851.999351,142.977600,9.815186,122.270920
128852.040645,142.896881,9.940536,122.589569
128852.081940,142.861557,10.108032,122.187454
128852.123234,142.991608,10.119751,122.497894
128852.164530,142.811508,10.231171,122.449203
128852.205824,143.013046,10.204147,122.110855
128852.247121,142.821777,10.067413,122.240509
128852.288418,142.844025,10.220047,122.261475
128852.329712,142.636017,10.240723,122.227188
128852.371008,142.773071,10.282074,122.072388
128852.412305,142.653519,9.961899,122.280014
128852.453599,142.612717,10.034912,122.344879
128852.494892,142.670959,9.986313,122.128311
128852.536186,142.789551,10.000214,122.511078
128852.577478,142.944412,9.907486,122.301193
128852.618771,142.777649,9.877380,122.259735
128852.660065,142.791718,10.092697,122.011673
128852.701358,142.957367,10.152573,122.502258
128852.742653,142.781204,10.242249,122.236511
128852.783947,142.646744,10.152222,122.389359
128852.825240,142.649368,10.205627,122.289398
128852.866534,142.757584,10.219681,122.094437
128852.907827,142.770859,9.932434,122.155670
128852.949120,142.699570,10.150620,122.155106
128852.990413,142.561539,10.258270,121.837692
128853.031705,142.770660,10.017426,121.995728
128853.073001,142.475357,10.198700,122.051712
128853.114295,142.959702,10.023544,122.253479
128853.155589,142.723373,10.180298,122.008438
128853.196884,142.864914,9.938843,122.546753
128853.238181,142.529205,10.349335,122.286163
128853.279476,142.815262,10.014664,122.592987
128853.320772,142.809021,10.149307,122.262222
128853.362067,142.725571,10.201630,122.307312
128853.403363,142.728973,10.249283,122.412720
128853.444659,142.893768,9.942871,122.302200
128853.485954,142.737885,10.013824,121.976471
128853.527250,142.647415,10.156158,121.845230
128853.568548,142.874786,10.151154,121.822098
128853.609845,142.762375,9.943146,121.842651
128853.651142,142.619324,10.010788,121.606308
128853.692438,142.795547,9.848251,122.162216
128853.733732,142.825348,9.990570,122.047073
128853.775026,142.847900,9.882935,122.187836
128853.816321,143.061783,9.771713,122.346848
128853.857619,142.934875,10.066849,122.122711
128853.898917,142.963760,9.845215,122.313934
128853.940214,143.159058,9.988220,122.394287
128853.981509,143.085297,9.931915,122.333115
128854.022802,142.846863,10.044769,122.336411
128854.064094,142.966751,10.119797,122.168503
128854.105389,142.857468,9.950012,122.341400
128854.146683,142.899612,9.956161,122.202530
128854.187975,142.767838,10.261597,122.173370
128854.229267,142.882401,9.991425,122.130753
128854.270561,142.803940,10.122696,121.922836
128854.311856,142.623978,10.182816,122.178482
128854.353152,142.643875,9.862778,122.095032
128854.394448,142.621414,10.042969,122.425171
128854.435746,142.627426,10.032669,122.404541
128854.477045,142.470856,10.164261,122.435562
128854.518342,142.605667,9.973083,122.430847
128854.559639,142.783203,9.958755,122.401886
128854.600936,142.730652,10.114914,122.321686
128854.642232,142.732269,10.165421,122.285400
128854.683528,142.863159,10.252518,122.175781
128854.724825,142.896545,10.037506,121.990158
128854.766120,142.810379,9.857849,122.064636
128854.807417,142.799896,9.710007,121.843567
128854.848714,142.790070,9.890533,122.116394
128854.890011,142.830154,9.857391,122.444916
128854.931306,142.653931,9.890244,122.213852
128854.972599,142.639175,9.861694,122.327896
128855.013893,142.770050,9.763626,122.212585
128855.055186,142.759766,10.048645,122.286438
128855.096480,142.749100,9.941025,122.517212
128855.137773,142.697342,10.110764,122.487579
128855.179067,143.039963,10.053421,122.387405
128855.220363,142.803986,10.239182,122.309937
128855.261659,142.860855,10.187851,122.395798
128855.302954,142.793747,10.030014,122.288376
128855.344247,142.895081,9.862061,122.279465
128855.385541,142.871521,9.953339,122.187912
128855.426835,142.848419,10.026733,122.258469
128855.468128,142.496429,9.768204,122.267639
128855.509422,142.706406,9.876907,122.238647
128855.550717,142.683929,9.697678,122.425949
128855.592011,142.521194,9.943558,122.248474
128855.633307,142.463318,9.852707,122.075989
128855.674601,142.838699,10.036224,122.286041
128855.715895,142.707581,9.836014,122.271774
128855.757189,142.812317,10.043457,122.705917
128855.798484,142.900360,9.867767,122.577316
128855.839779,142.900894,10.059921,122.449860
128855.881074,142.710251,10.007507,122.352203
128855.922368,142.781448,10.094650,122.453262
128855.963663,142.779663,9.894699,122.586792
128856.004959,142.729919,10.252090,122.474442
128856.046253,142.640366,9.913147,122.325775
128856.087547,142.689941,10.083847,122.093109
128856.128842,142.712204,10.041000,122.528275
128856.170137,142.712891,9.756073,122.181168
128856.211432,142.628845,9.666016,122.040802
128856.252727,142.708328,10.060547,122.198486
128856.294022,142.638138,9.970718,122.215515
128856.335319,142.535248,9.881607,122.242645
128856.376618,142.816010,10.051071,122.372482
128856.417915,142.755966,10.277908,122.275894
128856.459211,142.694199,10.246445,122.138351
128856.500507,142.706604,10.110413,122.202255
128856.541805,142.619812,10.028351,122.301071
128856.583101,142.529297,10.182877,122.137451
128856.624396,142.731125,10.031937,122.053268
128856.665691,142.659668,10.082336,121.940186
128856.706986,142.353333,10.197342,122.127808
128856.748279,142.614960,10.169327,122.091705
128856.789575,142.571686,10.236008,121.547867
128856.830869,142.621780,9.797501,121.959076
128856.872164,142.912506,10.237366,122.226639
128856.913459,142.872269,10.104340,122.206024
128856.954755,142.975815,10.007431,122.374435
128856.996048,142.980133,10.134644,122.377289
128857.037344,142.935623,10.269791,122.461090
128857.078641,142.898178,10.121826,122.440445
128857.119936,142.813370,10.079559,122.463791
128857.161231,142.918518,10.081543,122.501190
128857.202524,142.716080,10.086121,122.315933
128857.243819,142.603897,10.060486,122.435394
128857.285110,142.565369,10.197739,122.185242
128857.326401,142.760864,10.032608,122.345383
128857.367692,142.437866,10.122360,122.345352
128857.408984,142.529755,10.069580,122.025970
128857.450278,142.627167,9.972961,122.529358
128857.491571,142.658875,9.887650,122.262802
128857.532864,142.649094,9.872284,122.249298
128857.574158,142.623291,10.023071,122.314285
128857.615454,142.809860,9.900375,122.555084
128857.656749,142.801270,10.059052,122.422501
128857.698042,143.089279,9.955856,122.612244
128857.739335,142.992096,10.011353,122.523911
128857.780629,142.796783,10.034836,122.610016
128857.821923,142.811111,10.141891,122.489487
128857.863218,142.822037,10.069168,122.406174
128857.904513,142.852951,10.004379,122.434204
128857.945808,142.715317,10.095551,122.046158
128857.987101,142.639969,9.946518,122.193542
128858.028396,142.727051,9.996567,122.326904
128858.069689,142.706299,9.991653,122.164047
128858.110982,142.829453,10.011276,122.345383
128858.152276,142.780563,10.014725,122.253601
128858.193570,142.765656,10.135864,122.696793
128858.234865,143.012878,9.910736,122.566025
128858.276161,142.894424,10.063110,122.472015
128858.317458,142.757629,10.133499,122.476791
128858.358753,142.853897,10.133743,122.351456
128858.400049,142.978241,10.126312,122.224426
128858.441344,142.823364,10.206894,122.030029
128858.482638,142.867538,10.068008,122.036804
128858.523932,142.688599,10.169983,122.674072
128858.565228,142.875320,10.058609,122.427628
128858.606528,142.965927,9.982681,122.170135
128858.647826,142.877365,10.133850,122.504517
128858.689122,142.653854,10.068039,122.118607
128858.730418,142.693863,10.211380,122.424957
128858.771714,142.838943,9.850067,122.377823
128858.813014,142.724091,10.034622,122.650833
128858.854313,142.673462,10.056747,122.453720
128858.895611,142.679749,10.169846,122.714600
128858.936911,142.854034,10.406815,122.675980
128858.978211,142.629944,10.079453,122.678360
128859.019510,142.882187,10.266632,122.686981
128859.060808,142.807251,10.235672,122.470444
128859.102107,142.763214,10.211411,122.482986
128859.143404,142.678146,10.328674,122.225677
128859.184703,142.705185,10.276581,122.181030
128859.226001,142.568771,10.337418,122.638077
128859.267301,142.460999,10.339951,122.303879
128859.308600,142.577988,10.137421,122.326248
128859.349897,142.527054,10.139465,122.314804
128859.391191,142.713486,10.217972,122.517365
128859.432486,142.642120,10.257462,122.434708
128859.473781,142.703918,10.460709,122.715912
128859.515075,142.678574,10.199677,122.492859
128859.556371,142.789581,10.263855,122.444977
128859.597667,143.112885,10.228531,122.797073
128859.638963,142.719696,10.171509,122.406235
128859.680259,142.667618,10.308502,122.431824
128859.721553,142.702225,10.476837,122.735703
128859.762845,142.687653,10.368073,122.678986
128859.804139,142.579208,10.251205,122.441574
128859.845434,142.786438,10.319016,122.605499
128859.886726,142.487122,10.181305,122.772705
128859.928018,142.961792,10.053131,122.369614
128859.969312,142.820892,10.108521,122.400497
128860.010606,142.827408,10.155640,122.376205
128860.051899,142.870956,10.101868,122.131317
128860.093193,142.948090,10.094437,122.319534
128860.134489,142.876572,10.024078,122.460342
128860.175784,142.827805,10.223206,122.294571
128860.217078,142.854080,10.070129,122.521500
128860.258373,142.849625,10.333435,122.750107
128860.299668,142.609711,10.246307,122.671173
128860.340963,142.948624,10.143539,122.549866
128860.382259,142.995575,10.189407,122.431259
128860.423551,142.704407,10.455750,122.370331
128860.464844,142.502777,10.373779,122.479340
128860.506141,142.576401,10.243942,122.656189
128860.547437,142.761429,10.054596,122.426041
128860.588733,142.908188,10.053009,122.410629
128860.630031,142.753433,10.157578,122.596313
128860.671328,142.986710,10.192719,122.570435
128860.712626,142.722137,10.237427,122.501236
128860.753922,142.734329,10.173294,122.713654
128860.795217,142.561615,10.424774,122.641449
128860.836512,142.655746,10.433762,122.351212
128860.877810,142.615326,10.379379,122.455795
128860.919106,142.762207,10.296921,122.287766
128860.960403,142.819839,10.288239,122.512787
128861.001698,142.926346,10.180344,122.266861
128861.042996,142.699753,10.203156,122.403214
128861.084297,142.726120,10.202621,122.172562
128861.125597,142.550491,10.106949,122.332825
128861.166894,142.648514,10.200531,122.312988
128861.208192,142.538528,10.351517,122.275909
128861.249491,142.679398,10.110718,122.440689
128861.290787,142.680984,10.503159,122.485916
128861.332084,142.970200,10.256470,122.668671
128861.373381,142.743744,10.404663,122.343277
128861.414677,142.778183,10.226471,122.796417
128861.455974,142.782272,10.479828,122.464081
128861.497270,142.768478,10.615005,122.634216
128861.538566,142.803833,10.305450,122.357635
128861.579861,142.770569,10.383331,122.336716
128861.621159,142.661758,10.482208,122.331055
128861.662457,142.828568,10.631424,122.432861
128861.703754,142.636230,10.290344,122.195572
128861.745051,142.723602,10.210449,122.315384
128861.786347,142.572525,10.146851,122.174957
128861.827645,142.651443,10.462921,122.270615
128861.868945,142.554245,10.216553,122.301849
128861.910245,142.678040,10.230911,122.409943
128861.951543,142.796387,10.206787,122.605392
128861.992842,142.836014,10.465698,122.585129
128862.034139,142.723938,10.358780,122.158875
128862.075437,142.740005,10.228668,122.358383
128862.116733,142.675995,10.423111,122.105270
128862.158030,142.771652,10.486664,122.165146
128862.199327,143.006348,10.379990,122.090088
128862.240624,142.734161,10.345444,122.298264
128862.281918,142.620880,10.421616,122.418365
128862.323217,142.629730,10.345703,122.158325
128862.364516,142.691971,10.302322,121.969604
128862.405813,142.734543,10.384537,121.941071
128862.447110,142.843338,10.303360,122.427841
128862.488405,142.883728,10.093842,122.203690
128862.529699,142.747772,10.418625,122.588531
128862.570993,142.880920,10.031876,122.410019
128862.612287,142.713959,10.246033,122.528473
128862.653583,142.846375,10.275192,122.451233
128862.694879,142.577316,10.403473,122.911911
128862.736175,142.847717,10.174911,122.372543
128862.777470,142.917587,10.165436,122.434235
128862.818766,142.897659,10.111145,122.209549
128862.860061,142.925690,10.226608,122.267059
128862.901355,142.956482,9.997574,122.192780
128862.942649,142.850693,10.463638,122.158264
128862.983944,142.891907,10.148071,122.153275
128863.025241,142.756180,10.252716,122.314926
128863.066537,142.664780,10.175842,122.205688
128863.107835,142.604340,10.359055,122.070663
128863.149129,142.689743,10.304794,122.070099
128863.190426,142.807602,10.475311,122.234482
128863.231723,142.820755,10.175858,122.486542
128863.273023,142.654114,10.371033,122.283340
128863.314320,143.084885,10.192719,122.090118
128863.355615,143.079269,10.256134,122.201370
128863.396913,142.809845,10.494049,122.195190
128863.438208,142.852753,10.076843,122.256409
128863.479505,142.829376,10.225876,122.130219
128863.520802,142.838425,10.567429,122.301208
128863.562098,142.945267,10.309982,122.143738
128863.603392,142.738831,10.313736,122.293991
128863.644686,142.596756,10.475983,122.452469
128863.685980,142.557083,10.207504,121.838989
128863.727274,142.617294,10.243134,122.239731
128863.768569,142.728104,10.179230,122.014252
128863.809863,142.572266,10.230179,122.194702
128863.851159,142.765930,10.167206,121.881500
128863.892454,142.828476,10.467560,122.610855
128863.933752,142.967957,10.142746,122.266098
128863.975049,142.963593,10.450256,122.395355
128864.016346,143.002365,10.190979,122.504044
128864.057642,142.584900,10.410187,122.599380
128864.098940,142.889832,10.359024,122.417480
128864.140238,142.793793,10.213470,122.356125
128864.181540,142.954086,10.342972,122.113678
128864.222840,142.701553,10.482910,122.307846
128864.264138,142.692963,10.139633,121.977890
128864.305436,142.950485,9.922821,122.208389
128864.346733,142.750000,10.134811,122.484222
128864.388028,142.850464,9.968506,122.523941
128864.429323,142.744400,10.220612,122.314682
128864.470616,143.000671,10.154892,122.737885
128864.511912,142.928558,9.839371,122.579315
128864.553207,143.001328,10.163528,122.504089
128864.594500,142.974289,10.353989,122.550568
128864.635796,142.821228,10.182800,122.858902
128864.677093,143.132431,10.218491,122.680313
128864.718390,142.810654,10.104736,122.433517
128864.759687,142.820572,10.006912,122.345840
128864.800983,142.868347,10.127411,122.233292
128864.842279,142.815628,10.090149,122.430176
128864.883574,142.972107,10.052277,122.366943
128864.924870,142.842606,10.005463,122.198532
128864.966166,142.660919,10.120682,122.394135
128865.007464,142.825714,10.066803,122.418396
128865.048761,142.894897,10.186569,122.600983
128865.090058,142.872208,9.902328,122.246857
128865.131354,143.138184,10.001511,122.466812
128865.172651,142.908127,10.069458,122.411209
128865.213946,143.010483,10.066330,122.451447
128865.255242,142.903671,10.269943,122.298889
128865.296537,142.825607,10.265701,122.335617
128865.337834,142.872849,10.054276,122.102844
128865.379132,142.992050,10.113724,122.032257
