131570.699767,159.510666,14.698273,118.409729
131570.741051,159.278107,14.709579,118.292160
131570.782332,159.244171,14.854523,118.279099
131570.823611,159.222763,14.897766,118.413727
131570.864892,159.148392,14.631378,118.076218
131570.906175,159.231644,14.824661,118.312881
131570.947456,159.238342,14.715057,118.463531
131570.988735,159.247711,14.831375,118.310715
131571.030013,159.503967,14.768402,118.232666
131571.071297,159.428894,14.787170,118.342896
131571.112583,159.438339,14.988159,118.252625
131571.153866,159.411453,14.765854,118.300537
131571.195146,159.493591,14.727341,118.449722
131571.236429,159.501495,14.888687,118.189667
131571.277711,159.323669,15.108276,118.370026
131571.318994,159.370575,14.948624,118.530197
131571.360276,159.384460,14.918930,118.647797
131571.401558,159.050781,15.102142,118.369293
131571.442839,159.030075,14.802460,118.868164
131571.484120,159.260666,15.019882,118.746384
131571.525404,159.275391,14.879929,118.670914
131571.566688,158.998337,14.966431,118.772720
131571.607971,159.165512,15.046921,118.904129
131571.649259,159.257507,14.852280,118.846680
131571.690544,159.398468,14.934067,118.711716
131571.731829,159.233429,15.097061,118.518753
131571.773111,159.291031,14.767807,118.644760
131571.814397,159.306458,14.862274,118.918777
131571.855681,159.455521,14.866333,118.579269
131571.896964,159.277954,14.958984,118.582535
131571.938248,159.262238,14.896133,118.374695
131571.979533,159.289917,15.106644,118.312180
131572.020818,159.077988,14.883118,118.526688
131572.062101,159.337875,14.806564,118.540802
131572.103384,159.282974,15.008148,118.540970
131572.144665,159.283157,14.939178,118.300232
131572.185950,159.407227,14.767303,118.307724
131572.227235,159.218674,14.819061,118.720703
131572.268522,159.464920,15.035477,118.428513
131572.309807,159.383148,14.989822,118.191605
131572.351089,159.241730,15.039856,118.308838
131572.392370,159.373672,14.943619,118.493561
131572.433654,159.425568,15.151749,118.550262
131572.474937,159.413345,15.003632,118.393143
131572.516219,159.419586,14.934280,118.123459
131572.557502,159.349289,14.808243,118.272003
131572.598785,159.240051,15.038498,118.317352
131572.640066,159.208923,14.944839,118.206146
131572.681347,159.628204,14.900452,118.576599
131572.722627,159.367020,14.979538,118.256119
131572.763906,159.368881,14.825439,118.256409
131572.805187,159.149811,15.089569,118.469467
131572.846467,159.125412,14.924591,118.595657
131572.887744,159.280731,15.151337,118.210739
131572.929020,159.336502,15.113297,118.328110
131572.970295,159.299316,15.093658,118.217545
131573.011576,159.318741,14.875183,118.323105
131573.052855,159.381393,14.922394,118.448135
131573.094132,159.394302,15.078415,118.282227
131573.135410,159.395966,14.987747,118.353287
131573.176688,159.426605,14.977753,118.196503
131573.217966,159.388916,15.005280,118.042862
131573.259245,159.286301,15.022064,118.244720
131573.300522,159.455551,15.088867,118.549042
131573.341801,159.326843,14.954712,117.934921
131573.383077,159.200562,15.090240,118.627533
131573.424355,159.277115,14.963242,118.532181
131573.465629,159.209610,15.011948,118.441788
131573.506903,159.332138,15.212936,118.451187
131573.548179,159.369247,15.140396,118.518646
131573.589455,159.363937,14.932419,118.424026
131573.630732,159.492813,15.179535,118.449005
131573.672010,159.472549,15.136139,118.560532
131573.713291,159.234848,15.246368,118.388733
131573.754574,159.433914,15.132141,118.237656
131573.795854,159.623260,14.924774,117.972977
131573.837132,159.450897,14.952850,118.225342
131573.878408,159.385254,15.031235,118.193680
131573.919685,159.378128,15.105804,118.069031
131573.960963,159.455002,14.966003,118.150284
131574.002245,159.394394,14.984787,118.050064
131574.043525,159.541885,15.016571,117.967361
131574.084804,159.408356,14.917694,118.136505
131574.126085,159.414108,15.106216,118.285660
131574.167367,159.622635,15.155090,118.233948
131574.208648,159.531036,15.034409,118.323822
131574.249930,159.462189,15.225082,118.471848
131574.291213,159.467926,14.986069,118.226105
131574.332495,159.460892,14.987061,118.406509
131574.373782,159.416489,15.201324,118.074692
131574.415064,159.511200,15.027557,118.228882
131574.456347,159.593994,15.164505,118.155014
131574.497632,159.265869,14.991806,118.220306
131574.538914,159.380692,15.170914,118.203827
131574.580197,159.432037,15.032349,118.228806
131574.621478,159.248184,14.991318,118.207367
131574.662758,159.471741,14.977066,117.945892
131574.704040,159.132004,15.046005,118.317902
131574.745323,159.469269,15.147491,118.386444
131574.786604,159.293762,15.236786,118.212997
131574.827886,159.437119,15.089905,118.100647
131574.869166,159.455902,15.003204,118.318909
131574.910444,159.515350,15.324188,118.186554
131574.951724,159.437073,15.154755,118.341858
131574.993004,159.571411,15.063049,118.062500
131575.034282,159.439438,14.971176,118.251083
131575.075561,159.378036,14.955704,118.324112
131575.116840,159.378677,14.968475,118.189972
131575.158116,159.498581,14.774460,118.172943
131575.199393,159.301071,14.852951,118.149338
131575.240670,159.294785,15.095230,117.999741
131575.281949,159.264313,15.073212,118.435974
131575.323227,159.255890,14.778168,118.397675
131575.364506,159.353241,15.008911,118.680450
131575.405785,159.342300,14.985245,118.381973
131575.447061,159.299500,15.214539,118.048721
131575.488341,159.103073,14.963562,117.930283
131575.529619,159.299332,15.227234,118.047592
131575.570896,159.308136,15.051331,118.260300
131575.612175,159.365662,15.269562,117.776245
131575.653457,159.329056,15.318970,117.830063
131575.694737,159.228317,15.251953,117.780350
131575.736018,159.288376,14.906799,117.981094
131575.777297,159.404938,14.863724,118.267868
131575.818578,159.350739,15.040833,118.305130
131575.859856,159.234940,14.910751,118.198975
131575.901133,159.281754,15.255035,118.137894
131575.942411,159.474152,14.869141,118.516541
131575.983687,159.118866,15.024902,118.431808
131576.024965,159.461792,15.010834,118.118561
131576.066245,159.170456,15.238434,118.375183
131576.107523,159.317902,15.108734,118.195129
131576.148801,159.371460,15.130112,118.302490
131576.190078,159.413467,15.168442,118.171783
131576.231355,159.317886,15.245148,118.229202
131576.272634,159.337036,15.051682,118.275146
131576.313914,159.622162,14.761780,118.101639
131576.355193,159.705627,14.971802,118.499588
131576.396474,159.549393,14.720352,118.183228
131576.437754,159.332504,14.833374,118.175476
131576.479038,159.352005,15.023956,118.434952
131576.520322,159.399979,15.115311,117.971878
131576.561600,159.282135,14.963928,118.052383
131576.602879,159.501709,14.780899,118.189346
131576.644158,159.376465,14.945724,118.248154
131576.685436,159.388382,14.956589,118.226974
131576.726714,159.667313,14.998566,118.068039
131576.767993,159.586212,14.843292,118.141769
131576.809273,159.620911,14.931625,118.200546
131576.850554,159.534988,14.961380,117.886566
131576.891833,159.540329,14.875717,118.109390
131576.933115,159.718903,14.844818,118.213562
131576.974395,159.376343,14.953064,118.234283
131577.015677,159.615417,14.532684,118.461060
131577.056958,159.536057,14.808731,118.247421
131577.098238,159.688507,14.864777,118.053894
131577.139519,159.579453,14.579498,118.156647
131577.180800,159.390472,14.858200,118.428909
131577.222081,159.473404,14.860291,118.108109
131577.263361,159.502090,14.951889,118.182861
131577.304638,159.636902,14.697159,118.321869
131577.345915,159.618866,14.912735,117.865692
131577.387194,159.615692,14.928299,118.157181
131577.428475,159.793533,14.731049,118.258087
131577.469755,159.363586,15.000671,118.059158
131577.511034,159.615143,14.720413,118.319687
131577.552315,159.452942,14.953598,118.079849
131577.593595,159.194489,14.903214,117.933121
131577.634877,159.426208,14.843826,118.004852
131577.676160,159.417694,14.895950,118.169968
131577.717443,159.408722,15.031296,118.283401
131577.758729,159.312973,14.790955,118.244675
131577.800013,159.280930,14.804779,118.261719
131577.841296,159.220963,15.057388,118.257797
131577.882577,159.361969,14.867188,118.077377
131577.923858,159.344009,14.857407,118.351212
131577.965139,159.489578,14.980759,118.192368
131578.006423,159.492691,14.790878,118.054901
131578.047706,159.231155,14.758408,118.087357
131578.088985,159.538025,15.093262,118.160187
131578.130268,159.448135,14.960114,118.045227
131578.171552,159.163651,14.937668,117.873947
131578.212835,159.579300,14.955978,117.821808
131578.254116,159.430161,14.964417,118.146652
131578.295397,159.318909,14.857635,117.634842
131578.336676,159.411545,14.998322,117.983673
131578.377957,159.228546,14.822739,118.074707
131578.419243,159.317123,15.051941,118.301758
131578.460526,159.306503,15.107544,118.404343
131578.501810,159.338913,14.979248,118.106781
131578.543090,159.270203,14.957977,118.332932
131578.584373,159.345825,14.757660,118.488937
131578.625655,159.504135,14.901566,118.321503
131578.666936,159.167465,14.940308,117.997375
131578.708217,159.243576,14.804901,118.213577
131578.749498,159.222122,15.164780,118.278717
131578.790780,159.454010,14.807205,118.111053
131578.832059,159.355331,14.971939,117.797958
131578.873339,159.457153,14.879471,118.065094
131578.914618,159.434372,14.787735,118.080170
131578.955899,159.226501,14.821930,118.229034
131578.997180,159.180283,14.918060,118.153046
131579.038460,159.220688,15.083832,118.201660
131579.079741,159.404419,14.843811,118.341553
131579.121023,159.367065,15.019562,118.438034
131579.162305,159.342316,15.032242,118.483215
131579.203589,159.220078,15.023376,118.161957
131579.244872,159.372604,15.014603,118.323181
131579.286154,159.176239,15.060104,118.684448
131579.327434,159.266525,14.938187,118.258957
131579.368714,159.458405,14.922684,118.427963
131579.409993,159.263489,14.928146,118.053970
131579.451271,159.251709,15.105606,117.924988
131579.492552,159.088501,15.096237,118.307236
131579.533834,159.433792,14.862228,118.143417
131579.575114,159.271759,14.911240,118.181824
131579.616394,159.387619,14.950317,118.311584
131579.657674,159.498123,14.898880,118.241852
131579.698952,159.201431,14.689758,118.049088
131579.740231,159.299789,14.895462,118.078918
131579.781510,159.231018,14.982117,118.272995
131579.822792,159.270584,15.040924,118.250931
131579.864072,159.485001,14.826462,117.847046
131579.905353,159.232193,14.822525,118.214890
131579.946635,159.317505,14.880585,118.092178
131579.987917,159.385025,14.781494,118.221619
131580.029198,159.323715,14.972839,117.905731
131580.070477,159.407181,14.757248,117.946396
131580.111758,159.441895,14.824738,117.998856
131580.153041,159.231491,14.969681,117.916779
131580.194324,159.421722,14.893265,118.005798
131580.235605,159.587631,14.969299,117.858994
131580.276885,159.395432,14.757004,117.874802
131580.318163,159.371796,15.191681,117.841019
131580.359442,159.401016,14.766922,117.905121
131580.400726,159.238724,14.820541,118.109543
131580.442010,159.569061,14.899750,118.036652
131580.483293,159.572983,14.843216,118.019638
131580.524572,159.453415,15.043915,117.609390
131580.565852,159.584351,14.883224,117.742142
131580.607132,159.500504,14.907700,117.839859
131580.648414,159.760986,14.774826,117.576096
131580.689697,159.348221,14.966751,117.835129
131580.730979,159.585007,14.722626,118.006088
131580.772261,159.426712,14.808014,118.043106
131580.813544,159.307236,14.753448,117.971542
131580.854827,159.640411,14.689575,118.043594
131580.896112,159.361023,14.754608,117.679138
131580.937399,159.235977,14.768326,117.788696
131580.978684,159.301620,14.658249,118.032043
131581.019970,159.405701,14.995270,118.130524
131581.061253,159.234879,14.823105,118.097061
131581.102536,159.637466,14.935242,117.759964
131581.143818,159.555634,14.806610,117.752304
131581.185103,159.577896,14.660873,117.915375
131581.226388,159.358780,14.821945,117.984146
131581.267669,159.490936,14.760986,117.660477
131581.308952,159.516190,14.948227,117.661942
131581.350237,159.421371,14.825089,117.946182
131581.391520,159.563187,14.571259,117.743286
131581.432802,159.355530,14.776993,117.668213
131581.474085,159.456253,14.902863,117.791473
131581.515364,159.263931,14.811310,117.754974
131581.556647,159.277634,14.812149,117.615173
131581.597930,159.225525,14.636185,117.715363
131581.639212,159.320724,14.756912,118.011719
131581.680497,159.321106,14.776505,117.735458
131581.721779,159.500000,14.890549,118.081726
131581.763061,159.412521,14.997513,117.653976
131581.804342,159.217178,14.960175,117.897995
131581.845622,159.405960,14.915924,117.737869
131581.886900,159.335922,15.024643,117.901779
131581.928179,159.234344,15.172531,117.394684
131581.969460,159.239914,15.025818,117.657623
131582.010744,159.414474,14.949783,117.666977
131582.052026,159.252975,14.937332,117.845963
131582.093308,159.163437,14.991486,117.693481
131582.134592,159.502289,14.796967,117.823837
131582.175875,159.198486,15.009171,117.987320
131582.217159,159.037094,15.127151,118.164108
131582.258444,159.206497,15.131699,118.280670
131582.299728,159.083710,15.118225,117.902313
131582.341013,158.979782,15.197983,117.914536
131582.382299,159.200928,15.055023,118.222641
131582.423582,159.086258,15.107529,118.042404
131582.464868,159.262894,15.083786,118.092880
131582.506151,159.358017,15.043747,117.883270
131582.547435,159.301651,14.848907,117.658218
131582.588719,159.484940,14.860229,117.947891
131582.630004,159.097946,15.012085,118.222351
131582.671286,159.236130,14.957977,118.128784
131582.712569,159.335007,14.826324,118.243637
131582.753851,159.126205,15.103928,117.989578
131582.795134,159.155899,15.075073,118.132172
131582.836414,159.258820,15.027725,118.245178
131582.877694,159.545074,15.029617,118.012619
131582.918974,159.193878,15.096024,117.998825
131582.960253,159.526413,15.106140,117.956879
131583.001536,159.545944,14.868561,118.266602
131583.042819,159.363022,14.898605,117.830566
131583.084100,159.414612,15.115784,118.198456
131583.125379,159.368881,14.967407,117.779526
131583.166660,159.496841,14.909500,117.874344
131583.207940,159.508224,14.878250,117.764633
131583.249219,159.374100,14.950928,118.340775
131583.290499,159.341370,15.086731,118.342743
131583.331778,159.315292,15.035904,118.314987
131583.373060,159.295807,15.036270,118.236237
131583.414337,159.377335,14.926437,118.368057
131583.455616,159.266663,14.955475,118.530457
131583.496899,159.414520,14.851959,118.497345
131583.538182,159.729401,15.077286,118.182068
131583.579462,159.529846,14.988098,118.128464
131583.620743,159.497482,14.976898,118.209641
131583.662023,159.370926,14.952637,118.557709
131583.703302,159.535370,15.045776,118.276489
131583.744581,159.574799,15.090607,117.981537
131583.785861,159.421448,15.183975,118.023224
131583.827142,159.281158,15.112869,118.072174
131583.868421,159.549927,14.756363,118.224075
131583.909702,159.425446,14.920883,118.293808
131583.950980,159.469193,14.791870,118.207123
131583.992261,159.619446,14.723480,118.216858
131584.033540,159.318192,14.971436,118.218826
131584.074821,159.351547,14.790497,118.448822
131584.116100,159.312759,14.822693,118.512024
131584.157381,159.458572,14.839798,118.400909
131584.198661,159.325378,15.028839,118.423538
131584.239942,159.372162,15.031769,118.473526
131584.281221,159.432159,14.913284,118.348312
131584.322499,159.182022,15.135849,118.598282
131584.363780,159.292068,15.032333,118.370651
131584.405061,159.424652,15.039276,118.171829
131584.446340,159.297760,14.953644,117.837616
131584.487624,159.419662,14.914093,118.258804
131584.528907,159.508163,14.761948,118.468155
131584.570189,159.167542,14.913910,118.192230
131584.611471,159.237701,14.912994,118.305084
131584.652755,159.259064,14.751114,118.497437
131584.694036,159.178574,14.739655,118.362656
131584.735317,159.255829,14.797699,118.141464
131584.776599,159.416946,14.917816,118.467667
131584.817880,159.169800,14.926498,118.089355
131584.859161,159.222076,14.821091,118.392929
131584.900441,159.238297,14.868179,118.395187
131584.941722,159.284668,15.098251,118.466217
131584.983005,159.246429,15.008102,118.185547
131585.024286,159.420059,14.911240,118.295105
131585.065566,159.607010,14.723419,118.210083
131585.106848,159.291992,14.825287,118.324448
131585.148128,159.125763,14.811203,118.351883
131585.189410,159.499313,14.865067,118.337555
131585.230693,159.394897,14.842712,118.381607
131585.271973,159.198013,15.207428,118.462997
131585.313255,159.375534,14.988220,118.521622
131585.354537,159.497482,14.930862,118.706757
131585.395819,159.355194,14.893753,118.531891
131585.437101,159.235931,15.018997,118.622955
131585.478382,159.430542,14.940903,118.677048
131585.519662,159.166000,15.175415,118.357346
131585.560945,159.454681,15.080276,118.394485
131585.602229,159.336548,14.929520,118.250473
131585.643511,159.407516,15.128647,118.361740
131585.684792,159.343689,15.100525,118.337799
131585.726074,159.358749,15.180557,118.386078
131585.767354,159.501648,14.850693,118.489853
131585.808635,159.472824,14.975998,118.538528
131585.849916,159.256180,15.038376,118.112686
131585.891193,159.237854,15.061981,118.315277
131585.932473,159.322968,14.875259,118.554337
131585.973756,159.287354,14.993530,118.502487
131586.015038,159.319107,14.902832,118.568100
131586.056317,159.201859,14.997040,118.367966
131586.097596,159.424988,14.902878,118.516312
131586.138876,159.285339,15.080109,118.447067
131586.180159,159.300049,14.952438,118.847717
131586.221438,159.296814,15.013153,118.610565
131586.262717,159.365051,14.897522,118.409866
131586.303997,159.416748,14.920303,118.570282
131586.345276,159.344009,15.002808,118.578018
131586.386555,159.465027,14.801590,118.507843
131586.427836,159.149368,14.910172,118.432678
131586.469116,159.293961,14.900314,118.558716
131586.510396,159.272827,15.032715,118.509201
131586.551678,159.488266,14.775009,118.758057
131586.592960,159.222626,15.061691,118.710236
131586.634243,159.399048,15.033813,118.861404
131586.675528,159.164810,14.831650,118.736816
131586.716811,159.582306,14.863129,118.881058
131586.758093,159.411087,14.772263,118.733231
131586.799374,159.268936,14.740402,118.808334
131586.840655,159.413040,14.949951,118.539978
131586.881936,159.207932,15.036667,118.624817
131586.923218,159.425964,15.160950,118.381195
131586.964501,159.394272,14.953568,118.697403
131587.005784,159.368958,15.154007,118.211990
131587.047067,159.242752,14.991241,118.347275
131587.088350,159.366776,15.127258,118.474838
131587.129634,159.164764,15.256393,118.674545
131587.170918,159.113358,15.134964,118.691788
131587.212199,159.152130,15.179169,118.881027
131587.253478,159.075867,15.245178,118.940262
131587.294759,159.087128,15.122025,119.074280
131587.336040,159.199203,15.216110,118.916718
131587.377318,159.252014,15.055481,118.762192
131587.418598,159.224838,15.295715,118.556610
131587.459879,159.556854,15.000900,118.750275
131587.501160,159.594376,15.113571,118.723114
131587.542442,159.506180,15.096008,118.402725
131587.583723,159.395798,14.915131,118.206192
131587.625006,159.395889,14.827667,118.240433
131587.666289,159.343323,15.011429,118.580093
131587.707570,159.540726,14.922012,118.424393
131587.748848,159.699631,14.929138,118.355179
131587.790132,159.324005,15.159058,118.633087
131587.831417,159.397797,14.766800,118.586533
131587.872696,159.487946,15.094360,118.509003
131587.913976,159.569656,14.927856,118.325195
131587.955257,159.395538,14.988205,118.530533
131587.996538,159.329514,15.193283,118.308762
131588.037820,159.386200,15.309814,118.702026
131588.079102,159.503891,15.114944,118.352493
131588.120380,159.389801,15.123993,118.191025
131588.161661,159.681625,15.027115,118.093460
131588.202942,159.548126,14.911636,118.237152
131588.244220,159.599152,14.946533,118.207687
131588.285500,159.567123,14.912964,118.513062
131588.326780,159.581619,14.898819,118.021088
131588.368061,159.525345,14.938538,117.992966
131588.409340,159.377396,14.890869,118.109695
131588.450618,159.470108,14.758392,118.127686
131588.491897,159.503983,14.843689,117.974594
131588.533174,159.419662,14.862061,118.378204
131588.574456,159.518326,14.908661,118.281509
131588.615738,159.640671,14.922958,118.052933
131588.657020,159.574280,14.970352,118.317612
131588.698302,159.482300,14.765793,118.307129
131588.739586,159.524719,15.011444,118.133362
131588.780869,159.707840,14.994263,118.112473
131588.822152,159.306595,15.176407,118.251801
131588.863435,159.429932,14.982361,118.308350
131588.904717,159.313049,15.016495,118.156265
131588.946001,159.314301,15.186310,118.289780
131588.987283,159.298630,15.176041,118.380814
131589.028570,159.341721,15.074585,118.214691
131589.069852,159.164505,15.283569,118.366165
131589.111134,159.311508,15.291534,118.342087
131589.152418,159.393463,14.932449,118.479721
131589.193701,159.352982,15.049286,118.205154
131589.234980,159.489563,15.054291,118.009109
131589.276261,159.395126,14.945892,117.994217
131589.317540,159.607773,14.987671,117.996735
131589.358820,159.376694,15.017288,117.839935
131589.400099,159.612335,15.018890,118.155441
131589.441379,159.602875,14.832626,117.982849
131589.482661,159.656448,14.948410,118.084244
131589.523943,159.616241,14.892426,117.960068
131589.565224,159.705063,14.831619,118.292191
131589.606504,159.516205,15.052750,118.383347
131589.647786,159.419342,14.969574,118.004242
131589.689068,159.491577,15.064972,118.086945
131589.730351,159.647705,14.768280,118.428009
131589.771633,159.528046,15.146301,118.020554
131589.812915,159.547775,15.259598,118.054581
131589.854196,159.525970,15.295685,118.156769
131589.895480,159.511612,15.498901,118.279221
131589.936763,159.770218,15.342484,118.049957
131589.978044,159.742783,15.159103,117.940186
131590.019325,159.574158,15.101105,117.939850
131590.060605,159.518082,15.028168,117.828094
131590.101887,159.221695,15.104294,118.135788
131590.143167,159.259323,15.125778,118.079758
131590.184448,159.399979,14.925766,117.968109
131590.225729,159.216629,15.054749,118.050232
131590.267009,159.439072,14.837128,118.060684
131590.308289,159.159210,14.892609,118.345642
131590.349570,159.342072,15.080505,118.509430
131590.390852,159.386383,15.157867,117.814331
131590.432140,159.487274,15.058151,118.042679
131590.473428,159.291763,14.993912,118.307739
131590.514715,159.453857,14.884155,118.065781
131590.556005,159.486115,15.043777,118.289047
131590.597293,159.433960,14.919586,118.333679
131590.638580,159.528992,14.901932,118.147308
131590.679869,159.630920,14.851425,118.115189
131590.721160,159.374268,14.771667,117.916199
131590.762447,159.455536,14.847015,118.009338
131590.803736,159.173721,14.840912,118.243088
131590.845024,159.405731,14.828140,118.095169
131590.886309,159.290375,14.902481,117.995804
131590.927594,159.482956,14.785965,118.241486
131590.968879,159.327393,15.003479,118.461563
131591.010164,159.760101,14.705933,118.136734
131591.051450,159.566666,14.827209,118.458603
131591.092734,159.637817,14.829819,118.400665
131591.134018,159.752502,14.915436,118.239517
131591.175302,159.570831,15.071182,118.339066
131591.216591,159.555176,14.946457,118.171341
131591.257876,159.662979,15.022202,117.866196
131591.299161,159.645020,14.979004,118.153473
131591.340447,159.407791,14.903900,117.988632
131591.381731,159.302002,14.971985,118.097458
131591.423015,159.468933,14.828857,118.436783
131591.464298,159.573547,14.837982,118.132767
131591.505583,159.437775,14.991638,118.125229
131591.546867,159.522278,14.995331,118.204193
131591.588153,159.637024,15.034317,118.118332
131591.629437,159.565170,14.989670,118.511581
131591.670723,159.504425,15.256912,118.210724
131591.712010,159.679001,15.032974,118.069077
131591.753296,159.498123,14.826569,118.448181
131591.794581,159.409134,14.921860,118.078720
131591.835866,159.509842,15.033691,118.134659
131591.877148,159.398560,15.092438,117.967453
131591.918432,159.399872,15.103012,118.166824
131591.959720,159.396820,14.896591,118.296371
131592.001005,159.330399,15.027573,118.065430
131592.042288,159.254593,14.682220,118.369904
131592.083572,159.483307,14.706665,118.244614
131592.124856,159.226135,14.954315,118.227158
131592.166140,159.425598,14.829407,118.466064
131592.207425,159.187729,14.960892,118.309891
131592.248707,159.508347,14.872635,118.307175
131592.289992,159.463120,15.103516,118.376938
131592.331277,159.417633,15.015152,118.401611
131592.372561,159.413330,14.968918,118.253647
131592.413844,159.541626,14.985840,118.543121
131592.455131,159.571915,15.064087,118.638260
131592.496417,159.553284,14.873093,118.116043
131592.537701,159.342697,15.112289,118.068710
131592.578985,159.390533,15.151627,118.546112
131592.620270,159.340530,15.044464,118.594955
131592.661555,159.404114,15.012054,118.471375
131592.702839,159.301605,14.821503,118.505386
131592.744125,159.387619,14.913345,118.408081
131592.785409,159.278137,14.977890,118.477722
131592.826694,159.220215,14.937775,118.374191
131592.867976,159.200363,15.025284,118.555450
131592.909257,159.411316,14.865265,118.154510
131592.950541,159.152954,14.893341,118.182556
131592.991822,159.158218,15.000977,118.212143
131593.033106,159.191879,15.106277,118.475067
131593.074390,159.409439,14.895874,118.286865
131593.115671,159.436081,15.037613,118.005005
131593.156953,159.298782,15.058029,118.277618
131593.198237,159.367935,14.902618,118.377853
131593.239520,159.073380,15.067200,118.589157
131593.280802,159.624451,14.541855,118.493118
131593.322084,159.384964,14.818863,118.356674
131593.363368,159.354401,15.046982,118.347641
131593.404651,159.183899,14.888916,118.468277
131593.445934,159.204636,14.906830,118.447479
131593.487217,159.330017,14.707504,118.559097
131593.528500,159.215225,15.058014,118.667206
131593.569783,159.098160,15.175705,118.659134
131593.611065,159.369370,14.967941,118.454239
131593.652346,159.404968,14.977646,118.515366
131593.693631,159.514954,14.979858,118.355911
131593.734915,159.632706,14.892822,118.613708
131593.776198,159.537704,14.902756,118.477585
131593.817485,159.466278,14.989334,118.598755
131593.858771,159.379440,14.698257,118.555557
131593.900054,159.312378,14.769943,118.331070
131593.941338,159.476624,14.905380,118.532211
131593.982624,159.470566,14.548981,118.095001
131594.023910,159.393372,14.741501,118.246582
131594.065195,159.364975,14.888702,118.621735
131594.106480,159.331818,14.964493,118.613388
131594.147762,159.469162,14.867691,118.470886
131594.189045,159.365189,14.931686,118.380875
131594.230328,159.362274,14.948822,118.334946
131594.271613,159.249893,14.966751,118.044098
131594.312894,159.146973,14.903702,118.309586
131594.354177,159.227280,14.879990,118.237259
131594.395461,159.218506,14.877731,118.163483
131594.436745,159.232529,14.676804,118.381500
131594.478028,159.438858,14.927628,118.071136
131594.519313,159.270370,14.815796,118.334335
131594.560597,159.200623,14.529144,118.545990
131594.601880,159.306107,14.778137,118.454575
131594.643163,159.241150,14.857727,118.600830
131594.684447,159.338470,14.651840,118.920120
131594.725732,159.219345,14.931000,118.867798
131594.767016,159.221329,14.875824,118.708923
131594.808300,159.359055,14.913193,118.459747
131594.849585,159.245285,14.887024,118.636276
131594.890869,159.425751,14.872940,118.750107
131594.932152,159.352432,14.936920,118.639099
131594.973434,159.191742,15.073425,118.682587
131595.014718,159.201218,14.965805,118.682220
131595.055999,159.269577,14.798904,118.291336
131595.097280,159.251328,14.805511,118.425293
131595.138562,159.188431,14.641953,118.249313
131595.179844,159.005630,14.836823,118.273468
131595.221124,159.203156,14.938522,118.383606
131595.262405,159.112030,14.926788,117.993439
131595.303688,159.012482,14.828186,118.485245
131595.344969,159.042023,14.933014,118.598541
131595.386251,159.063522,14.940735,118.227509
131595.427534,158.944946,14.892151,118.523254
131595.468819,159.056412,15.105209,118.045197
131595.510103,159.102097,14.785507,118.295563
131595.551387,159.200226,15.007263,118.543716
131595.592672,159.022919,15.180923,118.366165
131595.633956,159.104126,14.904541,118.215027
131595.675242,159.230377,14.906265,118.093338
131595.716529,159.103195,15.051376,118.270615
131595.757814,159.187286,14.848145,118.272842
131595.799101,159.318481,15.067535,118.162689
131595.840387,159.147888,14.945267,117.902420
131595.881675,159.130676,15.085632,118.329987
131595.922957,159.008408,14.895264,118.235504
131595.964239,158.935699,14.984833,118.669861
131596.005522,158.967545,15.091461,118.516449
131596.046806,158.991928,14.893356,118.467651
131596.088092,159.182953,15.074249,118.170547
131596.129375,159.348373,14.907822,118.120605
131596.170656,159.427216,14.798141,118.211258
131596.211938,159.348480,14.622879,118.306503
131596.253222,159.325714,14.850418,118.263885
131596.294504,159.390625,14.832169,118.466415
131596.335787,159.270630,14.699036,118.268188
131596.377070,159.127014,14.842819,118.348312
131596.418356,159.254745,14.779831,118.475037
131596.459640,159.287750,14.761246,118.466125
131596.500925,159.143265,14.832855,118.964966
131596.542210,159.099274,14.764221,118.992279
131596.583493,159.261215,14.888901,118.786377
131596.624778,159.198013,15.000809,118.724747
131596.666061,159.165802,15.039856,118.668182
131596.707344,159.239273,15.016312,118.487274
131596.748627,159.161407,15.005844,118.931763
131596.789911,159.312622,14.785614,118.760086
131596.831194,159.188263,14.889908,118.327576
131596.872476,159.111435,15.196320,118.616791
131596.913758,159.209961,14.980118,118.269913
131596.955043,159.012589,14.863220,118.695007
131596.996327,159.155472,14.837753,118.987946
131597.037610,159.113480,14.866150,118.750854
131597.078893,159.213928,14.840637,118.950470
131597.120178,159.107315,14.786285,118.871964
131597.161463,159.113892,14.803864,118.824066
131597.202747,159.133652,14.979095,118.946594
131597.244030,159.207428,14.824814,118.489700
131597.285313,159.291183,14.838440,118.871811
131597.326596,159.277115,14.839691,118.751633
131597.367879,159.378098,14.905365,118.654892
131597.409161,159.191742,14.939987,118.729691
131597.450443,159.252365,14.764496,118.656891
131597.491727,159.279419,14.820007,118.712021
131597.533011,159.280685,14.590820,118.741516
131597.574296,159.310303,14.729218,119.106995
131597.615578,159.342026,14.686310,118.701035
131597.656860,159.137375,14.745392,118.604630
131597.698142,159.191254,14.773865,118.398804
131597.739422,159.256317,14.618973,118.443283
131597.780702,159.085861,14.889420,118.500977
131597.821983,159.197052,14.712631,118.640030
131597.863264,159.132309,15.040909,118.812332
131597.904545,159.352982,14.717636,118.419083
131597.945827,159.172302,14.937363,118.860580
131597.987108,159.321060,14.899933,119.177719
131598.028390,159.212601,14.840317,118.882126
131598.069672,159.308716,14.832687,118.814804
131598.110954,159.322113,14.937210,118.628922
131598.152239,159.425171,14.888016,118.957458
131598.193521,159.302643,14.797867,118.604721
131598.234805,159.290466,14.843933,118.688141
131598.276089,159.208115,14.974045,118.550385
131598.317375,159.317276,14.892365,118.664688
131598.358657,159.205597,14.996140,118.560196
131598.399938,159.175049,14.848862,118.579834
131598.441219,159.205017,15.245270,118.881134
131598.482500,159.091934,15.247650,118.683853
131598.523779,159.350266,15.105164,118.480042
131598.565059,159.376312,14.952026,118.677750
131598.606338,159.435333,14.893021,118.901871
131598.647619,159.205353,15.000763,118.612991
131598.688899,159.181290,14.747513,118.511551
131598.730181,159.265793,15.075912,118.813095
131598.771464,159.309128,15.077240,118.940155
131598.812746,159.345657,14.914398,118.660385
131598.854028,159.198471,14.898926,118.500366
131598.895315,159.212326,14.756622,118.910355
131598.936597,159.235275,15.004578,118.937531
131598.977881,159.294174,14.678284,118.585190
131599.019166,159.169922,14.790878,118.718582
131599.060448,159.282776,14.893005,118.380890
131599.101732,159.126038,14.885803,118.827240
131599.143015,159.349350,15.064713,118.940887
131599.184297,159.423203,14.992096,118.472717
131599.225581,159.160568,14.909531,118.550522
131599.266865,159.279922,15.183777,118.508316
131599.308147,159.372177,15.037430,118.434830
131599.349430,159.496567,15.085907,118.401001
131599.390713,159.355743,14.844437,118.204453
131599.431995,159.403168,14.747314,118.411545
131599.473278,159.331848,14.740463,118.299347
131599.514560,159.348114,14.891220,118.158722
131599.555841,159.318237,14.836594,118.480225
131599.597123,159.518402,14.913391,118.305450
131599.638403,159.147125,15.010025,118.761902
131599.679684,159.263397,14.798096,118.603546
131599.720965,159.287018,14.876083,118.715576
131599.762244,159.490112,14.922424,118.464783
131599.803525,159.463852,14.836914,118.668274
131599.844807,159.471237,14.744858,118.332230
131599.886089,159.390839,14.805710,118.532272
131599.927372,159.429153,14.705185,118.255005
131599.968655,159.506042,14.936646,118.186981
131600.009936,159.481735,14.972580,118.322372
131600.051217,159.429871,14.936005,118.467865
131600.092498,159.192551,15.000397,118.536469
131600.133777,159.519989,14.568985,118.372787
131600.175061,159.274017,14.857147,118.436234
131600.216344,159.397125,14.915298,118.455704
131600.257626,159.281006,14.893158,118.544128
131600.298906,159.347046,14.836990,118.441025
131600.340191,159.229874,14.821518,118.676132
131600.381476,159.440353,15.122147,118.593338
131600.422763,159.160706,15.158981,118.681961
131600.464048,159.280869,14.980072,119.045044
131600.505331,159.280365,15.102097,118.901382
131600.546613,159.205734,15.012909,118.200775
131600.587896,159.339142,15.057785,118.421417
131600.629179,159.406357,14.824219,118.286179
131600.670462,159.154327,15.013321,118.397171
131600.711744,159.334244,14.818588,118.572647
131600.753027,159.210312,14.924881,118.558792
131600.794310,159.078644,15.050522,118.146576
131600.835593,159.131241,15.097748,118.167801
131600.876875,159.227127,14.826477,118.276764
131600.918157,159.065109,14.961380,118.355759
131600.959438,159.086533,15.142624,118.701462
131601.000720,159.352600,15.057098,118.432220
131601.042003,159.420258,14.788864,118.539398
131601.083287,159.065506,14.777206,118.390930
131601.124569,159.163132,14.786240,118.492981
131601.165852,159.184464,14.717606,118.096222
131601.207135,159.249451,14.781265,118.175186
131601.248418,159.395981,14.979095,118.232529
131601.289700,159.501465,14.907883,118.491318
131601.330983,159.101044,14.992188,118.351501
131601.372266,159.037354,14.766083,118.284195
131601.413549,159.073959,14.919525,118.284088
131601.454831,159.181274,14.719666,118.363983
131601.496113,159.119888,14.839066,118.438034
131601.537395,159.204910,14.817093,118.545670
131601.578679,159.230255,14.871201,118.485275
131601.619962,159.308823,14.930679,118.562469
131601.661244,159.147720,15.025818,118.596344
131601.702526,159.333359,14.919891,118.317429
131601.743812,159.243774,15.013016,118.382538
131601.785094,159.436554,14.945892,118.261383
131601.826376,159.353333,14.931854,118.031784
131601.867658,159.500351,14.961990,118.125504
131601.908939,159.366440,15.068008,118.066727
131601.950221,159.573395,14.541031,118.013718
131601.991503,159.468811,14.625671,118.115646
131602.032782,159.224030,14.644394,118.172424
131602.074064,159.104675,14.761551,118.361130
131602.115348,159.310791,14.680069,118.464417
131602.156633,159.330536,14.835541,118.280777
131602.197919,159.233887,14.893265,118.363770
131602.239205,159.491882,14.829758,118.711884
131602.280490,159.448029,14.894516,118.159943
131602.321775,159.398895,15.002899,118.442612
131602.363057,159.316360,14.903702,118.547394
131602.404342,159.466034,14.906860,118.438446
131602.445625,159.639816,14.905182,118.303177
131602.486909,159.513062,14.705536,118.248413
131602.528191,159.443710,14.807281,117.855972
131602.569474,159.422302,14.915161,118.099136
131602.610758,159.336945,14.878159,118.416412
131602.652039,159.487381,14.802109,118.264801
131602.693321,159.294327,14.846085,118.220978
131602.734605,159.448990,14.660477,118.301132
131602.775886,159.620926,14.893509,118.538681
131602.817168,159.505981,14.780685,118.152542
131602.858449,159.348068,14.756210,118.245377
131602.899731,159.450729,14.843658,118.244858
131602.941011,159.586136,14.838455,118.144638
131602.982291,159.575394,14.936890,118.289978
131603.023569,159.483856,15.100220,118.312927
131603.064849,159.384323,14.987549,118.463959
131603.106129,159.384064,15.021225,118.415253
131603.147411,159.602524,14.824951,118.013977
131603.188692,159.541611,14.538528,118.199768
131603.229973,159.314926,14.738846,118.035995
131603.271254,159.502930,14.799637,118.218689
131603.312534,159.391907,14.759644,118.035995
131603.353817,159.486023,14.724823,118.333237
131603.395100,159.298218,14.700211,118.130661
131603.436382,159.488693,14.606216,118.020477
131603.477663,159.408188,14.746796,118.106888
131603.518947,159.438324,14.753448,118.340515
131603.560228,159.350784,14.953979,118.090530
131603.601508,159.305984,14.877106,118.277649
131603.642791,159.575027,14.855865,118.119186
131603.684070,159.483871,14.974945,118.313141
131603.725349,159.591080,14.875153,118.112717
131603.766631,159.500244,14.989883,117.977234
131603.807909,159.528671,14.847336,118.131104
131603.849189,159.508942,14.667709,117.996689
131603.890469,159.241928,14.989975,118.030258
131603.931750,159.537445,14.779266,117.910721
131603.973030,159.148972,15.001373,118.190033
131604.014311,159.396896,14.997559,118.062347
131604.055593,159.168854,15.036057,117.998383
131604.096875,159.183319,15.100723,118.038315
131604.138156,159.421387,15.027573,118.073822
131604.179442,159.250351,15.062408,118.412491
131604.220726,159.515808,14.781723,118.108704
131604.262012,159.495712,14.949738,118.317703
131604.303299,159.356644,15.339432,118.053680
131604.344588,159.342972,15.285065,118.107758
131604.385875,159.302963,15.264008,117.861343
131604.427161,159.322739,15.167160,118.217667
131604.468445,159.321365,15.103073,118.137161
131604.509731,159.261139,14.997864,118.042358
131604.551015,159.193710,15.018433,118.200287
131604.592297,159.236877,15.045990,118.382919
131604.633580,159.319366,15.032654,117.882355
131604.674861,159.155640,15.245193,118.701813
131604.716144,159.190933,14.983917,118.639069
131604.757431,159.354935,14.813187,118.259232
131604.798716,159.370880,15.078201,118.257339
131604.840000,159.465256,14.837906,118.263855
131604.881286,159.338669,14.910995,118.148376
131604.922573,159.473389,14.898239,118.301788
131604.963857,159.602142,14.815292,118.174896
131605.005140,159.444931,14.805283,118.250595
131605.046425,159.417084,14.776962,118.214828
131605.087709,159.400635,14.956940,118.339050
131605.128993,159.168976,14.694641,118.162125
131605.170274,159.372818,14.610596,118.224670
131605.211557,159.436844,14.947128,118.014053
131605.252840,159.235519,15.069702,118.423096
131605.294125,159.160950,15.005875,118.407516
131605.335408,159.417679,14.663803,118.303101
131605.376693,159.220108,14.844788,118.366211
131605.417979,159.380280,15.073593,118.252441
131605.459265,159.289627,15.088318,118.137344
131605.500550,159.241989,15.079620,118.247513
131605.541834,159.255829,15.012970,118.001389
131605.583120,159.265793,14.993774,118.095627
131605.624405,159.361115,14.861725,118.250305
131605.665691,159.485199,14.837585,118.085449
131605.706979,159.183350,14.916977,118.065384
131605.748262,159.368637,14.968384,118.139572
131605.789544,159.442657,14.824615,118.218521
131605.830826,159.473984,14.837433,118.150696
131605.872109,159.223801,14.897064,118.399475
131605.913390,159.119186,15.079865,118.766876
131605.954672,159.302307,14.883514,118.211624
131605.995956,159.356476,15.122894,118.114410
131606.037241,159.333557,15.255585,118.407700
131606.078525,159.216537,14.950562,118.518921
131606.119809,159.318283,14.934860,118.346298
131606.161095,159.531006,14.943710,118.461761
131606.202379,159.317886,15.120804,118.220200
131606.243666,159.243393,15.203156,117.870712
131606.284953,159.402817,15.011261,118.180420
131606.326238,159.527496,15.023788,118.078262
131606.367522,159.458115,14.834518,118.329239
131606.408806,159.368073,14.970917,118.055664
131606.450091,159.443970,15.023651,118.167725
131606.491375,159.100204,15.229767,118.201050
131606.532659,159.097397,15.062225,118.390793
131606.573943,159.122116,15.017197,117.961563
131606.615233,159.380585,14.976715,118.226059
131606.656521,159.459290,15.110535,118.175064
131606.697808,159.337479,15.105896,118.042709
131606.739093,159.328918,14.899521,118.243713
131606.780378,159.294342,15.125275,118.291199
131606.821664,159.384354,15.105316,118.177704
131606.862951,159.291550,15.221863,118.157959
131606.904235,159.378891,15.032104,118.057465
131606.945522,159.356049,14.971512,118.114014
131606.986807,159.535629,14.905991,118.322510
131607.028094,159.204330,15.161240,118.312057
131607.069380,159.526337,14.903427,118.202042
131607.110665,159.534088,15.010208,118.250107
131607.151951,159.515091,15.077881,118.319504
131607.193238,159.420563,15.100266,118.728012
131607.234523,159.468506,15.073029,118.310959
131607.275808,159.491425,15.230087,118.354675
131607.317094,159.459488,15.144028,118.328964
131607.358380,159.448853,14.955963,118.397034
131607.399667,159.663315,15.003143,118.488052
131607.440952,159.610794,14.990509,118.491241
131607.482236,159.541336,14.907959,118.535522
131607.523521,159.493683,14.934540,118.223053
131607.564805,159.373337,14.804108,118.291504
131607.606088,159.408066,14.945709,118.639206
131607.647374,159.779846,14.813263,118.571655
131607.688659,159.557281,15.046921,118.470520
131607.729943,159.982285,14.848419,118.619247
131607.771227,159.800827,14.559830,118.642242
131607.812513,159.811569,14.923737,118.517624
131607.853798,159.654709,14.930832,118.562347
131607.895083,159.756622,15.046387,118.610123
131607.936366,159.596863,14.878281,118.629791
131607.977652,159.429092,15.171448,118.516571
131608.018937,159.311142,15.082611,118.421860
131608.060223,159.709213,14.933197,118.299118
131608.101509,159.632919,15.043076,118.444458
131608.142793,159.598587,14.883438,118.439728
131608.184078,159.479050,14.855133,118.396057
131608.225361,159.261200,14.898453,118.525452
131608.266647,159.382736,14.956619,118.254501
131608.307934,159.377869,14.856293,118.596420
131608.349220,159.346176,14.784286,118.636963
131608.390506,159.443222,15.014313,118.484909
131608.431791,159.440765,14.861221,118.636932
131608.473075,159.277039,15.013794,118.477463
131608.514359,159.470642,14.968994,118.586319
131608.555642,159.443069,14.957764,118.408203
131608.596928,159.415253,14.807266,118.571716
131608.638211,159.491333,14.717194,118.713654
131608.679495,159.706421,14.960571,118.460770
131608.720781,159.548630,14.902710,118.443985
131608.762066,159.368744,15.035812,118.595581
131608.803353,159.438416,14.894302,118.674850
131608.844639,159.269241,14.871170,118.349701
131608.885924,159.136429,14.872910,118.835831
131608.927210,159.242294,15.082947,118.476349
131608.968496,159.139557,14.967148,118.789856
131609.009782,159.194717,15.066345,118.995117
131609.051067,159.095596,15.244812,118.610382
131609.092354,159.434250,14.935394,118.220581
131609.133638,159.352356,15.317337,118.485367
131609.174924,159.213120,15.014420,118.323807
131609.216209,159.280807,15.130325,118.586929
131609.257494,159.350906,14.851807,118.516464
131609.298780,159.281830,15.063522,118.397598
131609.340067,159.246063,15.039856,118.368805
131609.381354,159.312592,14.945007,118.280594
131609.422640,159.323044,14.867905,118.385620
131609.463926,159.424805,14.795654,118.717239
131609.505212,159.449097,14.813232,118.469986
131609.546498,159.291031,14.665543,118.651047
131609.587784,159.304871,14.762680,118.314636
131609.629070,159.359833,14.945007,118.270691
131609.670358,159.204468,15.034073,118.484650
131609.711643,158.937683,15.170120,118.335739
131609.752929,159.256393,14.901276,118.347229
131609.794211,159.285843,14.848846,117.987091
131609.835495,159.412643,14.796844,118.573257
131609.876780,159.313583,14.802689,118.432892
131609.918062,159.342560,15.009796,118.196396
131609.959346,159.412399,14.922409,118.218170
131610.000631,159.499847,14.927139,118.390854
131610.041916,159.553604,14.797745,118.161591
131610.083200,159.187180,14.767654,118.384842
131610.124485,159.170395,14.763275,118.361313
131610.165767,159.187561,14.682953,118.335800
131610.207049,159.389297,14.536728,118.073746
131610.248331,159.188385,14.758987,118.486160
131610.289610,159.309906,14.794937,118.478302
131610.330890,159.236572,14.609772,118.487411
131610.372171,159.352676,14.754410,118.291214
131610.413454,159.148239,15.014557,118.159698
131610.454737,159.486130,14.865158,118.131317
131610.496019,159.345154,15.106720,117.925644
131610.537301,159.364212,14.797699,118.145248
131610.578584,159.346619,14.899719,118.194534
131610.619868,159.267975,14.818024,118.225677
131610.661153,159.485367,14.789795,118.322662
131610.702437,159.262085,14.812088,118.253281
131610.743720,159.273254,14.885971,118.570450
131610.785002,159.214615,14.792892,117.927063
131610.826286,159.313385,14.749374,118.248749
131610.867567,159.295502,14.781494,118.634552
131610.908851,159.303162,14.671692,118.420807
131610.950135,159.382141,14.882980,118.291656
131610.991418,159.289185,14.652145,118.473724
131611.032702,159.438278,14.963943,118.135651
131611.073985,159.353073,14.948837,118.244583
131611.115273,159.436646,14.891571,118.004166
131611.156559,159.367111,14.785156,118.247406
131611.197847,159.661285,14.966522,118.070343
131611.239133,159.562836,14.850922,118.109909
131611.280418,159.588303,15.049805,118.336655
131611.321703,159.257141,14.965530,118.344315
131611.362988,159.381226,15.013855,117.980408
131611.404272,159.542694,14.932602,117.994019
131611.445555,159.398361,15.038589,117.922150
131611.486839,159.177368,14.873856,118.154312
131611.528125,159.359650,14.906311,118.334946
131611.569410,159.312378,14.908112,118.123703
131611.610696,159.240738,15.088455,118.315689
131611.651981,159.396484,14.914062,118.448151
131611.693266,159.381439,14.911255,118.489456
131611.734549,159.640076,15.024231,118.284653
131611.775833,159.393402,14.952652,118.552643
131611.817117,159.293640,14.959442,118.289505
131611.858403,159.581329,14.890900,118.240280
131611.899692,159.656326,14.767212,118.283676
131611.940978,159.697617,14.692093,118.877792
131611.982264,159.477707,14.822433,118.839279
131612.023548,159.405029,14.987488,118.459564
131612.064832,159.488876,14.896667,118.538422
131612.106117,159.505676,14.923721,118.662537
131612.147401,159.299271,14.750153,118.473892
131612.188685,159.463913,14.916672,118.530960
131612.229971,159.495361,15.062622,118.435516
131612.271254,159.492996,14.840607,118.271942
131612.312538,159.448288,14.845383,118.408035
131612.353822,159.453140,14.621719,118.353546
131612.395108,159.651764,14.729172,118.310410
131612.436393,159.579712,14.622543,118.545532
131612.477678,159.406586,14.711121,118.188995
131612.518964,159.592209,14.760101,118.501236
131612.560247,159.636749,14.665726,118.568756
131612.601536,159.668549,14.637711,118.711700
131612.642823,159.440353,14.718063,118.342972
131612.684109,159.383072,14.707352,118.503220
131612.725394,159.661560,14.657059,118.384460
131612.766678,159.504135,14.733124,118.491638
131612.807963,159.447754,14.842117,118.577759
131612.849251,159.476959,14.896759,118.677582
131612.890534,159.464386,14.840912,118.762756
131612.931818,159.485123,15.026779,118.531723
131612.973104,159.489807,14.915085,118.576981
131613.014388,159.514359,14.897919,118.271118
131613.055673,159.305664,14.934738,118.479294
131613.096960,159.398987,14.929214,118.546524
131613.138247,159.248810,14.863724,118.393570
131613.179535,159.192993,14.874817,118.626038
131613.220825,159.335190,14.781174,118.191483
131613.262113,159.107773,15.001160,118.564102
131613.303398,159.217728,14.906509,118.591660
131613.344682,159.135864,15.017181,118.561523
131613.385969,159.217911,14.874451,118.791168
131613.427259,159.252625,14.892746,118.382385
131613.468545,159.170120,14.978790,118.734573
131613.509832,159.372269,14.884079,118.545700
131613.551119,159.335342,15.082443,118.275436
131613.592406,159.232315,14.946945,118.443008
131613.633690,159.202713,15.008179,118.635544
131613.674974,159.217743,15.004700,118.389496
131613.716259,159.248077,14.895294,118.113327
131613.757544,159.282074,15.075531,118.144501
131613.798829,159.398834,14.793839,118.888138
131613.840113,159.339523,14.873581,118.730438
131613.881394,159.383392,14.844635,118.392349
131613.922679,159.408066,14.780289,118.569077
131613.963964,159.246262,14.918274,118.784256
131614.005247,159.385681,14.845490,118.798553
131614.046534,159.194809,15.016678,118.431961
131614.087820,159.506302,14.857452,118.620499
131614.129106,159.303864,15.041245,118.603394
131614.170392,159.416809,14.894928,118.705841
131614.211677,159.465240,14.855423,118.177948
131614.252961,159.514954,14.466721,118.385269
131614.294243,159.537247,14.720993,118.486923
131614.335529,159.583710,14.785080,118.379700
131614.376813,159.537689,14.792725,118.553268
131614.418099,159.482895,14.892288,118.135956
131614.459385,159.379440,14.733734,118.394485
131614.500669,159.395981,14.985748,118.401047
131614.541956,159.262939,15.004120,118.688538
131614.583243,159.246613,14.905930,118.591949
131614.624528,159.425247,14.839752,118.597412
131614.665815,159.281311,14.886444,118.826813
131614.707104,159.412018,15.023819,118.362274
131614.748391,159.485565,14.825699,118.487030
131614.789677,159.648407,14.998001,118.323837
131614.830965,159.230576,15.216660,118.355499
131614.872254,159.388916,15.018021,118.416992
131614.913539,159.462891,15.040817,118.533463
131614.954823,159.641266,14.972809,118.350540
131614.996110,159.331985,15.108810,118.423233
131615.037396,159.312424,15.197037,118.384766
131615.078684,159.139343,15.021622,118.234665
131615.119972,159.228210,14.828293,118.294205
131615.161259,159.223434,14.889511,118.261826
131615.202544,159.322784,14.924805,118.383392
131615.243830,159.228745,15.014877,118.664139
131615.285117,159.358414,14.979340,118.409912
131615.326400,159.299713,14.977493,118.450256
131615.367684,159.354507,15.065048,118.636307
131615.408969,159.492035,15.027390,118.501221
131615.450255,159.298096,15.171417,118.039185
131615.491540,159.519791,15.113663,118.318207
131615.532823,159.270859,15.098740,118.399109
131615.574106,159.504059,14.985260,118.358521
131615.615393,159.360825,15.136215,118.337143
131615.656678,159.499756,15.021835,118.199936
131615.697964,159.120956,15.151428,118.295486
131615.739250,159.433762,14.852829,118.496124
131615.780536,159.568481,14.769409,118.376526
131615.821821,159.538422,15.014114,118.419586
131615.863103,159.428207,14.773056,118.662766
131615.904386,159.506943,15.012741,118.511414
131615.945671,159.421494,15.012909,118.304092
131615.986957,159.564529,15.029419,118.486984
131616.028241,159.610657,15.015335,118.376648
131616.069523,159.524063,14.958267,118.326782
131616.110806,159.547318,14.930283,118.421555
131616.152087,159.578522,15.041748,118.510391
131616.193368,159.691925,14.964035,118.433884
131616.234653,159.912643,14.808746,118.536179
131616.275940,159.839111,14.761383,118.443283
131616.317226,159.808731,14.702164,118.273788
131616.358512,159.625244,14.721771,118.132767
131616.399798,159.784149,14.722900,118.520523
131616.441085,159.760269,14.577209,118.292343
131616.482371,159.568375,14.863647,118.466248
131616.523656,159.507034,14.799744,118.737244
131616.564940,159.315857,14.753021,118.509460
131616.606227,159.581421,14.875977,118.467773
131616.647515,159.366592,14.905457,118.221558
131616.688801,159.478165,14.856186,118.723572
131616.730087,159.428925,15.033707,118.360626
131616.771372,159.611374,14.951309,118.449142
131616.812658,159.533096,14.845917,118.620728
131616.853945,159.642990,14.757523,118.667496
131616.895232,159.479767,14.881470,118.439133
131616.936516,159.471207,14.868088,118.489441
131616.977799,159.314087,14.978149,118.504593
131617.019081,159.291519,15.321640,118.780014
131617.060363,159.205124,15.045303,118.431961
131617.101647,159.237274,15.120163,118.701630
131617.142933,159.143814,15.096817,118.820953
131617.184217,159.354233,15.234253,118.634033
131617.225503,159.271057,14.902283,118.588089
131617.266786,159.337463,14.900299,118.493210
131617.308070,159.500473,15.072815,118.597336
131617.349353,159.362381,15.137878,118.341812
131617.390633,159.573471,14.922913,118.690262
131617.431916,159.488495,15.253525,118.593231
131617.473201,159.340179,15.110291,118.294281
131617.514488,159.390717,15.011765,118.129196
131617.555773,159.510803,15.074280,118.415558
131617.597058,159.339645,14.911057,118.535110
131617.638344,159.401138,14.868362,118.418869
131617.679629,159.387238,14.879776,118.046585
131617.720916,159.582077,14.724319,118.333282
131617.762200,159.509155,14.753830,118.501694
131617.803483,159.263199,15.050522,118.531754
131617.844767,159.500275,14.986542,118.354385
131617.886052,159.607849,14.875122,117.878098
131617.927336,159.296310,14.893829,118.357544
131617.968620,159.467957,14.957397,118.595535
131618.009904,159.291168,14.799713,118.206314
131618.051189,159.440216,15.042267,118.278534
131618.092472,159.592331,15.062927,118.169907
131618.133756,159.414398,14.782196,118.090057
