129501.624712,142.751190,9.941650,122.896698
129501.666010,142.686966,9.998428,122.810669
129501.707308,142.800659,10.002655,122.707230
129501.748605,142.953110,9.726883,122.414658
129501.789903,142.814835,9.613678,122.628586
129501.831202,142.719040,9.742325,122.812164
129501.872499,143.040207,9.514297,122.481979
129501.913798,142.665619,9.730392,122.346115
129501.955097,143.059830,9.714966,122.637512
129501.996396,143.038269,9.777008,122.451248
129502.037695,143.036316,9.775192,122.383560
129502.078994,142.875519,9.992294,122.522079
129502.120295,143.022736,9.798874,122.622452
129502.161597,143.226120,9.605270,122.550995
129502.202897,143.037521,9.779602,122.565323
129502.244200,143.067368,9.917526,122.735092
129502.285504,142.876816,10.068619,122.552216
129502.326807,142.899429,10.022690,122.531769
129502.368109,142.698425,9.905396,122.593369
129502.409411,142.817596,9.687500,122.716675
129502.450713,142.883057,9.780624,122.997772
129502.492015,142.812103,9.804413,122.667267
129502.533318,142.773193,9.746887,123.045578
129502.574622,142.884766,9.803452,122.563980
129502.615926,143.038071,9.970291,122.769394
129502.657230,142.927322,9.819824,122.686569
129502.698533,143.010742,9.826569,122.578156
129502.739838,143.123611,9.627319,122.576492
129502.781144,143.064117,9.865799,122.714859
129502.822448,142.727692,10.052246,122.796936
129502.863753,142.995636,9.820221,122.665039
129502.905055,142.995224,9.979340,122.521973
129502.946357,142.977783,9.721481,122.585693
129502.987661,142.871887,9.790924,122.511368
129503.028968,143.001770,9.613815,122.290726
129503.070271,142.833969,9.727493,122.600052
129503.111574,143.040237,9.828552,122.598953
129503.152876,142.941452,10.047226,122.497910
129503.194177,142.959564,9.743027,122.604813
129503.235479,142.802505,9.964432,122.974548
129503.276780,142.839142,10.077362,122.820480
129503.318082,142.893005,9.773010,122.623459
129503.359385,142.783295,9.886612,122.460983
129503.400687,142.979279,9.989212,122.498550
129503.441991,142.693848,10.180817,122.240326
129503.483295,142.853516,9.705017,122.338501
129503.524600,142.843613,9.937164,122.343658
129503.565905,142.777740,9.795822,122.534882
129503.607208,142.815323,9.875076,122.398361
129503.648512,142.808197,9.965500,122.299683
129503.689816,142.723282,9.826813,122.097092
129503.731120,142.732742,9.831818,121.716797
129503.772424,142.706085,9.763657,121.717499
129503.813730,142.909729,9.712662,121.801590
129503.855038,142.875839,9.691772,122.225662
129503.896342,142.973343,9.849411,122.012985
129503.937646,142.905579,9.793350,122.047333
129503.978950,142.925400,9.821289,122.384323
129504.020256,143.025940,9.653397,122.178619
129504.061560,142.596970,9.778656,121.975098
129504.102862,142.738419,9.779739,122.468430
129504.144164,142.678375,10.041046,122.093521
129504.185466,142.623611,9.805618,122.385300
129504.226768,142.671005,9.802887,122.319931
129504.268069,142.771530,9.774292,122.160065
129504.309371,142.725281,9.685577,122.263504
129504.350673,142.688416,9.828033,122.536346
129504.391975,142.847275,9.686066,122.492325
129504.433276,142.794678,9.778488,122.717453
129504.474577,142.760025,9.752335,122.315155
129504.515877,142.816727,9.761887,122.304077
129504.557176,142.953812,9.654404,122.445419
129504.598479,142.636169,9.696228,122.448700
129504.639779,142.777222,9.661514,122.568756
129504.681081,142.681137,9.991348,122.531204
129504.722385,142.728912,10.081299,122.124725
129504.763688,143.002182,9.709122,122.010391
129504.804993,142.814545,9.726395,121.897034
129504.846295,142.796936,9.848785,122.404388
129504.887597,142.578369,9.906967,122.581696
129504.928899,142.708633,9.866470,122.449432
129504.970199,142.822189,9.963547,122.475250
129505.011501,142.825333,9.707901,122.586411
129505.052804,142.633255,9.912613,122.681244
129505.094109,142.789902,9.882660,122.603424
129505.135413,142.737656,9.712585,122.580276
129505.176719,142.816498,9.976395,122.436508
129505.218024,142.981888,9.856934,122.680222
129505.259328,143.041122,9.804337,122.353485
129505.300633,142.970551,9.944153,122.491104
129505.341936,142.978668,9.810089,122.361252
129505.383242,142.828964,9.932861,122.355225
129505.424547,142.782059,9.773163,122.518265
129505.465850,142.667343,9.902161,122.330292
129505.507152,142.759033,9.869781,122.229187
129505.548456,142.732285,9.882050,122.204208
129505.589760,142.804825,9.755402,122.390533
129505.631061,142.905594,9.693985,122.183945
129505.672361,142.922501,9.784912,122.332535
129505.713662,142.875412,9.852386,122.360168
129505.754965,142.942001,9.656586,122.428802
129505.796267,142.953186,9.944153,122.325180
129505.837568,142.917419,9.851822,122.211655
129505.878871,142.939621,9.927689,122.241272
129505.920174,142.780594,9.852798,122.303253
129505.961476,142.865891,9.648758,122.378723
129506.002778,142.771652,9.826309,122.414551
129506.044079,142.698227,9.671082,122.475037
129506.085376,142.739822,9.819565,122.145050
129506.126675,142.750015,9.852905,122.402832
129506.167973,142.770859,9.718842,122.407196
129506.209274,142.779770,9.845901,122.411118
129506.250576,142.733719,9.864227,122.552322
129506.291876,142.882202,9.560410,122.482819
129506.333175,142.915543,9.679993,122.668777
129506.374477,143.011810,9.809311,122.747665
129506.415777,142.930420,9.860809,122.407288
129506.457077,142.955261,10.025238,122.219376
129506.498377,143.207993,9.777054,122.138062
129506.539679,143.092331,9.803345,122.432373
129506.580981,142.926590,9.836334,122.148346
129506.622283,142.969193,9.861511,122.112534
129506.663584,142.879440,9.824677,122.163757
129506.704884,143.058105,9.561707,122.318756
129506.746185,142.989258,9.562424,122.613708
129506.787485,143.005783,9.750259,122.241409
129506.828785,143.017303,9.727448,122.269501
129506.870085,143.036621,9.654419,122.214523
129506.911387,142.888962,9.913391,122.193680
129506.952686,142.966812,9.910385,122.180939
129506.993987,142.994003,9.841537,122.118805
129507.035288,142.907822,9.678528,122.288895
129507.076591,142.723648,9.810699,122.593460
129507.117894,143.190430,9.523041,122.216019
129507.159197,142.852722,9.622421,122.531143
129507.200499,142.886444,9.965607,122.440704
129507.241801,142.997559,9.923126,122.343262
129507.283105,142.718491,9.759796,122.606461
129507.324404,143.018250,9.922058,122.413330
129507.365703,142.857666,9.492828,122.692154
129507.407004,142.947784,9.803268,122.674133
129507.448308,142.820602,9.982834,122.361374
129507.489607,142.991379,9.590973,122.360458
129507.530907,143.094604,9.585892,122.998337
129507.572205,143.081253,9.839615,122.434082
129507.613506,142.761398,9.909622,122.889130
129507.654808,142.865250,9.746292,122.478165
129507.696113,142.745636,9.780807,122.552200
129507.737415,142.769958,9.873428,122.456528
129507.778719,142.792252,9.723846,122.378189
129507.820022,142.719879,9.834579,122.553787
129507.861326,142.729416,9.907104,122.514923
129507.902628,142.975281,9.721741,122.612930
129507.943930,142.963852,9.587341,122.288528
129507.985235,142.715256,9.721115,122.611176
129508.026538,142.911697,9.701248,122.506470
129508.067839,142.881500,9.515686,122.511612
129508.109142,143.056702,9.621368,122.431381
129508.150444,143.088715,9.832550,122.668579
129508.191749,142.842804,9.630890,122.461426
129508.233054,142.886642,9.704117,122.705414
129508.274359,142.853699,9.832825,122.665344
129508.315663,142.890732,9.929276,122.715439
129508.356967,142.918839,9.364517,122.235992
129508.398271,142.727356,9.698410,122.727951
129508.439576,142.580200,9.853760,122.735657
129508.480880,142.986877,9.808899,122.840652
129508.522185,142.765961,9.849930,122.740936
129508.563488,142.621216,9.769257,122.839996
129508.604793,142.745056,9.728760,122.743530
129508.646096,142.904968,9.809433,122.832245
129508.687401,142.768890,9.844772,122.780716
129508.728705,142.793228,9.566132,122.509476
129508.770008,142.744125,9.902740,122.535583
129508.811311,142.803604,9.792404,122.503448
129508.852614,142.644989,9.966141,122.516510
129508.893917,142.830170,9.832565,122.522537
129508.935221,142.991592,9.544464,122.261093
129508.976524,142.888168,9.685715,122.464676
129509.017827,142.835739,9.744141,122.425079
129509.059132,142.767181,9.766479,122.325333
129509.100436,142.586182,9.854858,122.559036
129509.141740,142.669891,9.827682,122.359451
129509.183043,142.674164,9.782654,122.828659
129509.224346,142.455261,9.919220,122.642838
129509.265649,142.565414,9.863144,122.731186
129509.306953,142.579605,9.834595,122.656006
129509.348259,142.765457,9.792847,122.618271
129509.389563,142.801300,9.978424,122.530182
129509.430865,142.575714,10.068100,122.769028
129509.472167,142.712646,10.039948,122.630569
129509.513469,142.327469,10.134857,122.803894
129509.554770,142.710999,10.195602,122.505203
129509.596072,142.484894,10.082794,122.522522
129509.637374,142.641357,10.162399,122.752151
129509.678675,142.481155,10.155746,122.688400
129509.719980,142.481369,10.257523,122.615707
129509.761286,142.821838,10.010788,122.747665
129509.802591,142.685501,9.904694,122.498337
129509.843898,142.593460,9.962677,122.575531
129509.885203,142.605957,9.884293,122.465454
129509.926506,142.643173,9.883881,122.466568
129509.967809,142.820923,9.983337,122.568359
129510.009109,142.765701,10.111572,122.768738
129510.050410,142.840637,9.991714,122.724945
129510.091711,142.927414,9.854935,122.411560
129510.133013,142.907608,10.041412,122.079239
129510.174312,142.678101,10.144547,122.245789
129510.215614,142.689560,9.845032,122.296432
129510.256916,142.581955,10.164734,122.298813
129510.298217,142.494370,10.148163,122.029984
129510.339520,142.591080,9.983078,122.172592
129510.380822,142.378372,10.146637,122.361984
129510.422125,142.596771,10.033813,122.575516
129510.463426,142.552750,10.010361,122.528885
129510.504727,142.670105,9.975983,122.694443
129510.546028,142.754791,9.907715,122.547104
129510.587330,142.683472,9.988922,122.472992
129510.628629,142.599228,9.767441,122.533112
129510.669929,142.766251,9.973175,122.402161
129510.711231,142.716141,10.020233,122.320435
129510.752532,142.822937,10.013885,122.462692
129510.793834,142.607346,10.165482,122.763779
129510.835136,142.592010,10.035294,122.496490
129510.876434,142.654633,9.855637,122.529236
129510.917734,142.594482,9.887177,122.257019
129510.959037,142.613174,10.034363,122.373260
129511.000340,142.773102,9.877014,122.284744
129511.041641,142.635300,9.827805,122.205963
129511.082943,142.591019,9.721024,122.551559
129511.124247,142.405121,10.027878,122.344467
129511.165548,142.662216,10.013611,122.490952
129511.206849,142.693054,9.656662,122.469208
129511.248152,142.696823,9.789627,122.591766
129511.289455,142.904907,9.877365,122.838196
129511.330759,142.702576,9.833557,122.440521
129511.372064,142.569321,9.892517,122.578094
129511.413367,142.671753,9.914032,122.168503
129511.454669,142.537521,9.767471,122.598343
129511.495973,142.842117,9.757599,122.488632
129511.537279,142.685120,9.673981,122.553207
129511.578583,142.556870,9.874420,122.124603
129511.619888,142.629623,9.867645,122.349518
129511.661195,142.613129,9.697266,122.348251
129511.702500,142.473160,9.777771,122.449066
129511.743805,142.692139,9.738724,122.332703
129511.785112,142.670425,9.910583,122.541428
129511.826416,142.739731,10.017319,122.344070
129511.867719,142.560654,9.768173,122.113800
129511.909020,142.768661,9.911560,122.190277
129511.950322,142.822449,9.853592,122.434753
129511.991626,142.744843,9.900528,122.208359
129512.032928,142.833069,9.770126,122.299805
129512.074229,142.563812,10.073608,121.975586
129512.115530,142.516922,10.124130,122.282928
129512.156832,142.727005,9.897858,122.345688
129512.198134,142.694016,9.823837,122.343735
129512.239435,142.639038,9.887161,122.609482
129512.280736,142.484482,9.829376,122.291595
129512.322039,142.656479,9.778870,122.319962
129512.363341,142.875153,9.604874,122.575424
129512.404643,142.838608,9.818130,122.494644
129512.445944,142.824982,9.836380,122.535873
129512.487245,142.766403,9.822830,122.674393
129512.528548,142.957993,9.804459,122.834106
129512.569853,142.813187,9.808746,122.847595
129512.611157,142.801147,9.979340,122.608521
129512.652464,142.894180,9.774124,122.547897
129512.693769,142.863724,9.886749,122.338104
129512.735073,142.988693,9.804626,122.477570
129512.776378,142.928574,9.571457,122.363312
129512.817682,142.725204,9.642609,122.316483
129512.858987,142.815247,9.597412,122.231003
129512.900290,142.832443,9.764267,122.483765
129512.941593,142.778732,9.700409,122.622086
129512.982896,142.912064,9.679199,122.693253
129513.024199,142.603638,9.863327,122.706360
129513.065502,142.651794,9.695755,122.683701
129513.106807,142.534821,9.988861,122.688568
129513.148111,142.842163,9.933548,122.657425
129513.189414,142.680405,10.166138,122.389130
129513.230718,142.742905,10.116486,122.608017
129513.272021,142.818970,9.860519,122.282074
129513.313322,142.677963,9.776764,122.266785
129513.354622,142.716965,9.838730,122.565750
129513.395925,142.665787,9.613388,121.994781
129513.437228,142.554535,9.696304,122.053406
129513.478531,142.594162,9.607574,122.100327
129513.519835,142.483841,9.655243,122.438034
129513.561139,142.593643,9.453262,122.225357
129513.602446,142.444061,9.655838,122.167603
129513.643751,142.714325,9.450043,122.069061
129513.685058,142.693680,9.600372,122.590729
129513.726365,142.582718,9.753830,122.412277
129513.767670,142.614044,9.887009,122.611221
129513.808976,142.622452,9.982315,122.538437
129513.850281,142.680695,9.916199,122.201553
129513.891584,142.743820,9.804840,122.415405
129513.932888,142.647568,9.768463,122.658676
129513.974194,142.839828,9.882812,122.446884
129514.015499,142.576813,9.876450,122.703842
129514.056803,142.540924,9.851196,122.348862
129514.098106,142.605072,9.688141,122.051300
129514.139409,142.584381,9.726654,122.437561
129514.180714,142.522354,9.600464,122.926468
129514.222023,142.633209,9.864731,122.524841
129514.263330,142.695557,9.708755,122.714600
129514.304635,142.755157,9.761475,122.783844
129514.345941,142.821274,9.733994,122.719040
129514.387244,142.631210,9.782730,122.456619
129514.428547,142.605362,9.945801,122.804443
129514.469851,142.554703,10.020065,122.689026
129514.511157,142.551346,9.837173,122.549088
129514.552465,142.810257,9.891113,122.541138
129514.593775,142.576111,9.801956,122.214996
129514.635082,142.548004,9.614319,122.331177
129514.676390,142.537674,9.642517,122.763168
129514.717697,142.689209,9.663544,122.035568
129514.759005,142.587051,9.776672,122.335724
129514.800312,142.744965,9.947632,122.198807
129514.841620,142.730576,9.896637,122.261093
129514.882929,142.807648,9.703751,122.334839
129514.924238,142.915375,9.672272,122.285065
129514.965548,142.903336,9.770416,122.454895
129515.006856,142.794601,9.595505,122.585129
129515.048159,142.602142,9.771881,122.866882
129515.089463,142.816101,9.639740,122.417938
129515.130769,142.718826,9.540039,122.751740
129515.172075,142.799194,9.496613,123.001556
129515.213381,142.738510,9.653152,122.484222
129515.254688,142.746628,9.569855,122.540634
129515.295994,142.668198,9.625549,122.485474
129515.337299,142.713547,9.616119,122.823532
129515.378603,142.755219,9.742599,122.504974
129515.419908,142.816833,9.575500,122.625000
129515.461214,142.735229,9.725418,122.571655
129515.502518,142.659622,9.858063,122.682037
129515.543823,142.739334,9.530838,122.437195
129515.585128,142.747116,9.683105,122.401596
129515.626433,142.693359,9.667145,122.320435
129515.667737,142.794464,9.844696,122.471725
129515.709042,142.809906,9.652145,122.441025
129515.750347,142.793015,9.734451,122.114944
129515.791651,142.942169,9.570312,122.685715
129515.832957,142.768753,9.942093,122.121201
129515.874264,142.953690,9.870285,122.186188
129515.915569,142.910873,9.682083,122.270645
129515.956872,142.654251,9.760666,122.418503
129515.998175,142.696884,9.642120,122.347992
129516.039480,142.904114,9.654373,121.957352
129516.080786,142.749588,9.804123,122.383224
129516.122091,142.839447,9.984253,122.354095
129516.163399,142.946365,9.526932,122.601486
129516.204708,143.109085,9.688904,122.222015
129516.246015,142.887314,9.727325,122.767868
129516.287322,143.035980,9.834366,122.250931
129516.328626,143.020447,9.757309,122.394928
129516.369929,142.615585,9.945724,122.502121
129516.411231,142.857010,9.667938,122.529068
129516.452533,142.811432,9.757538,122.149490
129516.493835,142.745590,9.592957,121.910553
129516.535138,142.799927,9.578705,122.411072
129516.576440,142.846176,9.718536,122.416183
129516.617743,142.773788,9.587540,122.026596
129516.659046,142.901352,9.817291,122.328339
129516.700348,142.960587,9.692200,122.070862
129516.741648,142.943100,9.707047,122.219910
129516.782949,142.930618,9.949783,122.168686
129516.824249,142.914597,9.867050,122.519440
129516.865548,143.125839,9.732010,122.215317
129516.906850,142.994690,9.935974,122.490631
129516.948150,142.668930,10.153183,122.831970
129516.989451,142.792801,9.827850,122.656113
129517.030753,142.826630,9.876694,122.496872
129517.072057,142.634781,9.660873,122.491028
129517.113359,142.826309,9.871552,122.514938
129517.154663,142.680328,9.874237,122.774918
129517.195967,142.781342,9.451416,122.768311
129517.237271,142.793900,9.759140,122.765762
129517.278575,142.674225,9.586121,122.551590
129517.319879,142.792969,9.766357,122.659256
129517.361183,142.806580,9.818954,122.870560
129517.402488,142.801697,9.802551,122.753769
129517.443791,142.844254,9.737656,122.711044
129517.485096,143.032913,9.835831,122.752213
129517.526402,143.060181,9.771698,122.683502
129517.567706,142.900101,9.798050,122.390213
129517.609009,142.785141,9.552536,122.822510
129517.650312,142.861206,9.869553,122.611389
129517.691612,142.818329,9.879425,122.684052
129517.732914,142.736740,9.974396,122.558716
129517.774216,142.865738,9.754120,122.716812
129517.815518,142.950302,9.561203,122.258377
129517.856821,142.816299,9.607468,122.764526
129517.898126,142.971573,9.588013,122.958389
129517.939431,142.916962,9.642700,122.690521
129517.980736,142.720993,9.777115,122.515182
129518.022037,143.037308,9.681717,122.953033
129518.063342,142.886124,9.639755,122.891464
129518.104645,142.904709,9.879501,123.045471
129518.145950,142.784775,9.808884,122.506836
129518.187254,142.972321,9.806290,122.416351
129518.228556,142.987991,9.676468,122.559052
129518.269858,142.732681,9.979141,122.581970
129518.311163,143.012985,9.815979,122.231384
129518.352468,142.885544,9.900848,122.393661
129518.393770,142.995316,9.591003,122.298965
129518.435073,142.932770,9.655777,122.222855
129518.476376,142.645767,10.026718,122.162292
129518.517679,142.830597,9.807236,122.213379
129518.558983,142.812714,9.844238,122.368713
129518.600287,142.933273,9.802521,122.596954
129518.641590,142.744217,9.710297,122.726044
129518.682895,142.818390,9.637802,122.408936
129518.724200,142.725525,9.920090,122.443146
129518.765505,143.004684,9.890594,122.481567
129518.806812,142.860687,9.677872,122.182785
129518.848118,142.839249,9.846436,122.528702
129518.889424,142.819855,10.022751,122.801193
129518.930728,142.809860,9.775101,122.303726
129518.972032,142.968048,9.774017,122.351151
129519.013334,142.743195,9.769547,122.253494
129519.054637,142.708099,9.580002,122.374939
129519.095939,142.752014,9.892426,122.312088
129519.137242,142.719910,9.857788,122.312607
129519.178543,142.765884,9.835739,122.366013
129519.219844,142.989670,9.697998,121.914764
129519.261147,142.811661,9.827271,122.340790
129519.302450,143.044662,9.763245,122.136566
129519.343751,142.960861,9.729156,122.198135
129519.385055,142.997787,9.833862,122.020569
129519.426357,142.757843,9.940811,122.449097
129519.467657,142.791306,10.028091,122.465164
129519.508958,142.695297,9.779556,122.231674
129519.550258,142.778702,9.965179,122.327026
129519.591561,142.563049,9.863525,122.091888
129519.632861,142.804337,9.707138,122.116058
129519.674164,142.857742,9.836960,122.362167
129519.715468,142.773300,9.872467,122.090714
129519.756773,142.656784,9.738083,122.289291
129519.798078,142.978638,9.670609,122.206543
129519.839382,142.866898,9.576355,122.532578
129519.880685,142.775009,9.830963,122.384430
129519.921986,142.810181,10.010605,122.184204
129519.963289,142.848892,9.992096,122.531189
129520.004590,142.859085,10.054321,122.613129
129520.045891,142.888870,9.905701,122.613495
129520.087192,142.636520,9.770676,122.491394
129520.128496,142.562805,9.953445,122.457626
129520.169797,142.766266,9.700775,122.622467
129520.211098,142.746841,9.986786,122.583572
129520.252401,142.787018,9.806274,122.359741
129520.293705,142.702011,9.706711,122.595016
129520.335007,142.743332,10.004990,122.271484
129520.376309,142.523376,9.955399,122.736786
129520.417612,142.555130,10.041260,122.408249
129520.458915,142.575134,9.942932,122.442230
129520.500218,142.556412,9.929276,122.274124
129520.541521,142.684265,9.838806,122.440781
129520.582825,142.812561,9.900803,122.190384
129520.624128,142.605743,10.050034,122.384171
129520.665431,142.784027,9.789429,122.240875
129520.706733,142.809494,9.948364,122.359024
129520.748035,142.785889,9.844757,122.270737
129520.789338,142.752121,9.890121,122.435760
129520.830640,142.831055,9.788086,122.310684
129520.871943,142.728882,10.048325,122.125793
129520.913247,142.756805,9.852844,122.099640
129520.954551,142.813812,9.797485,122.350662
129520.995856,142.777878,9.803009,121.906555
129521.037160,142.806992,9.761978,122.517731
129521.078463,143.049545,10.001144,122.363403
129521.119768,142.828094,9.935547,122.714172
129521.161072,142.901749,10.111923,122.530777
129521.202373,142.940018,9.962784,122.788147
129521.243677,142.937119,9.922409,122.751450
129521.284981,142.957367,9.977310,122.509018
129521.326286,142.939545,9.969803,122.393951
129521.367592,143.198288,9.731201,122.247726
129521.408898,142.722626,10.068192,122.391403
129521.450201,142.821274,9.921799,122.334412
129521.491502,142.848709,9.960800,122.284851
129521.532805,142.973984,9.708588,122.010117
129521.574109,143.067947,9.797821,122.143524
129521.615411,142.906219,9.878204,122.307922
129521.656712,142.850662,9.657776,122.002914
129521.698015,142.824417,9.794922,122.327209
129521.739319,142.896820,9.993744,122.332535
129521.780622,143.119736,9.872391,122.539917
129521.821928,142.919876,10.129807,122.298141
129521.863232,142.975220,9.984238,122.495392
129521.904535,142.798004,9.775818,122.476456
129521.945836,142.860413,10.065079,122.692719
129521.987139,142.806656,9.917969,122.216980
129522.028442,142.777359,9.963104,122.239502
129522.069745,142.708206,9.774048,122.123642
129522.111048,142.933960,9.769180,122.151413
129522.152352,142.619537,9.829742,122.167282
129522.193656,142.857559,9.948257,122.457291
129522.234960,142.553268,10.017715,122.594788
129522.276263,142.789658,9.793594,122.185638
129522.317564,143.052750,9.842285,122.138092
129522.358866,142.617798,10.073685,122.518250
129522.400166,142.724365,9.867233,122.563873
129522.441465,142.897049,9.893280,122.338058
129522.482763,142.960907,9.997955,122.592911
129522.524064,142.934723,10.054611,122.759369
129522.565364,142.800735,9.807007,122.750183
129522.606666,142.639008,9.969574,122.706924
129522.647968,142.855148,10.061295,122.785767
129522.689266,142.810364,9.840576,122.597366
129522.730566,142.651764,9.651398,122.626846
129522.771868,142.675507,9.903580,122.667740
129522.813168,142.834518,9.518982,122.614548
129522.854468,142.828049,9.627762,122.154861
129522.895770,143.213013,9.747452,122.309052
129522.937071,142.903717,9.606232,122.518494
129522.978372,143.142395,9.760300,122.881546
129523.019671,142.847763,9.917023,122.523514
129523.060971,143.019913,9.779022,122.193985
129523.102270,142.996582,9.922684,122.192520
129523.143570,142.979584,9.788315,122.569534
129523.184870,142.952515,9.790054,122.591797
129523.226170,143.025070,9.848251,122.330353
129523.267469,142.818024,9.826248,122.081818
129523.308768,142.714355,9.948822,122.609695
129523.350067,143.054718,9.595810,122.367523
129523.391368,142.737823,9.674805,122.378922
129523.432668,142.927628,9.666107,122.592453
129523.473969,142.858673,9.647827,122.252167
129523.515272,142.916931,9.867767,122.403961
129523.556572,142.854279,9.735657,122.309280
129523.597874,142.797836,9.809402,122.554260
129523.639174,142.630814,9.804642,122.403503
129523.680475,142.972702,9.961700,122.726303
129523.721775,142.960159,9.865097,122.786987
129523.763077,142.988022,9.900467,122.528854
129523.804378,143.288605,9.822906,122.519028
129523.845678,142.970795,9.992630,122.398773
129523.886978,142.783295,9.845398,122.345245
129523.928277,143.078079,9.869110,122.295883
129523.969578,142.719559,9.896286,122.572983
129524.010876,142.947845,9.713211,122.765976
129524.052175,142.716232,9.910049,122.714172
129524.093473,142.782303,9.874359,122.503494
129524.134772,142.792526,9.830948,122.683517
129524.176074,142.730194,10.069702,122.532471
129524.217376,142.882446,9.628265,122.480591
129524.258677,142.961182,10.041306,122.861786
129524.299979,142.867050,10.080032,122.854340
129524.341279,142.949829,9.956131,122.640961
129524.382581,142.741150,9.858124,122.748138
129524.423883,142.864212,10.185135,122.985779
129524.465183,142.761566,9.996704,122.709763
129524.506485,142.803268,9.956253,122.610687
129524.547787,143.058395,9.785614,122.490555
129524.589092,142.826019,9.867722,122.685638
129524.630394,142.659790,9.697449,122.424316
129524.671694,142.663666,9.779114,122.925522
129524.712995,142.723969,9.974152,122.897339
129524.754298,142.694855,9.790955,122.746994
129524.795600,142.759079,9.976364,122.740814
129524.836901,142.837173,9.777740,122.875412
129524.878202,142.797348,9.610641,122.681519
129524.919501,142.881180,9.847275,122.821869
129524.960800,142.967468,9.931854,122.943527
129525.002100,142.775406,10.033127,122.791306
129525.043399,142.796616,9.838943,122.693558
129525.084698,142.953217,9.699493,122.765839
129525.125997,142.835114,9.963318,122.555008
129525.167293,142.914429,9.907211,122.685379
129525.208589,142.839722,9.616867,122.614853
129525.249885,142.886444,9.589539,122.806854
129525.291183,142.643875,9.794586,122.705673
129525.332482,142.867676,9.665543,122.690201
129525.373781,142.734802,9.965958,122.872726
129525.415082,142.802917,9.936172,122.449173
129525.456381,142.626175,9.764328,123.104675
129525.497682,142.945374,10.028275,122.586472
129525.538984,142.991974,9.953888,122.531372
129525.580285,143.011063,10.033981,122.761948
129525.621586,142.810730,10.032822,122.642868
129525.662882,142.844559,9.820221,122.658508
129525.704179,142.986008,9.883163,122.417862
129525.745479,142.768387,9.977112,122.271988
129525.786778,142.735626,10.052689,122.602890
129525.828079,142.751770,9.950775,122.829910
129525.869377,142.681274,10.058075,122.571945
129525.910676,142.508896,9.940765,122.574875
129525.951976,142.670532,9.909637,122.816345
129525.993274,142.667664,10.257858,122.789703
129526.034573,142.542908,10.039948,122.635773
129526.075878,142.414764,10.045425,122.696777
129526.117180,142.492950,9.924133,122.716187
129526.158481,142.876694,9.980728,122.458374
129526.199785,142.788422,9.916733,122.840302
129526.241090,142.824097,9.982269,122.532822
129526.282393,142.901459,10.060120,122.506042
129526.323696,142.806900,10.044403,122.334427
129526.364997,142.709747,10.112488,122.473465
129526.406298,142.634277,10.147614,122.366074
129526.447599,142.562866,10.199341,122.196426
129526.488901,142.345047,10.267654,122.379364
129526.530205,142.408997,10.051270,122.459229
129526.571506,142.356720,10.162231,122.364624
129526.612806,142.704575,9.951126,122.762955
129526.654109,142.671127,10.115082,122.479141
129526.695412,142.584930,9.957886,122.671631
129526.736715,142.762802,10.058701,122.776672
129526.778016,142.611450,9.938263,122.637329
129526.819318,142.701996,10.138565,122.880386
129526.860619,142.525269,10.310699,122.347977
129526.901921,142.538223,10.294785,122.422638
129526.943224,142.916672,10.163696,122.511246
129526.984526,142.847717,9.937973,122.605606
129527.025825,142.791199,10.129990,122.524826
129527.067124,142.741592,9.946732,122.215714
129527.108426,142.490677,10.167343,122.227020
129527.149728,142.497101,10.347305,122.236588
129527.191033,142.682266,10.087250,122.487076
129527.232337,142.482681,10.258987,122.397110
129527.273641,142.923325,10.003235,122.349976
129527.314944,142.702774,10.079163,122.469666
129527.356248,142.705902,10.107864,122.653946
129527.397554,142.508759,10.071228,122.833694
129527.438859,142.649139,10.105270,122.758224
129527.480163,142.560272,10.213394,122.778961
129527.521466,142.443802,10.090714,122.739960
129527.562769,142.517441,10.169220,122.749512
129527.604071,142.621994,10.196838,122.698181
129527.645374,142.764099,9.940308,122.540070
129527.686676,142.836578,9.825211,122.425095
129527.727979,142.712341,9.948624,122.678238
129527.769281,142.574203,9.981033,122.614578
129527.810583,142.834076,9.829437,122.328751
129527.851884,143.109055,9.446777,122.566696
129527.893184,142.830246,9.794464,122.686478
129527.934487,143.028671,9.563934,122.946060
129527.975788,142.890778,9.771957,123.107925
129528.017087,142.940582,9.755997,122.886093
129528.058386,142.966660,9.969528,122.963043
129528.099684,142.786713,9.936829,123.122131
129528.140983,142.846756,9.638916,122.837585
129528.182280,142.804092,9.843307,122.648056
129528.223579,142.871490,9.712479,122.763367
129528.264878,142.947250,9.945862,122.418335
129528.306176,142.936859,9.784912,122.463638
129528.347473,142.854691,9.695557,122.522125
129528.388773,142.948837,9.681702,122.210876
129528.430073,142.851608,9.697418,122.736526
129528.471374,142.993774,9.731110,122.341553
129528.512675,142.752884,9.816177,122.467346
129528.553976,142.917999,9.688919,122.767258
129528.595277,142.932312,9.647461,122.718658
129528.636577,143.002350,9.618286,122.281021
129528.677875,142.999786,9.712463,122.739395
129528.719177,142.853256,9.630814,122.760635
129528.760477,143.206268,9.842682,122.469589
129528.801777,143.268845,9.625351,122.534164
129528.843075,143.184921,9.553024,122.399979
129528.884373,143.132065,9.680649,122.117706
129528.925674,142.784821,9.822479,122.337997
129528.966974,143.012512,9.610107,122.307785
129529.008274,142.941391,9.400482,122.459808
129529.049573,142.970718,9.721878,122.705429
129529.090872,143.052048,9.591187,122.121475
129529.132171,142.837784,9.828873,122.674316
129529.173469,142.880051,9.638687,122.663834
129529.214768,142.925140,9.730286,122.366440
129529.256069,143.151108,10.056717,122.209671
129529.297369,142.968979,9.939362,122.505096
129529.338671,142.871323,10.022842,122.252396
129529.379972,142.827332,9.909637,122.524078
129529.421273,143.125198,9.732239,122.281448
129529.462575,142.822235,9.927719,122.564621
129529.503878,142.840439,9.976212,122.549484
129529.545181,142.974274,9.828857,122.800461
129529.586482,142.881287,9.916580,122.407013
129529.627785,142.679581,10.058716,122.535248
129529.669087,142.700470,10.045975,122.741074
129529.710387,142.764755,9.912949,122.955902
129529.751688,142.961914,9.826797,122.687836
129529.792991,142.913239,10.109756,123.231323
129529.834293,142.813721,10.016769,122.750519
129529.875592,142.877197,9.855408,122.855148
129529.916891,142.940262,9.967636,122.656616
129529.958189,142.970123,9.950607,122.585205
129529.999487,142.990768,9.937973,122.412933
129530.040788,142.971512,9.890701,122.795395
129530.082088,142.906342,9.773224,122.712982
129530.123387,142.845627,9.844772,122.530334
129530.164687,142.986816,9.779999,122.403763
129530.205984,142.958145,9.804993,122.696350
129530.247284,142.728180,9.932449,122.498230
129530.288585,143.012268,9.806534,122.755219
129530.329887,142.874008,9.895172,122.678360
129530.371185,142.760056,9.831802,122.610077
129530.412485,142.894806,9.887985,122.647934
129530.453786,142.994232,9.985840,122.994095
129530.495088,142.826202,10.200531,122.492584
129530.536390,142.958313,9.966156,122.602295
129530.577693,142.908127,10.094360,122.770966
129530.618996,143.069733,9.798538,122.342010
129530.660296,142.855011,10.071533,122.693176
129530.701596,142.841461,9.870193,122.478714
129530.742896,142.680374,9.946335,122.797180
129530.784195,142.895920,10.085159,122.897064
129530.825494,142.640106,9.735413,122.837326
129530.866797,142.710632,9.971954,122.754562
129530.908101,142.771606,9.616394,122.743118
129530.949404,142.889923,9.771255,122.802734
129530.990707,142.906616,9.660522,122.841492
129531.032006,143.125351,9.658310,122.646973
129531.073306,143.250336,9.471848,122.938828
129531.114606,143.087692,9.848785,123.052811
129531.155906,142.958954,9.928162,122.867111
129531.197208,142.826782,9.787750,122.932007
129531.238511,142.942139,9.833954,122.784500
129531.279812,142.808914,9.833710,122.872086
129531.321112,142.645325,9.840134,122.723831
129531.362413,142.811005,9.851547,122.569794
129531.403716,142.661133,9.701675,122.818130
129531.445018,142.743500,9.479370,122.857864
129531.486321,142.899170,9.695602,122.650085
129531.527625,142.724396,9.742218,122.686279
129531.568927,142.699509,9.909683,122.511398
129531.610229,142.786850,9.553879,122.668976
129531.651532,142.806046,9.829468,122.688034
129531.692835,142.727036,9.793030,122.562714
129531.734139,142.624344,9.694183,122.753906
129531.775441,142.738403,9.801849,122.428253
129531.816743,142.735489,10.020050,122.417770
129531.858046,142.926254,9.818375,122.631454
129531.899349,142.789291,9.866486,122.850739
129531.940650,142.538712,10.115326,122.505646
129531.981951,142.805908,9.822800,122.632401
129532.023253,142.676697,9.712036,122.679382
129532.064556,142.721512,9.818054,122.763870
129532.105857,142.782959,9.826416,122.785828
129532.147159,142.613892,10.025070,122.616760
129532.188459,142.675934,9.754318,122.623322
129532.229759,142.674652,9.756119,122.895111
129532.271061,142.590775,9.789825,122.827194
129532.312362,142.660477,9.885651,122.992493
129532.353659,142.584839,9.812851,122.901657
129532.394959,142.554642,9.846176,122.694336
129532.436259,142.815506,9.772766,123.053345
129532.477561,142.629791,9.712509,122.927628
129532.518861,142.671738,9.651443,122.674789
129532.560160,143.057236,9.654358,122.616364
129532.601464,142.781418,9.785599,122.573502
129532.642769,142.751221,9.667633,122.873566
129532.684072,142.783524,9.902756,122.930984
129532.725373,142.918915,9.577652,123.050842
129532.766676,142.971588,9.486893,123.078079
129532.807980,142.875488,9.598068,122.703903
129532.849282,142.938904,9.772903,122.737442
129532.890586,143.157761,9.610367,123.038391
129532.931889,143.063904,9.660690,122.887314
129532.973192,142.811417,9.922058,122.610245
129533.014497,142.996155,9.783829,122.625351
129533.055799,143.045303,9.802032,122.466324
129533.097099,142.715134,9.797318,122.747238
129533.138401,142.777725,9.988235,122.745605
129533.179703,142.909210,9.841980,122.792053
129533.221008,142.934448,9.811966,122.605423
129533.262313,142.785080,9.977020,122.560837
129533.303620,142.702286,9.759033,122.674576
129533.344925,142.884277,9.862717,122.544968
129533.386232,143.026352,9.651886,122.414062
129533.427537,142.851196,9.917969,122.527756
129533.468839,143.087799,9.900467,122.636734
129533.510144,143.090561,9.696411,122.523621
129533.551448,142.914185,9.736801,122.508987
129533.592753,143.006256,9.831573,122.653259
129533.634060,142.898636,9.910263,122.390305
129533.675368,143.055038,9.798874,122.361145
129533.716673,143.021667,10.014603,121.952103
129533.757977,142.849899,9.724960,122.659134
129533.799281,142.636887,9.761124,122.418640
129533.840586,142.773056,9.817429,122.292725
129533.881887,142.632828,9.875015,122.758286
129533.923188,142.773666,9.612122,122.483765
129533.964491,142.946030,9.661331,122.852036
129534.005795,142.745941,9.777222,122.611328
129534.047099,142.763275,9.802460,122.566940
129534.088403,142.902100,9.826340,122.872879
129534.129705,142.766525,9.866959,122.792480
129534.171011,142.634140,9.772293,123.080261
129534.212315,142.837555,9.847549,122.573608
129534.253616,142.753769,9.956055,122.657791
129534.294918,142.790482,9.934723,122.768463
129534.336222,142.876831,9.977844,122.699081
129534.377526,142.795258,9.999924,122.559769
129534.418831,142.871811,10.149918,122.424545
129534.460133,142.966873,10.026428,122.641632
129534.501433,142.884201,9.976151,122.183014
129534.542733,142.952225,9.900726,122.493408
129534.584036,142.975403,9.782578,122.125961
129534.625340,143.026016,9.687561,122.673035
129534.666644,142.903107,9.722702,122.541870
129534.707946,142.922195,9.758667,122.381104
129534.749249,142.983978,9.913208,122.683182
129534.790551,143.006104,9.830948,122.742203
129534.831852,143.036209,10.055023,122.857574
129534.873157,143.184387,9.920441,122.804642
129534.914460,143.019241,9.882858,122.759430
129534.955765,142.938950,9.975250,122.709824
129534.997069,142.976608,9.944122,122.948013
129535.038369,142.922775,9.923721,122.501831
129535.079670,142.658035,10.126236,122.368027
129535.120971,142.581711,10.014481,122.232117
129535.162273,142.647324,9.914917,122.786057
129535.203573,142.868179,9.855026,122.847992
129535.244875,142.968323,9.681931,122.667984
129535.286177,142.652695,9.914291,122.508102
129535.327480,142.812073,9.746994,122.469025
129535.368784,142.979385,9.607056,122.591675
129535.410090,142.916016,9.863617,122.915375
129535.451394,143.063766,9.982605,122.493790
129535.492698,142.786316,9.808517,122.606277
129535.534002,142.792770,9.817062,122.741226
129535.575308,142.794037,9.935654,123.026352
129535.616612,142.947495,9.830276,122.581345
129535.657915,142.887589,9.810699,122.622620
129535.699217,142.780319,9.899002,122.372543
129535.740517,142.776474,9.848953,122.519531
129535.781816,142.732986,9.769852,122.409790
129535.823114,142.529373,9.916687,122.496613
129535.864414,142.520767,9.842789,122.522202
129535.905715,142.715057,9.861252,122.533798
129535.947016,142.676407,9.997971,122.575485
129535.988317,142.703415,9.979584,122.690292
129536.029620,142.566360,10.031342,122.999908
129536.070925,142.839935,10.175720,122.991974
129536.112229,142.907974,10.176605,122.396118
129536.153529,142.895004,10.213837,122.481064
129536.194831,142.867981,10.056396,122.430527
129536.236131,142.861252,9.955414,122.349747
129536.277432,142.552460,10.011368,122.610611
129536.318731,142.786026,10.125488,122.310638
129536.360031,142.738297,9.986221,122.370392
129536.401332,142.830917,10.000336,122.244293
129536.442633,142.734909,9.962952,122.097046
129536.483934,142.818161,9.953979,122.218369
129536.525233,142.923050,9.948761,122.637238
129536.566531,142.902161,10.018127,122.339783
129536.607831,142.914886,10.099289,122.585434
129536.649134,142.963806,9.956894,122.474045
129536.690437,143.182358,9.919449,122.511322
129536.731740,143.099518,9.926865,122.809631
129536.773043,142.916382,10.049637,122.809326
129536.814348,142.927109,10.089294,122.485016
129536.855653,143.003265,10.051208,122.175568
129536.896956,142.795517,10.010010,122.264572
129536.938259,142.722641,9.798553,122.476334
129536.979561,142.678833,9.864838,122.509308
129537.020862,142.491959,9.915604,122.454453
129537.062164,142.644470,9.915314,122.300552
129537.103466,142.989822,9.835983,122.416153
129537.144767,142.793457,9.825684,122.432007
129537.186067,142.560181,9.994675,122.675629
129537.227369,142.674286,10.008530,122.670578
129537.268674,142.789047,9.590149,122.487564
129537.309981,142.756577,10.143555,122.476089
129537.351285,142.756989,10.261307,122.406174
129537.392589,142.802902,10.100189,122.527390
129537.433892,142.805557,10.092972,122.369583
129537.475195,142.714249,10.086182,122.304962
129537.516498,142.842133,9.960327,122.687454
129537.557802,142.759399,10.095032,122.538879
129537.599104,142.884567,9.917068,122.464890
129537.640406,142.741760,9.941406,122.396469
129537.681708,142.745895,9.886139,122.560181
129537.723008,142.590591,10.064789,122.372589
129537.764308,142.786774,9.986588,122.512909
129537.805609,142.698593,9.862808,122.619080
129537.846909,142.747391,9.925690,122.425064
129537.888208,142.765533,9.961273,122.556168
129537.929506,142.881348,10.030548,122.744064
129537.970807,142.862930,10.024658,122.475342
129538.012108,142.918808,10.026123,122.541382
129538.053409,142.857925,10.051865,122.626877
129538.094710,142.953018,10.075867,122.629410
129538.136011,143.149796,9.995972,122.250809
129538.177312,143.206253,9.861832,122.645752
129538.218615,143.062988,10.063416,122.679169
129538.259916,142.958527,9.720566,122.397614
129538.301217,142.988312,9.988449,122.301025
129538.342517,142.974854,10.159607,122.590149
129538.383819,142.978882,10.035645,122.578049
129538.425119,142.843964,9.846298,122.817825
129538.466423,142.905823,10.093948,122.974548
129538.507726,142.867996,10.081879,122.763626
129538.549029,142.927567,10.202621,122.731766
129538.590333,142.821365,10.024597,122.672577
129538.631638,143.010284,10.043533,122.648056
129538.672944,142.859650,9.869583,122.406830
129538.714250,142.901581,9.871368,122.610992
129538.755557,142.840042,9.852463,122.797913
129538.796863,142.917755,9.991409,122.622269
129538.838170,142.856934,10.082977,122.800934
129538.879474,142.707062,9.951767,122.888962
129538.920775,142.782822,9.937119,122.562195
129538.962079,142.700516,9.908691,122.719986
129539.003382,142.927750,9.761887,122.881073
129539.044682,142.871750,9.903183,122.666122
129539.085984,142.797516,9.922440,122.783279
129539.127285,142.821396,9.769714,122.640213
129539.168588,142.833740,9.841660,122.657547
129539.209890,142.750687,10.118042,122.813568
129539.251193,142.972214,9.930801,122.680023
129539.292497,142.975845,9.916870,122.632339
129539.333799,142.826218,9.982986,122.690414
129539.375101,143.020767,9.846497,122.642700
129539.416404,142.955521,9.737244,122.472290
129539.457708,142.877792,9.751450,122.879532
129539.499012,142.807800,9.900177,122.798737
129539.540315,142.828506,10.029877,122.662445
129539.581616,143.069321,10.050476,122.668045
129539.622918,142.857544,10.327484,122.334015
129539.664222,142.986359,10.061020,122.604370
129539.705525,143.087631,9.910385,122.404846
129539.746827,143.210190,9.992035,122.795547
129539.788129,142.955887,10.006897,122.762543
129539.829431,142.952209,10.297379,122.623703
129539.870736,142.996567,10.119537,122.621246
129539.912041,142.839325,10.247971,122.672867
129539.953344,143.049011,10.138855,122.889145
129539.994646,142.974213,10.110764,122.769836
129540.035951,142.997223,10.084137,122.709137
129540.077257,142.845703,9.987656,122.395493
129540.118563,142.778030,9.989334,122.440643
129540.159867,142.902237,9.850403,122.335800
129540.201172,142.998871,10.002396,122.591324
129540.242475,142.907608,10.164566,122.652069
129540.283777,142.843536,10.265045,122.780151
129540.325079,142.807190,9.983383,122.864227
129540.366382,142.590332,10.163498,122.892578
129540.407686,142.670456,10.213470,122.579727
129540.448990,142.740067,10.419495,122.928329
129540.490295,142.950729,10.062256,122.995270
129540.531600,143.049316,10.205963,122.730865
129540.572904,142.641922,10.121353,123.161423
129540.614207,142.886734,10.033966,122.769547
129540.655510,142.975235,9.942123,122.412125
129540.696815,142.997986,10.123596,122.657516
129540.738122,142.999741,9.836182,122.387634
129540.779425,143.060806,9.805649,122.357162
129540.820730,142.946503,9.936050,122.590576
129540.862036,142.772049,9.924683,122.258453
129540.903341,142.757706,9.743790,122.931076
129540.944646,143.187439,9.763260,122.721680
129540.985950,142.830750,9.915970,122.847672
129541.027252,142.977798,9.948669,122.833679
129541.068554,143.118073,9.864609,122.875504
129541.109856,143.138779,9.812241,122.641556
129541.151159,142.940811,9.954758,122.839676
129541.192461,143.014496,10.056122,122.723618
129541.233764,143.043365,9.834961,122.760101
129541.275068,142.739441,9.866196,122.565048
129541.316370,142.940140,9.935593,123.000397
129541.357670,142.641541,9.778702,122.598297
129541.398972,142.813400,9.887711,122.975769
129541.440272,142.582108,10.136856,122.869873
129541.481574,142.642136,9.798584,122.680206
129541.522875,142.741364,10.083282,122.740433
129541.564175,142.658356,10.079651,122.371140
129541.605476,142.890289,10.200928,122.776489
129541.646779,142.788010,10.160004,122.859024
129541.688081,142.640015,9.981232,122.612534
129541.729384,142.785248,10.139053,122.904251
129541.770688,142.719406,10.055206,122.846298
129541.811993,142.649796,10.116211,122.702316
129541.853298,142.712296,10.200363,122.424698
129541.894605,142.611389,10.014130,122.674301
129541.935908,142.593918,9.931335,122.650757
129541.977210,142.746872,10.016113,122.749084
129542.018511,142.740448,9.721832,122.897217
129542.059815,142.721024,9.873215,122.717621
129542.101119,142.756027,9.713089,122.901428
129542.142423,142.579666,10.003693,122.682816
129542.183726,142.668427,10.020157,122.822250
129542.225032,142.762390,10.173935,122.546692
129542.266336,142.823090,10.120880,122.690292
129542.307639,142.647583,10.056564,122.674591
129542.348942,142.802002,9.998444,122.767990
129542.390246,142.655975,10.238892,122.856705
129542.431552,142.780472,10.246140,122.792648
129542.472855,142.643356,10.108444,122.424210
129542.514157,142.848282,10.020508,122.729507
129542.555462,142.637939,9.849548,122.774017
129542.596764,142.734055,9.906631,122.588791
129542.638067,142.949783,9.874420,122.856796
129542.679372,142.784302,9.804565,122.915359
129542.720675,142.758163,9.866119,122.928421
129542.761978,142.786484,9.934769,123.104279
129542.803280,142.855667,9.755814,123.087814
129542.844585,142.618698,9.779816,123.040771
129542.885888,142.773895,10.048004,123.128342
129542.927190,142.765259,10.169159,122.668274
129542.968492,142.760284,9.932571,122.681885
129543.009793,142.841507,10.031906,122.689774
129543.051096,142.736557,9.737610,122.620804
129543.092401,142.692963,9.983704,122.795609
129543.133704,142.834244,9.718658,122.586823
129543.175006,142.707916,9.969864,122.436539
129543.216308,142.741287,9.880692,122.703583
129543.257608,142.706558,9.776703,122.530716
129543.298912,142.792618,9.900604,122.685013
129543.340213,142.961777,9.990311,122.659912
129543.381517,142.698364,10.049484,122.889801
129543.422820,142.928757,10.011795,122.768188
129543.464125,142.730789,10.030991,123.059418
129543.505427,142.937775,10.043167,122.720642
129543.546729,142.783203,10.128220,122.976974
129543.588031,142.699188,10.203201,122.648819
129543.629330,142.757858,10.154190,122.735199
129543.670628,142.844772,10.060684,122.781097
129543.711931,142.481354,10.258347,122.408020
129543.753231,142.557785,10.096970,122.490952
129543.794534,142.382492,10.287308,122.698303
129543.835835,142.641296,10.198578,122.850815
129543.877135,142.844040,10.252457,122.765335
129543.918438,142.685287,10.308853,122.760605
129543.959738,142.751862,10.156616,122.983429
129544.001039,142.751251,10.120132,123.194977
129544.042339,142.683640,10.077637,122.794617
129544.083639,142.716385,9.907547,123.104980
129544.124941,142.717361,9.982529,122.944122
129544.166243,142.801010,10.228180,122.709915
129544.207545,142.597824,9.989029,122.688141
129544.248844,142.552841,9.996933,122.643799
129544.290146,142.768585,9.974228,122.648422
129544.331447,142.821930,10.058029,122.485428
129544.372751,142.479645,10.052277,122.539597
129544.414054,142.492004,9.860352,122.570328
129544.455355,142.443268,9.793991,122.712601
129544.496657,142.331360,9.971344,123.029449
129544.537960,142.268417,10.162216,123.034485
129544.579263,142.521301,10.133896,122.956802
129544.620565,142.575211,9.853287,123.342270
129544.661869,142.872208,9.907288,122.896393
129544.703175,142.975128,9.855759,122.955658
129544.744478,142.789230,9.904678,123.003189
129544.785781,142.751343,9.985107,123.046310
129544.827084,142.923645,9.901962,123.004547
129544.868385,142.814972,9.989609,123.436081
129544.909684,142.676285,9.800507,123.036850
129544.950987,142.909882,9.905182,123.000504
129544.992291,142.839844,9.914276,122.815338
129545.033595,142.386856,10.089432,123.162613
129545.074897,142.655624,9.845123,122.922104
129545.116202,142.404724,9.936111,123.152100
129545.157506,142.542969,9.970505,122.997330
129545.198811,142.577682,10.191223,123.012390
129545.240114,142.342270,10.017990,123.280365
129545.281417,142.453629,9.952988,123.444336
129545.322719,142.509766,10.118134,123.202271
129545.364019,142.676254,9.851547,123.244888
129545.405319,142.822647,9.709259,123.236649
129545.446618,142.472672,10.186829,123.357315
129545.487920,142.588730,9.940155,123.077118
129545.529223,142.505875,9.760605,122.946243
129545.570525,142.637329,9.895416,123.057144
129545.611828,142.503510,9.744003,122.919724
129545.653129,142.659775,9.768890,122.754807
129545.694432,142.618073,9.771835,122.722000
129545.735733,142.517273,9.944748,122.700531
129545.777036,142.607239,10.012772,122.822968
129545.818338,142.681091,9.641891,123.046585
129545.859642,142.856171,9.876953,122.798294
129545.900945,142.699417,10.077103,122.523972
129545.942248,142.838272,10.187668,123.052780
129545.983550,142.809448,10.056076,122.976364
129546.024852,142.808578,10.232620,122.878464
129546.066154,142.716248,10.118073,122.836838
129546.107459,142.662933,9.781570,123.019119
129546.148763,142.653931,10.061584,122.958832
129546.190068,142.752350,10.032471,123.069672
129546.231372,142.641006,10.031418,123.196732
129546.272675,142.837738,9.976791,122.988739
129546.313979,142.604385,9.900452,122.940033
129546.355279,142.736237,9.697281,123.024673
129546.396580,142.846512,9.763702,123.196701
129546.437882,142.824249,9.827225,122.772079
129546.479183,142.796494,9.803268,122.796478
129546.520484,142.707581,10.078247,122.816040
129546.561785,142.723587,10.186035,122.715210
129546.603088,142.661545,9.908646,123.041611
129546.644391,142.818573,10.144760,123.064789
129546.685690,142.852234,9.965744,122.895737
129546.726992,142.782532,9.878403,122.637756
129546.768292,142.839264,9.884720,122.630676
129546.809593,142.654053,9.866272,122.949493
129546.850893,142.619095,9.914322,122.693695
129546.892195,142.799637,9.909378,123.048538
129546.933496,142.714401,9.935089,122.803421
129546.974799,142.674728,10.124039,122.819885
129547.016099,142.624146,10.098114,122.806122
129547.057400,142.570267,10.032211,122.780258
129547.098701,142.575012,10.009903,122.654999
129547.140000,142.625473,10.151108,122.588135
129547.181302,142.653397,10.100937,122.368958
129547.222605,142.656921,10.227432,122.538208
129547.263906,142.587830,10.109009,122.627167
129547.305209,142.493271,10.255722,122.939850
129547.346510,142.642792,10.281265,122.686203
129547.387814,142.639526,10.092758,122.589355
129547.429118,142.710693,9.983093,122.609634
129547.470423,142.764145,9.934158,122.667099
129547.511727,142.431747,10.037018,122.789001
129547.553031,142.513428,10.060699,122.819489
129547.594334,142.325546,10.150253,122.399582
129547.635637,142.470261,10.027588,122.861862
129547.676940,142.602951,9.910522,122.806458
129547.718244,142.511017,10.092545,122.767197
129547.759546,142.824371,9.946838,122.839478
129547.800850,142.499161,10.256180,122.968399
129547.842150,142.649963,10.062668,122.812073
129547.883453,142.486084,10.154022,123.018188
129547.924755,142.435684,10.243301,123.043457
129547.966057,142.571335,10.394333,122.778168
129548.007359,142.438263,10.119370,122.737900
129548.048661,142.448929,10.045242,123.052429
129548.089965,142.505127,10.285904,122.639236
129548.131270,142.555893,10.257782,122.604660
129548.172572,142.490570,10.094009,122.591766
129548.213872,142.538940,10.224899,122.757019
129548.255171,142.535004,9.912521,122.809555
129548.296474,142.736679,9.954895,122.573730
129548.337777,142.750504,9.885956,122.927078
129548.379081,142.467926,10.111633,123.196579
129548.420383,142.584137,10.118744,122.982132
129548.461686,142.474365,10.203079,122.828934
129548.502989,142.555023,10.377625,122.765625
129548.544292,142.545151,10.317108,122.939377
129548.585594,142.542084,10.145157,122.733368
129548.626896,142.718964,10.096649,122.673325
129548.668197,142.767990,10.186813,122.856491
129548.709499,142.665390,10.103882,122.415314
129548.750800,142.525665,10.170380,122.729019
129548.792102,142.692612,9.810226,122.916595
129548.833400,142.456146,10.264618,122.724716
129548.874700,142.816895,9.985916,122.707886
129548.916001,142.648636,10.242325,122.591583
129548.957301,142.720367,10.054214,123.039139
129548.998599,142.599045,9.972717,122.982712
129549.039897,142.754837,9.870285,122.884033
129549.081195,142.740616,10.100937,122.761581
129549.122496,142.633682,10.128906,123.229034
129549.163794,142.707977,9.906525,122.888870
129549.205094,142.833649,10.133759,123.225601
129549.246393,142.751266,10.160416,122.867828
129549.287691,142.676453,10.078735,122.529083
129549.328990,142.704391,9.869537,122.890060
129549.370292,142.552582,9.979004,122.837204
129549.411596,142.757339,9.749298,122.747498
129549.452899,142.797775,9.961792,123.017593
129549.494202,142.768143,10.073196,122.917831
129549.535506,142.578278,10.062881,122.986526
129549.576808,142.762497,10.143326,122.832062
129549.618109,142.560333,9.938156,122.849625
129549.659411,142.842026,9.935501,122.691376
129549.700712,142.757507,9.980240,123.026825
129549.742013,142.982437,10.006119,123.059891
129549.783313,142.883255,9.912933,122.917908
129549.824612,142.590149,10.003479,122.914505
129549.865912,142.735718,10.070618,123.218140
129549.907215,142.676331,10.233551,122.905991
129549.948517,142.810638,9.961136,123.330261
129549.989823,142.760452,9.934875,123.101517
129550.031127,142.485229,9.966232,122.928635
129550.072431,142.623566,9.843628,123.075134
129550.113734,142.630814,10.001419,123.214432
129550.155036,142.651627,10.079102,122.948456
129550.196339,142.583954,9.967255,123.130508
129550.237642,142.626328,10.108093,122.917664
129550.278941,142.651566,10.134109,123.342041
129550.320238,142.690765,10.239716,122.987427
129550.361539,142.673004,10.254684,123.248962
129550.402841,142.755707,10.156433,123.011597
129550.444140,142.811462,10.391495,123.079376
129550.485441,142.882782,10.055969,123.086716
129550.526741,142.831879,9.982895,123.132736
129550.568039,142.823883,9.945328,123.211533
129550.609338,142.772278,9.772507,123.137299
129550.650638,142.635193,9.815079,123.350632
129550.691938,142.779846,9.983521,123.108109
129550.733238,142.766632,10.241653,123.035721
129550.774538,142.877029,9.989029,123.034119
129550.815838,142.811874,9.848404,122.984406
129550.857134,142.783569,10.014969,122.994232
129550.898435,142.714722,9.766800,122.810440
129550.939735,142.796280,9.942520,122.885376
129550.981037,142.983566,9.863022,123.089539
129551.022337,142.748856,10.024002,122.605637
129551.063636,142.730026,9.937592,122.956879
129551.104938,142.747101,10.015869,122.902557
129551.146239,142.825806,9.870697,122.675964
129551.187537,142.650879,9.989349,123.002457
129551.228835,142.606262,9.834076,123.225571
129551.270134,142.671875,9.950272,122.866379
129551.311433,142.619812,9.983780,123.111633
129551.352732,142.573135,9.909180,122.659958
129551.394031,142.689194,9.816437,123.072006
129551.435332,142.667221,9.902527,123.127808
129551.476633,142.527176,9.941620,122.965866
129551.517930,142.646683,10.028244,123.133636
129551.559228,142.540588,9.927002,122.626053
129551.600524,142.642197,10.071716,122.974854
129551.641820,142.790039,9.867523,123.407333
129551.683115,142.742249,9.980377,123.194382
129551.724409,142.523270,10.063751,123.017426
129551.765708,142.642227,10.091827,122.823196
129551.807005,142.482712,10.122452,122.710876
129551.848303,142.448181,10.059464,122.534851
129551.889599,142.532745,9.939209,122.779541
129551.930896,142.408905,9.913589,122.866730
129551.972191,142.523361,10.219757,122.713715
129552.013488,142.512711,10.073563,122.553711
129552.054784,142.501389,10.132690,122.610779
129552.096080,142.277313,10.132858,123.070404
129552.137375,142.639450,10.120422,123.098755
129552.178674,142.531448,10.404465,123.121643
129552.219972,142.775345,10.352905,122.875565
129552.261268,142.545120,10.292572,122.616104
129552.302567,142.490921,10.231476,122.935715
129552.343865,142.532501,10.141937,123.200195
129552.385160,142.269394,10.319839,122.983826
129552.426456,142.580261,10.255676,122.976044
129552.467753,142.462708,10.047485,122.918655
129552.509050,142.689056,9.980576,122.836380
129552.550348,142.399521,9.929962,123.141006
129552.591649,142.408310,9.901230,123.429886
129552.632948,142.448685,10.182831,123.174133
129552.674246,142.516037,9.947906,123.038651
129552.715543,142.745865,9.803345,122.784744
129552.756838,142.739502,9.986328,123.047134
129552.798138,142.587662,10.046753,123.327515
129552.839435,142.683487,10.140533,122.808624
129552.880732,142.910736,10.052292,122.989410
129552.922029,142.583328,10.245667,123.133316
129552.963327,142.719955,9.869339,122.745590
129553.004622,142.773697,10.149643,122.863831
129553.045922,142.745789,10.109970,122.762878
129553.087221,142.615158,9.861115,122.635834
129553.128522,142.437866,9.885345,122.977509
129553.169821,142.486511,10.103561,122.870132
129553.211122,142.341614,10.168304,122.726791
129553.252424,142.358185,10.105438,122.628448
129553.293728,142.495804,10.167892,122.724167
129553.335028,142.692795,9.982681,122.651123
129553.376329,142.679642,9.881134,122.805313
129553.417631,142.728485,9.978699,122.727737
129553.458933,142.616180,10.128799,122.577240
129553.500235,142.486298,10.478790,122.438309
129553.541538,142.483917,10.335190,122.881226
129553.582841,142.411453,9.949707,122.596725
129553.624143,142.492264,10.006821,122.540298
129553.665444,142.582626,10.128540,122.551453
129553.706745,142.546524,9.708542,122.117661
129553.748046,142.307663,9.774139,122.240082
129553.789349,142.286148,10.125900,122.140991
129553.830649,142.480637,10.018387,122.531570
129553.871951,142.372375,10.123947,122.719223
129553.913253,142.516098,10.290878,122.685806
129553.954556,142.376221,10.159561,122.712112
129553.995856,142.642273,10.279633,122.720322
129554.037156,142.589584,10.250153,122.372971
129554.078457,142.673615,10.129639,122.271851
129554.119757,142.771667,10.160690,122.322266
129554.161056,142.593109,10.268356,122.569107
129554.202356,142.625854,10.370834,122.626740
129554.243657,142.817032,10.042480,122.735657
129554.284956,142.852692,10.083191,122.531952
129554.326255,142.346069,9.854523,122.425308
129554.367554,142.619812,10.110138,122.673721
129554.408851,142.457962,10.204468,122.671707
129554.450147,142.537720,9.979935,122.725052
129554.491444,142.425735,10.102707,122.708786
129554.532742,142.675873,10.066620,122.508499
129554.574040,142.668060,10.022095,122.627792
129554.615342,142.622849,10.198792,122.722687
129554.656642,142.828125,10.262512,122.568039
129554.697944,142.686203,10.283142,122.623123
129554.739246,142.686646,10.254318,122.700363
129554.780548,142.774170,10.069489,122.960022
129554.821849,142.891571,10.083771,122.491623
129554.863151,142.739334,10.143021,122.411377
129554.904453,142.698944,10.067215,122.511063
129554.945753,142.535660,10.150940,122.613632
129554.987056,142.401978,10.197189,122.598099
129555.028359,142.653671,9.948944,122.700165
129555.069660,142.563324,9.995377,122.210770
129555.110963,142.537643,10.138474,122.689941
129555.152264,142.575134,10.121475,122.921005
129555.193565,142.551712,10.024643,122.680481
129555.234865,142.644897,10.199493,122.913376
129555.276166,142.667648,10.070724,122.742432
129555.317468,142.727386,10.035477,122.712982
129555.358767,142.650192,10.140381,122.777557
129555.400067,142.737000,10.181641,122.611145
129555.441367,142.552994,10.145096,122.712158
129555.482667,142.697418,10.117325,122.986984
129555.523969,142.645538,10.126328,122.427734
129555.565267,142.635117,10.090576,122.451202
129555.606567,142.689667,10.244934,122.242737
129555.647867,142.578598,10.183899,122.593506
129555.689166,142.455429,10.029160,122.802979
129555.730465,142.525772,10.165543,122.881561
129555.771765,142.764923,9.960678,122.590012
129555.813064,142.493317,10.213165,122.541855
129555.854366,142.547485,10.051270,122.649704
129555.895666,142.605316,10.083817,122.829437
129555.936968,142.683929,10.313171,122.846008
129555.978273,142.417007,10.197311,122.768280
129556.019576,142.625336,10.179276,122.733810
129556.060878,142.606705,10.126556,122.552170
129556.102179,142.593384,10.235367,122.541229
129556.143478,142.727097,9.885437,122.611313
129556.184780,142.603210,10.043274,122.616547
129556.226083,142.596924,9.989395,122.622452
129556.267385,142.402573,9.903214,122.613281
129556.308689,142.589264,9.779251,122.825424
129556.349991,142.562592,9.800003,122.559937
129556.391294,142.549133,9.763153,123.075516
129556.432594,142.514801,9.794418,122.990601
129556.473894,142.452621,9.861526,122.517746
129556.515194,142.694122,10.072678,122.794800
129556.556493,142.535538,10.168945,122.551636
129556.597793,142.397141,9.876526,122.766830
129556.639093,142.274216,10.046280,122.656952
129556.680396,142.391434,10.011337,122.483932
129556.721696,142.412689,10.228836,122.347763
129556.762999,142.450302,9.911987,122.298355
129556.804299,142.705109,9.958328,122.423233
129556.845601,142.561020,9.970428,122.469131
129556.886900,142.471802,9.806030,122.545334
129556.928201,142.568741,9.872116,122.343018
129556.969503,142.492233,10.039246,122.345215
129557.010802,142.556824,9.931000,122.506561
129557.052103,142.534973,10.006958,122.538361
129557.093403,142.532547,10.088776,122.240250
129557.134703,142.482513,10.260971,122.300613
129557.176000,142.680573,9.917938,122.549347
129557.217298,142.624481,9.987885,122.539139
129557.258596,142.425812,10.115982,122.375534
129557.299897,142.415466,10.018906,122.371307
129557.341199,142.513596,10.000168,122.362244
129557.382500,142.721329,9.969604,122.275009
129557.423801,142.495712,9.844543,122.295837
129557.465099,142.453583,9.858963,122.210205
129557.506397,142.497284,9.786102,122.353806
129557.547694,142.787704,9.774261,122.566376
129557.588989,142.619308,9.925873,122.776932
129557.630286,142.629349,9.765945,122.774872
129557.671582,142.329742,9.790970,122.318588
129557.712878,142.537338,10.031906,122.687057
129557.754175,142.595367,9.915527,123.122559
129557.795471,142.862427,9.845688,122.727158
129557.836768,142.738159,10.195969,122.449921
129557.878067,142.763107,9.877457,122.607895
129557.919366,142.618927,10.010300,122.484085
129557.960667,142.892395,9.894714,122.507187
129558.001969,142.843002,10.017441,122.597672
129558.043269,142.712189,9.984573,122.412720
129558.084567,142.741516,9.842316,122.386566
129558.125864,142.779785,9.969925,122.676773
129558.167160,142.617615,9.971375,122.499725
129558.208456,142.674332,9.733353,122.250885
129558.249752,142.835999,9.984421,122.863800
129558.291048,142.603943,9.918365,122.800858
129558.332345,142.691360,10.081360,122.417221
129558.373645,142.801941,10.011703,122.611313
129558.414946,142.712906,10.144196,122.973862
129558.456247,142.891052,10.105011,122.639542
129558.497549,142.683426,10.066452,122.469894
129558.538849,142.682892,10.137833,122.623383
129558.580151,142.708160,9.978409,122.602524
129558.621451,142.583893,10.227371,122.548080
129558.662753,142.643494,10.055389,122.551956
129558.704055,142.735397,9.920120,122.430344
129558.745355,142.868179,10.129166,122.535461
129558.786654,142.760941,10.048553,122.423965
129558.827953,142.752213,9.928482,122.669113
129558.869252,142.702789,10.161743,122.852417
129558.910553,142.592087,10.046921,122.633606
129558.951852,142.826218,10.021820,122.399185
129558.993152,142.646774,10.091248,122.271439
129559.034451,142.970230,9.924713,122.454056
129559.075751,142.490479,10.063309,122.438431
129559.117049,142.440750,10.210800,122.174683
129559.158347,142.680283,9.975708,122.426041
129559.199646,142.758469,9.979095,122.578751
129559.240945,142.557755,9.932434,122.383102
129559.282244,142.472382,9.884628,122.425613
129559.323545,142.621719,9.989151,122.211792
129559.364847,142.529312,9.938812,122.498825
129559.406147,142.488831,9.992462,122.331650
129559.447448,142.603195,10.057907,122.207550
129559.488745,142.612671,9.963104,122.261124
129559.530042,142.464401,9.803421,122.094910
129559.571340,142.634888,9.903763,122.536011
129559.612638,142.430206,10.054657,122.420746
129559.653936,142.670822,9.889389,122.515823
129559.695236,142.658081,9.846222,122.385178
129559.736535,142.718323,10.195114,122.433304
129559.777834,142.736435,9.933929,122.228729
129559.819134,142.700668,10.035110,122.165955
129559.860435,142.839813,9.927002,122.291016
129559.901736,142.492966,9.972366,122.126175
129559.943037,142.473343,9.808167,122.514542
129559.984338,142.404495,9.804047,122.132019
129560.025637,142.655731,9.737915,122.030411
129560.066936,142.448196,10.267822,122.051147
129560.108236,142.723831,9.721710,122.279510
129560.149534,142.575378,10.045975,122.442627
129560.190833,142.745041,9.932556,122.566833
129560.232133,142.501923,10.062408,122.300552
129560.273433,142.702545,10.038773,122.274323
129560.314731,142.597290,9.939499,122.070053
129560.356029,142.771454,9.970200,122.169418
129560.397325,142.791061,10.052200,122.122681
129560.438624,142.720306,9.957062,122.215225
129560.479924,142.755600,9.922806,122.460220
129560.521222,142.577972,10.127518,122.261948
129560.562518,142.735687,9.930984,122.552444
129560.603814,142.578506,10.076859,122.028137
129560.645112,142.634064,9.970016,122.132141
129560.686412,142.673599,10.087250,122.635605
129560.727712,142.611923,9.990570,122.640411
129560.769010,142.556900,9.969757,122.897552
129560.810307,142.670456,10.120636,122.400665
129560.851607,142.663574,9.964188,122.393631
129560.892907,142.904221,10.008209,122.336487
129560.934209,142.610275,9.931107,122.485840
129560.975509,142.607513,9.924667,122.459579
129561.016810,142.526123,9.969116,122.221283
129561.058112,142.606964,9.768250,122.202026
129561.099416,142.500870,9.931946,122.375015
129561.140716,142.344711,9.874344,122.252457
129561.182016,142.689545,9.661255,122.607834
129561.223314,142.480438,9.972214,122.497986
129561.264611,142.422852,9.772537,122.461990
129561.305910,142.601151,9.817535,122.478424
129561.347210,142.550125,9.776474,122.821930
129561.388507,142.467285,9.794937,122.890961
129561.429804,142.666809,9.677444,122.899368
129561.471102,142.716919,9.986893,122.720428
129561.512400,142.737259,9.820190,122.677216
129561.553698,142.654709,9.994217,122.676285
129561.594997,142.662338,10.041428,122.330185
129561.636294,142.607513,10.013702,122.692291
129561.677594,142.550064,10.118546,122.759979
129561.718893,142.746506,10.058044,122.586945
129561.760193,142.328506,10.171707,122.647430
129561.801494,142.205902,10.006454,122.723358
129561.842793,142.513443,10.120468,122.460419
129561.884097,142.516953,10.216324,122.764923
129561.925400,142.613251,9.921646,122.584549
129561.966701,142.604919,9.985077,122.489624
129562.008002,142.476120,9.910172,122.432327
129562.049303,142.565323,10.083786,122.480515
129562.090603,142.748093,10.116867,122.817978
129562.131903,142.727570,10.139236,122.742798
129562.173204,142.654221,9.973724,122.870560
129562.214504,142.739853,10.128006,122.972504
129562.255807,142.647919,9.829208,122.820496
129562.297109,142.603149,9.957458,122.546997
129562.338411,142.601089,10.049316,122.388168
129562.379710,142.393021,10.122177,122.816910
129562.421009,142.287949,10.322708,122.638977
129562.462310,142.499176,10.102798,122.595352
129562.503609,142.637070,10.025833,122.524475
129562.544907,142.620697,9.988693,122.449585
129562.586207,142.549133,9.723618,122.182907
129562.627505,142.669769,9.879623,122.485229
129562.668805,142.898071,9.879120,122.569870
129562.710104,142.976913,9.890320,122.383362
129562.751404,142.807648,10.036606,122.423737
129562.792702,142.905899,10.116501,122.517914
129562.834001,142.651917,10.226028,122.523499
129562.875301,142.898026,10.043060,122.574356
129562.916601,142.783188,9.996460,122.558701
129562.957900,142.576157,10.042725,122.651840
129562.999204,142.796936,9.784729,122.816452
129563.040504,142.785385,9.571655,122.663895
129563.081805,142.563354,9.874908,122.519226
129563.123106,142.776947,9.756592,122.781052
129563.164406,142.926605,9.768402,122.386230
129563.205706,142.713303,9.596954,122.648178
129563.247008,142.679001,9.676285,122.603912
129563.288309,142.854843,9.671402,122.628616
129563.329609,142.932358,9.448715,122.450180
129563.370910,142.806946,9.977386,122.598999
129563.412210,142.742920,10.066620,122.638382
129563.453509,142.954254,9.886887,122.609879
129563.494808,142.821182,9.761856,122.686752
129563.536108,142.990494,9.885757,122.650009
129563.577409,142.732346,9.957687,122.460861
129563.618710,142.742752,9.835007,122.526016
129563.660010,142.911423,9.672623,122.788483
129563.701311,142.958603,9.772263,122.625244
129563.742612,142.841019,9.838242,122.671967
129563.783912,142.960678,9.716110,122.398483
129563.825212,142.985336,9.638626,122.747147
129563.866514,142.887665,9.732620,122.889343
129563.907816,142.851944,9.774597,122.962723
129563.949116,142.923203,9.830215,122.569992
129563.990415,142.793365,9.965195,122.760330
129564.031713,143.095917,9.665482,122.718842
129564.073014,142.826965,9.884171,122.331131
129564.114314,142.652435,9.851730,122.621277
129564.155614,142.671585,10.086456,122.502609
129564.196913,142.626938,9.978989,122.401276
129564.238214,142.487350,9.955719,122.637527
129564.279513,142.685822,9.764801,122.878403
129564.320817,142.554947,10.019547,122.582687
129564.362118,142.465027,9.871094,122.397400
129564.403420,142.517715,9.868561,122.554230
129564.444721,142.676804,9.890442,122.799042
129564.486022,142.719559,9.716095,122.583023
129564.527324,142.549957,9.792709,122.654541
129564.568623,142.580170,9.968140,122.766418
129564.609924,142.729202,9.862289,122.408676
129564.651224,142.632996,10.037079,122.649155
129564.692525,142.798752,9.809555,122.940842
129564.733825,142.821686,9.829208,123.040421
129564.775124,142.896164,9.837173,122.855515
129564.816423,142.563461,9.937424,122.863586
129564.857724,142.680511,9.644638,122.435776
129564.899025,142.675217,9.654099,122.517029
129564.940325,142.760147,9.961685,122.859802
129564.981625,142.545746,9.990128,122.479736
129565.022926,142.525986,10.195236,122.533508
129565.064226,142.682297,9.706589,121.976349
129565.105528,142.545944,10.155838,122.676056
129565.146828,142.441315,9.847931,122.581009
