169382.924802,141.466171,12.860641,121.491791
169382.966095,141.402359,13.179733,121.648834
169383.007389,141.309860,12.924744,121.475281
169383.048685,141.428024,12.747528,121.282425
169383.089979,141.553467,12.707321,121.511490
169383.131276,141.382660,12.677094,121.797058
169383.172571,141.523636,12.601990,121.443008
169383.213867,141.294235,12.565125,121.448898
169383.255162,141.336319,12.626236,121.355850
169383.296457,141.252411,12.474655,121.498001
169383.337752,141.540619,12.353577,121.434280
169383.379048,141.600098,12.379745,121.368378
169383.420343,141.576920,12.404999,121.736542
169383.461642,141.406097,12.594345,121.390533
169383.502943,141.358078,12.601898,121.739883
169383.544242,141.366379,12.666382,121.427582
169383.585538,141.410461,12.285538,121.694931
169383.626837,141.378372,12.360245,121.102142
169383.668138,141.494614,12.501755,121.738251
169383.709437,141.520187,12.671936,121.416229
169383.750735,141.355469,12.416031,121.207245
169383.792033,141.572800,12.404327,121.381744
169383.833332,141.413956,12.537292,121.317322
169383.874632,141.564087,12.583313,121.278595
169383.915931,141.532959,12.478363,121.194794
169383.957231,141.442535,12.762024,121.127960
169383.998531,141.706558,12.749741,121.149887
169384.039827,141.783264,12.629074,121.303619
169384.081120,141.561737,12.480270,121.047592
169384.122416,141.679245,12.683563,121.375183
169384.163711,141.924896,12.558853,121.305267
169384.205009,141.977585,12.379044,121.576385
169384.246307,141.866516,12.408051,121.427307
169384.287606,141.784958,12.443512,121.702118
169384.328903,141.688858,12.296188,121.460129
169384.370201,141.695923,12.476593,121.218918
169384.411499,141.695068,12.291870,121.184235
169384.452796,141.768585,12.376877,121.534012
169384.494093,141.617981,12.393478,121.294724
169384.535390,141.633926,12.549072,121.597748
169384.576686,141.341507,12.481003,121.539200
169384.617979,141.687454,12.423569,121.664246
169384.659273,141.826126,12.343307,121.250534
169384.700569,141.636490,12.325058,121.521530
169384.741866,141.660629,12.356873,121.573547
169384.783163,141.774994,12.229218,121.195572
169384.824458,141.695969,12.075577,121.631668
169384.865754,141.682281,12.335938,121.565048
169384.907051,141.709854,12.233688,121.793228
169384.948348,141.770935,12.135376,121.565643
169384.989644,141.716583,12.081345,121.630875
169385.030939,141.843262,12.246994,121.580261
169385.072231,141.620758,12.067825,121.472382
169385.113529,141.606201,12.250046,121.584534
169385.154828,141.589294,12.182220,121.287613
169385.196126,141.725601,12.302475,121.577148
169385.237423,141.727051,12.219345,121.664780
169385.278719,141.710846,12.200424,121.511032
169385.320015,141.778107,12.421066,121.420837
169385.361312,141.710052,12.258682,121.491959
169385.402610,141.941559,12.335022,121.360886
169385.443905,141.597778,12.217133,121.412415
169385.485203,141.649124,12.117249,121.230453
169385.526497,141.617081,12.105774,121.283844
169385.567791,141.583435,12.086273,120.889252
169385.609086,141.431274,12.150528,121.196350
169385.650382,141.537888,12.266373,121.501755
169385.691677,141.497879,12.026886,121.106812
169385.732972,141.615814,12.029907,121.232269
169385.774269,141.614883,12.070175,121.317444
169385.815565,141.463791,11.992722,121.568588
169385.856861,141.670990,11.880020,121.551880
169385.898158,141.588287,11.937286,121.380905
169385.939456,141.598923,12.044754,121.600662
169385.980755,141.576248,11.920029,121.443176
169386.022053,141.435898,11.899567,121.345810
169386.063351,141.379074,12.095642,121.611206
169386.104648,141.557144,11.931046,121.753525
169386.145944,141.389343,12.059189,121.448624
169386.187243,141.318558,12.174225,121.329239
169386.228540,141.196411,11.989960,121.310089
169386.269834,141.216202,12.091797,121.445206
169386.311130,140.820221,12.284439,121.262802
169386.352425,141.228882,12.588486,121.546036
169386.393720,140.819229,11.929413,121.161072
169386.435015,141.064514,12.150925,121.308044
169386.476313,141.020782,12.274475,121.533508
169386.517614,140.974792,12.359299,121.341675
169386.558913,141.142349,11.963699,121.271317
169386.600208,141.119843,12.321121,121.152161
169386.641505,141.142944,12.334579,121.094360
169386.682800,141.212555,12.056061,121.311142
169386.724093,141.196396,11.878845,121.467712
169386.765389,141.305496,11.970963,121.198044
169386.806684,141.322662,12.013214,121.318832
169386.847981,141.258987,11.946304,121.489273
169386.889277,141.235336,11.830231,121.429535
169386.930573,141.076492,12.111847,121.476334
169386.971868,141.116394,12.321671,121.627304
169387.013165,141.023743,12.167969,121.567398
169387.054458,141.321030,11.853577,121.340103
169387.095752,141.125656,12.235062,121.551620
169387.137046,141.238937,12.152679,121.398117
169387.178340,141.123444,11.880371,121.239105
169387.219636,141.272293,11.946320,121.178207
169387.260931,141.161636,11.914963,121.105194
169387.302226,141.252365,11.924637,121.167923
169387.343522,141.442398,11.895340,121.256165
169387.384816,141.296753,11.978638,121.289322
169387.426110,141.421692,11.795471,121.266724
169387.467403,141.308899,11.493301,121.402084
169387.508698,141.238220,11.699127,121.290833
169387.549994,141.320251,12.019272,121.261444
169387.591289,141.302170,12.022446,121.268143
169387.632582,141.330154,11.764084,121.461304
169387.673874,141.128220,11.954269,121.477615
169387.715168,141.166367,11.971527,121.594040
169387.756462,141.321228,11.824707,121.072662
169387.797756,141.126892,11.923645,121.224258
169387.839048,141.227448,12.204376,121.323029
169387.880343,141.110138,12.208893,121.531952
169387.921639,141.533783,11.948151,121.447067
169387.962933,141.237518,11.999802,121.482834
169388.004227,141.185593,12.040207,121.404541
169388.045520,141.104294,11.887207,121.336792
169388.086812,141.029282,11.871338,121.105759
169388.128103,141.066223,12.120590,121.051071
169388.169395,141.243408,12.044495,121.155701
169388.210685,141.256470,11.953873,121.447067
169388.251978,141.383713,11.849777,121.369659
169388.293273,141.188614,12.233948,121.594437
169388.334570,141.273514,11.906464,121.392746
169388.375867,141.199570,12.068481,121.487839
169388.417164,141.418594,11.861298,121.680222
169388.458459,141.348679,12.155579,121.655045
169388.499752,141.490204,12.086624,121.466568
169388.541048,141.305267,12.031509,121.623825
169388.582345,141.194870,12.092575,121.347702
169388.623641,141.256027,12.249771,121.895767
169388.664934,141.183609,12.217270,121.277802
169388.706231,141.184219,12.148102,121.390396
169388.747527,141.149628,12.238327,121.433868
169388.788821,141.063644,12.114777,121.336502
169388.830114,141.193710,12.027527,121.671143
169388.871408,141.240585,12.180054,121.348801
169388.912705,141.468384,12.200882,121.901672
169388.954002,141.327667,12.058151,121.436172
169388.995300,141.370972,12.187531,121.524612
169389.036594,141.268372,12.404465,121.693375
169389.077890,141.273621,12.170685,121.511047
169389.119185,141.333405,12.001450,121.490067
169389.160480,141.209488,12.048157,121.448456
169389.201775,141.322968,12.121658,121.336685
169389.243071,141.084122,12.112320,121.390106
169389.284364,141.318161,12.116608,121.654572
169389.325658,141.253784,12.095535,121.557175
169389.366953,141.398087,12.119156,121.479080
169389.408248,141.116302,11.905014,121.556961
169389.449545,141.524536,11.934128,121.474777
169389.490839,141.280457,11.945068,121.621429
169389.532135,141.240448,11.906448,121.223358
169389.573430,141.349457,11.842896,121.197876
169389.614724,141.441132,12.186996,121.548584
169389.656020,141.263306,11.962692,121.195328
169389.697314,141.100388,12.330185,121.367172
169389.738609,141.236206,12.118134,121.361038
169389.779904,141.362061,12.154068,121.136826
169389.821201,141.355194,11.941513,121.453918
169389.862500,141.377274,12.057602,121.443909
169389.903799,141.364960,11.869675,121.491791
169389.945094,141.280014,11.897034,121.174896
169389.986391,141.351395,11.991440,121.248993
169390.027687,141.378220,12.126175,121.351883
169390.068984,141.517883,11.869247,121.356400
169390.110281,141.514221,11.867615,121.084183
169390.151577,141.394150,12.261963,121.362564
169390.192873,141.502075,12.175339,121.199097
169390.234168,141.409592,12.078476,121.437332
169390.275466,141.113586,12.287598,121.166748
169390.316761,141.285309,12.032654,121.299210
169390.358054,141.506317,11.928818,121.250427
169390.399352,141.492294,11.899124,121.378693
169390.440650,141.389542,11.885284,121.084106
169390.481945,141.445724,11.892670,121.234665
169390.523239,141.513489,11.847824,121.247787
169390.564532,141.489410,12.167068,121.350403
169390.605827,141.548248,12.286530,121.443130
169390.647123,141.342850,12.407227,121.366974
169390.688417,141.350662,12.219589,121.096497
169390.729715,141.349396,12.458527,121.548141
169390.771014,141.266891,12.339340,121.397430
169390.812314,141.515472,12.577408,121.602753
169390.853611,141.344391,12.450928,121.170303
169390.894906,141.423004,12.284119,121.208969
169390.936203,141.300659,12.476425,121.336975
169390.977499,141.506958,12.167908,121.389633
169391.018796,141.362564,12.170166,121.016586
169391.060093,141.282104,12.283539,121.228714
169391.101391,141.221893,12.256790,121.409409
169391.142688,141.327011,12.443466,121.491013
169391.183984,141.482071,12.343628,121.084274
169391.225282,141.342178,12.238403,121.157410
169391.266578,141.261810,12.190521,121.489594
169391.307878,141.597885,12.375168,121.421829
169391.349173,141.250320,12.443085,121.313370
169391.390466,141.541718,12.113831,121.603806
169391.431760,141.366104,12.131210,121.103760
169391.473054,141.582520,12.195938,121.390961
169391.514348,141.388260,12.331039,121.739029
169391.555644,141.402496,12.245773,121.469971
169391.596942,141.507950,12.157745,121.277161
169391.638241,141.210953,12.118805,121.165085
169391.679540,141.418777,11.988144,121.058365
169391.720839,141.467499,12.039139,121.434174
169391.762137,141.397491,12.165070,121.229446
169391.803436,141.633759,12.284149,121.617310
169391.844732,141.424362,12.310715,121.589661
169391.886028,141.502686,12.128128,121.436142
169391.927324,141.322876,12.093826,121.164780
169391.968622,141.342514,12.050522,121.277954
169392.009921,141.665344,12.112076,121.340622
169392.051220,141.532471,12.277542,121.543854
169392.092517,141.540222,12.170853,121.482468
169392.133812,141.668381,12.219879,121.438766
169392.175110,141.467484,12.374100,121.441849
169392.216408,141.537231,12.042236,121.264130
169392.257706,141.327118,12.263275,121.660431
169392.299005,141.441162,12.120880,121.403763
169392.340304,141.503754,12.078079,121.942245
169392.381604,141.420563,11.956924,121.359818
169392.422901,141.359756,12.190598,121.559387
169392.464201,141.164032,12.330551,121.859894
169392.505497,141.371765,12.179230,121.743561
169392.546794,141.528793,12.059479,121.903244
169392.588092,141.375427,12.176758,121.477875
169392.629388,141.329178,12.208359,121.274994
169392.670683,141.222290,12.147766,121.186722
169392.711978,141.436554,12.299530,121.505890
169392.753273,141.539597,12.313110,121.355225
169392.794569,141.521301,12.220413,121.188828
169392.835866,141.285049,12.326141,121.104004
169392.877162,141.255936,12.290573,121.353470
169392.918460,141.096985,12.277466,121.419922
169392.959756,141.151321,12.269592,121.605606
169393.001050,141.225128,12.282089,121.406036
169393.042347,141.307877,12.184357,121.358337
169393.083643,141.256348,12.308395,121.623734
169393.124939,141.313950,12.282410,121.466782
169393.166235,141.324280,12.154297,121.454773
169393.207533,141.258728,12.317886,121.420410
169393.248831,141.305527,12.088989,121.705826
169393.290130,141.214767,12.162018,121.520142
169393.331427,141.207550,12.497620,121.394257
169393.372722,141.071289,12.313889,121.511581
169393.414020,140.985306,12.580872,121.511612
169393.455317,141.173935,12.281479,121.438141
169393.496612,141.205612,12.423035,121.386459
169393.537908,141.192642,12.072418,121.299149
169393.579204,141.155426,12.272949,121.463089
169393.620499,140.987198,12.381180,121.347809
169393.661793,141.183365,12.059357,121.509064
169393.703087,141.223801,12.253769,121.234833
169393.744380,141.404968,12.124649,121.396866
169393.785675,141.095490,12.469620,121.179077
169393.826968,141.169479,12.456787,121.523544
169393.868262,141.031647,12.332413,121.315552
169393.909559,141.130920,12.285843,121.123337
169393.950856,141.060410,12.161713,121.135513
169393.992148,141.084930,12.382629,121.099701
169394.033442,140.895233,12.282379,121.150467
169394.074735,141.220459,12.279221,121.359818
169394.116029,141.423141,12.095123,121.251999
169394.157323,141.319290,12.005875,121.454163
169394.198616,141.137512,12.259735,121.231689
169394.239911,141.245239,12.168564,121.510437
169394.281204,141.248505,12.069046,121.454407
169394.322497,141.351028,12.048752,121.436234
169394.363792,141.177811,12.215378,121.480133
169394.405088,141.466476,12.262207,121.417267
169394.446384,141.221741,12.133240,121.816910
169394.487679,141.225067,12.109833,121.614777
169394.528975,141.272110,12.057663,121.348404
169394.570269,141.465363,11.921494,121.207275
169394.611563,141.382919,12.302765,121.449448
169394.652860,141.450989,12.106644,121.540619
169394.694158,141.369965,11.937027,121.587997
169394.735453,141.243973,12.171890,121.340027
169394.776746,141.375397,12.246033,121.836838
169394.818041,141.138916,12.414352,121.702423
169394.859339,141.326706,12.100327,121.621140
169394.900639,141.173309,12.256989,121.957123
169394.941937,141.223709,12.308075,121.463272
169394.983233,141.405060,12.123840,121.416061
169395.024528,141.136215,12.429062,121.438278
169395.065823,141.344025,12.334457,121.406693
169395.107116,141.472214,12.318588,121.511703
169395.148410,141.257431,12.384705,121.756485
169395.189705,141.516388,12.337646,121.430756
169395.231002,141.348907,12.454727,121.523529
169395.272298,141.219788,12.606201,121.663834
169395.313595,141.370621,12.285965,121.464172
169395.354890,141.507584,12.096893,121.393433
169395.396184,141.602783,12.043808,121.437927
169395.437477,141.545364,12.052597,121.564728
169395.478772,141.333771,12.450867,121.556671
169395.520066,141.386765,12.218857,121.595718
169395.561360,141.527069,12.059296,121.487488
169395.602654,141.552383,12.347916,121.299347
169395.643951,141.519104,12.219193,121.394119
169395.685247,141.510880,12.028336,121.312546
169395.726543,141.458618,12.306595,121.583984
169395.767838,141.391357,12.241013,121.423279
169395.809132,141.380814,12.293304,121.465714
169395.850428,141.461639,12.062439,121.512466
169395.891726,141.358932,12.044556,121.313965
169395.933025,141.352081,12.172302,121.153183
169395.974324,141.488449,12.158005,121.573883
169396.015622,141.348267,11.985519,121.303406
169396.056920,141.276154,12.041458,121.228195
169396.098217,141.338608,12.201981,121.257843
169396.139516,141.539322,12.050079,121.564743
169396.180815,141.206314,12.497406,121.444458
169396.222111,141.446808,12.494812,121.531448
169396.263409,141.230667,12.540863,121.678360
169396.304709,141.291443,12.283066,121.614334
169396.346008,141.301178,12.302383,121.233398
169396.387309,141.374252,12.324738,121.380066
169396.428606,141.072601,12.382431,121.445847
169396.469903,141.275024,11.977753,121.361526
169396.511200,141.267563,12.349152,121.580826
169396.552499,141.262619,12.276443,121.675018
169396.593794,141.551178,12.289001,121.422577
169396.635089,141.370605,12.368805,121.224854
169396.676384,141.466400,12.288834,121.371704
169396.717683,141.397858,12.478821,121.371399
169396.758983,141.452408,12.412537,121.395004
169396.800281,141.387085,12.453201,121.739334
169396.841577,141.593872,12.467545,121.278778
169396.882877,141.286835,12.551254,121.261063
169396.924175,141.626068,12.413696,121.255722
169396.965473,141.428833,12.504196,121.163055
169397.006772,141.427155,12.295761,121.361237
169397.048071,141.695251,12.286118,121.509644
169397.089370,141.508560,12.303101,121.395996
169397.130667,141.627029,12.247360,121.386139
169397.171964,141.511032,12.319778,121.238724
169397.213260,141.502106,12.375229,121.553894
169397.254558,141.647995,11.998245,121.403275
169397.295854,141.531418,12.402649,121.460388
169397.337150,141.589432,12.270767,121.299896
169397.378445,141.753021,12.246231,121.281143
169397.419740,141.514664,12.282562,121.166870
169397.461034,141.393463,12.370697,121.226715
169397.502328,141.425110,12.237656,121.070602
169397.543622,141.422470,12.261475,121.025040
169397.584915,141.268250,12.473038,120.685883
169397.626210,141.266373,12.485153,120.955933
169397.667503,141.259552,12.343597,121.033661
169397.708797,141.400696,12.276611,121.235733
169397.750092,141.429581,12.246216,121.222351
169397.791385,141.286514,12.466843,121.250992
169397.832680,141.298691,12.372177,121.134064
169397.873975,141.296982,12.345230,121.185593
169397.915269,141.498718,12.137146,121.351028
169397.956563,141.367493,12.482071,121.353531
169397.997858,141.397659,12.478867,121.455688
169398.039154,141.508514,12.386734,121.341278
169398.080449,141.112457,12.504807,121.208572
169398.121746,141.531876,12.227936,121.282852
169398.163041,141.401886,12.307709,121.036453
169398.204334,141.573471,12.094269,121.363007
169398.245629,141.384644,12.471802,121.371735
169398.286926,141.055176,12.301895,121.244156
169398.328220,141.211731,12.259720,121.783188
169398.369515,141.089920,12.401276,121.773422
169398.410813,141.245911,12.329529,121.326004
169398.452115,141.261368,12.359253,121.317215
169398.493415,141.019760,12.433594,121.451950
169398.534715,141.045120,12.348877,121.928482
169398.576013,141.114624,12.415146,121.800537
169398.617309,140.999222,12.658966,121.480743
169398.658607,141.072098,12.521194,121.226059
169398.699904,141.176315,12.724701,121.625198
169398.741199,141.218552,12.337891,121.623764
169398.782495,141.113876,12.546555,121.177643
169398.823792,141.454895,12.228622,121.081238
169398.865087,140.980377,12.409409,121.271057
169398.906384,141.043640,12.333206,121.100983
169398.947680,140.980362,12.378906,121.310944
169398.988974,140.953781,12.358200,121.197067
169399.030269,141.030106,12.200989,121.326721
169399.071563,141.277939,12.337845,121.139801
169399.112858,141.208328,12.297028,121.354126
169399.154152,141.112335,12.471527,121.466995
169399.195451,141.175568,12.475235,121.391632
169399.236748,141.264771,12.376495,121.114868
169399.278044,141.390869,12.395218,121.259766
169399.319341,141.459412,12.523911,121.352875
169399.360637,141.129395,12.401657,121.069000
169399.401934,141.157425,12.417694,121.452042
169399.443229,141.261765,12.278107,121.315552
169399.484527,141.328094,12.350449,121.375153
169399.525824,141.368515,12.260437,121.453705
169399.567123,141.024109,12.307663,121.127136
169399.608420,141.144669,12.194122,121.366745
169399.649715,140.968414,12.516479,121.754456
169399.691010,141.032547,12.344833,121.607864
169399.732303,141.138840,12.421722,121.570496
169399.773598,141.336639,12.409607,121.419357
169399.814894,141.257187,12.492554,121.384964
169399.856191,141.275116,12.348740,121.412735
169399.897489,141.476501,12.161774,121.111160
169399.938785,141.401962,12.201050,121.166809
169399.980083,141.439087,12.018860,121.269409
169400.021380,141.409943,12.201462,121.707489
169400.062679,141.538025,12.306473,121.657547
169400.103974,141.319397,12.305130,121.303574
169400.145268,141.613861,12.071198,121.556808
169400.186561,141.339828,12.283447,121.505356
169400.227853,141.281174,12.230972,121.396362
169400.269147,141.368973,12.393692,121.491501
169400.310442,141.134354,12.321060,121.690292
169400.351736,141.360199,12.295288,121.669449
169400.393030,141.189911,12.304321,121.675262
169400.434324,141.167847,12.448486,121.844681
169400.475618,140.971329,12.696823,121.460297
169400.516912,141.230103,12.424606,121.728287
169400.558204,141.327942,12.449997,121.469757
169400.599497,141.066605,12.536880,121.331894
169400.640791,141.105606,12.174240,121.242706
169400.682085,141.142349,12.194229,121.318680
169400.723380,141.082642,12.228622,121.358658
169400.764674,141.281326,12.171600,121.632141
169400.805968,141.304123,12.448242,121.743393
169400.847264,141.356155,12.214996,121.497772
169400.888560,141.309692,12.440598,121.553665
169400.929856,141.253738,12.377731,121.567841
169400.971154,141.581650,12.508621,121.868851
169401.012449,141.387238,12.271591,121.905396
169401.053744,141.729111,12.260406,121.877045
169401.095038,141.583954,12.084763,121.711655
169401.136333,141.462418,12.051926,121.978241
169401.177628,141.404831,12.157364,121.604797
169401.218920,141.301346,12.352554,121.761520
169401.260214,141.250916,12.231094,121.458252
169401.301509,141.270615,12.189056,121.411789
169401.342803,141.403473,12.120636,121.516800
169401.384095,141.597916,12.173660,121.598434
169401.425388,141.518661,12.119492,121.749588
169401.466682,141.611389,12.169205,121.680084
169401.507976,141.566910,12.091064,121.800705
169401.549271,141.443298,12.125122,121.338943
169401.590566,141.590469,11.850647,121.797241
169401.631859,141.544113,12.053635,121.604675
169401.673155,141.679276,12.133072,121.445190
169401.714449,141.598068,11.910172,121.508606
169401.755744,141.522705,12.259796,121.410797
169401.797037,141.304993,12.048996,121.500412
169401.838333,141.516037,11.845688,121.267975
169401.879629,141.436050,11.961090,121.338272
169401.920927,141.455841,11.856277,121.577942
169401.962224,141.337952,11.873383,121.325378
169402.003522,141.475815,11.850571,121.341583
169402.044821,141.601685,11.884995,121.576981
169402.086117,141.543045,11.945755,121.739059
169402.127414,141.517853,11.857040,121.477005
169402.168713,141.520782,11.861954,121.650467
169402.210009,141.656296,11.968109,121.441025
169402.251307,141.564484,12.104111,121.546799
169402.292604,141.524887,12.095673,121.475220
169402.333900,141.458817,12.213516,121.354462
169402.375198,141.571960,12.066986,121.360214
169402.416492,141.414764,12.151093,121.601669
169402.457789,141.471237,12.179611,121.470108
169402.499086,141.426895,12.215149,121.652939
169402.540381,141.217392,12.244400,121.452225
169402.581677,141.441132,12.176315,121.468460
169402.622971,141.485367,12.183609,121.686905
169402.664268,141.487839,12.086960,121.583313
169402.705565,141.428436,12.056961,121.599197
169402.746858,141.503754,12.065811,121.781403
169402.788152,141.369812,12.236847,121.592972
169402.829448,141.384705,12.212219,121.672897
169402.870744,141.281586,12.084702,121.428375
169402.912041,141.504623,12.055206,121.737274
169402.953339,141.495392,12.163467,121.738098
169402.994634,141.430573,12.083252,121.261963
169403.035932,141.373734,12.158463,121.687027
169403.077229,141.464798,11.992706,121.616684
169403.118524,141.532654,11.779648,121.548325
169403.159821,141.493713,11.880737,121.781738
169403.201115,141.504623,11.960999,121.787888
169403.242414,141.552689,12.152893,121.755966
169403.283711,141.439438,12.098434,121.610580
169403.325006,141.451904,11.854813,121.798401
169403.366303,141.555878,11.978439,121.904495
169403.407601,141.548676,11.904343,121.775696
169403.448899,141.506866,12.026062,121.830658
169403.490197,141.351028,12.151581,121.770996
169403.531496,141.429474,12.085876,121.596863
169403.572792,141.619370,12.079849,121.866074
169403.614087,141.511749,11.924316,121.862167
169403.655383,141.548630,12.013321,121.747070
169403.696680,141.542801,11.789383,121.815674
169403.737975,141.445633,11.764252,121.298019
169403.779272,141.482529,11.941788,121.693161
169403.820567,141.491455,11.843781,121.733063
169403.861864,141.453003,11.788986,121.447784
169403.903161,141.523499,11.854462,121.861130
169403.944457,141.408997,11.740784,121.700882
169403.985753,141.445068,11.997635,121.892471
169404.027047,141.506195,12.056946,121.897964
169404.068341,141.633102,12.082748,121.724411
169404.109636,141.565247,12.072327,121.833557
169404.150930,141.447601,12.121445,121.563004
169404.192228,141.401871,12.047882,121.746643
169404.233525,141.583710,12.251862,121.692169
169404.274818,141.502258,11.951431,121.265060
169404.316111,141.385193,12.157318,121.736588
169404.357408,141.507904,11.963486,121.487320
169404.398704,141.409775,12.114670,121.579300
169404.440000,141.477539,12.049576,121.376129
169404.481295,141.300674,12.168198,121.271973
169404.522591,141.547073,12.255554,121.280960
169404.563885,141.340561,12.017776,121.378281
169404.605178,141.367645,12.333115,121.385788
169404.646471,141.411865,12.159698,121.457260
169404.687762,141.285355,12.308289,121.204300
169404.729054,141.464951,11.883499,121.166550
169404.770347,141.340576,11.944824,121.231277
169404.811638,141.535736,11.928223,121.445923
169404.852930,141.437408,12.042679,121.132584
169404.894223,141.499939,11.987869,121.214844
169404.935518,141.452484,12.058929,121.238068
169404.976813,141.570892,12.003799,121.504471
169405.018106,141.493851,12.300034,121.424698
169405.059402,141.454666,12.025421,121.134888
169405.100698,141.379227,12.374176,121.385742
169405.141994,141.505569,12.150940,121.349243
169405.183289,141.448746,12.285461,121.252060
169405.224584,141.253998,12.262253,121.342407
169405.265880,141.375214,12.036392,121.211899
169405.307176,141.336090,12.025375,121.306549
169405.348471,141.193726,12.176361,121.631744
169405.389765,141.425720,11.991821,121.566879
169405.431059,141.424911,12.059082,121.351059
169405.472355,141.314850,12.117111,121.352951
169405.513649,141.321762,12.067581,121.280136
169405.554943,141.462906,12.139038,121.409409
169405.596236,141.320267,12.531006,121.453888
169405.637527,141.324951,12.183640,121.177307
169405.678820,141.475403,12.218521,121.441269
169405.720116,141.226837,12.293488,121.669922
169405.761411,141.131729,12.526031,121.677917
169405.802706,141.316864,12.227676,121.404953
169405.844002,141.279709,12.407578,121.373749
169405.885299,141.224899,12.476242,121.002625
169405.926596,141.323273,12.209885,120.975983
169405.967891,141.402466,12.210968,121.316345
169406.009185,141.317093,12.391479,121.394547
169406.050481,141.601578,12.160721,121.384689
169406.091774,141.608398,12.012207,121.620468
169406.133066,141.166641,12.350113,121.698059
169406.174359,141.518143,12.011520,121.430664
169406.215652,141.226456,12.259003,121.710266
169406.256948,141.282867,12.400879,121.522583
169406.298241,141.291519,12.248886,121.604446
169406.339535,141.285065,12.342773,121.230240
169406.380830,141.226105,12.407379,121.620483
169406.422128,141.321991,12.394745,121.425201
169406.463423,141.501114,12.430618,121.173889
169406.504720,141.410095,12.282562,121.503860
169406.546016,141.366852,12.468277,121.292526
169406.587314,141.528198,12.378677,121.189758
169406.628609,141.396606,12.276871,121.586990
169406.669906,141.281143,12.390289,121.594681
169406.711203,141.386093,12.082748,121.584015
169406.752502,141.507217,12.133942,121.529007
169406.793797,141.347931,12.263611,121.562912
169406.835094,141.277832,12.289856,121.358429
169406.876390,141.354263,12.124451,121.443298
169406.917686,141.550018,12.049271,121.596252
169406.958983,141.445145,12.074860,121.449402
169407.000277,141.263596,12.504379,121.519104
169407.041572,141.348618,12.116821,121.355362
169407.082868,141.037521,12.324493,121.218018
169407.124166,141.169800,12.414215,121.398834
169407.165461,141.181824,12.322830,121.624420
169407.206756,141.163910,12.261322,121.461197
169407.248051,141.281830,12.349060,121.518555
169407.289346,141.045700,12.148056,121.936234
169407.330644,141.105759,12.021866,121.337753
169407.371938,141.264496,12.092422,121.230865
169407.413232,141.115601,12.134720,121.316818
169407.454526,141.066879,12.087341,121.438507
169407.495821,141.326019,11.987671,121.396362
169407.537116,141.100861,12.001694,121.621078
169407.578412,140.964401,12.021454,121.542709
169407.619708,140.912842,12.318100,121.040253
169407.661004,141.065018,12.116089,121.257996
169407.702300,141.232925,12.155853,121.378540
169407.743594,141.231079,12.039093,121.212692
169407.784888,141.189545,11.941727,120.963577
169407.826183,141.247330,11.955231,121.119858
169407.867479,141.078293,12.062149,121.290512
169407.908774,141.215073,11.897064,121.065948
169407.950069,141.302444,11.920547,121.431473
169407.991366,141.098099,11.860931,121.228439
169408.032666,141.207779,11.862564,121.001709
169408.073964,141.215240,12.021255,121.084534
169408.115261,141.375244,11.709335,121.277740
169408.156556,141.145615,11.848755,121.539734
169408.197849,141.256805,12.043625,121.410950
169408.239145,141.406677,11.960571,121.486160
169408.280440,141.063232,12.179642,121.527222
169408.321735,141.105453,12.381241,121.316742
169408.363033,141.343964,12.476898,121.430008
169408.404330,141.149811,12.402939,121.525742
169408.445623,141.302307,12.357208,121.539154
169408.486917,141.272125,11.928619,121.238907
169408.528211,141.378357,12.015289,121.521942
169408.569508,141.165268,12.199615,121.389648
169408.610804,141.427887,11.949219,121.466599
169408.652100,141.113998,12.450699,121.477631
169408.693396,141.136459,12.259109,121.235077
169408.734691,141.120819,12.348236,121.595428
169408.775986,141.397141,12.126038,121.422104
169408.817282,141.203979,12.265915,121.424438
169408.858577,141.428497,12.059677,121.570541
169408.899872,141.266586,12.246201,121.451813
169408.941167,141.423386,12.040970,121.668365
169408.982464,141.419403,12.105286,121.345963
169409.023761,141.472122,11.970642,121.310333
169409.065058,141.315292,12.054062,121.273697
169409.106353,141.358917,12.164993,121.173843
169409.147647,141.289230,12.130951,121.368362
169409.188941,141.271347,12.050842,121.249832
169409.230236,141.419907,12.034195,121.348022
169409.271531,141.393036,12.044998,121.387146
169409.312825,141.417068,11.943359,121.268173
169409.354120,141.300278,12.116058,121.195175
169409.395415,141.226913,12.205414,121.414627
169409.436709,141.452072,12.282913,121.196060
169409.478005,141.315079,12.411301,121.524780
169409.519300,141.290939,12.488968,121.342224
169409.560595,141.115646,12.321091,121.282578
169409.601891,141.019836,12.342529,121.218811
169409.643187,141.131180,12.371231,121.129807
169409.684481,141.314621,12.350677,121.316437
169409.725775,141.203735,12.275986,121.343140
169409.767071,141.135376,12.376923,121.033661
169409.808368,141.000900,12.383987,121.395020
169409.849664,141.076569,12.089722,121.324020
169409.890959,141.171280,12.203766,121.388260
169409.932257,141.472977,12.112808,121.290375
169409.973554,141.220993,12.204178,121.041229
169410.014844,141.268890,12.121246,121.459305
169410.056147,141.199097,12.059952,121.381363
169410.097446,141.285690,12.139221,121.274078
169410.138744,141.318863,12.283203,121.366592
169410.180040,141.337692,12.106033,121.091980
169410.221335,141.370071,12.047089,121.672958
169410.262629,141.240448,12.129639,121.385178
169410.303926,141.176270,12.094742,121.363724
169410.345222,141.203613,12.048203,121.341202
169410.386519,141.442383,12.178604,121.503845
169410.427816,141.154236,12.311539,121.444901
169410.469112,141.214584,12.359543,121.482727
169410.510409,141.269257,12.184357,121.279648
169410.551708,141.135712,12.365585,121.530884
169410.593005,141.252304,12.285889,121.317322
169410.634300,141.105804,12.388824,121.311890
169410.675594,141.124878,12.252502,121.411713
169410.716890,141.070358,12.251114,121.440002
169410.758188,141.124771,12.239807,121.580231
169410.799483,141.378922,12.006943,121.634064
169410.840775,141.336548,12.035553,121.468903
169410.882071,141.212173,11.948883,121.629379
169410.923367,141.153030,12.148941,121.580795
169410.964661,141.237885,11.978561,121.375793
169411.005955,141.368988,11.978943,121.512314
169411.047249,141.412674,12.124741,121.328171
169411.088544,141.392090,12.238846,121.385071
169411.129838,141.234451,12.270721,121.259537
169411.171133,141.113678,12.413239,121.511215
169411.212428,141.312744,12.405899,121.612030
169411.253723,141.380539,12.414703,121.445129
169411.295019,141.302414,12.474564,121.503448
169411.336310,141.188202,12.678223,121.453979
169411.377615,141.302933,12.399902,121.176743
169411.418908,141.176788,12.424240,121.239471
169411.460209,141.135132,12.542007,121.290222
169411.501504,140.880630,12.453796,121.339935
169411.542800,140.981522,12.290833,121.306412
169411.584095,140.808731,12.276245,121.488739
169411.625390,141.066818,12.195969,121.447098
169411.666686,141.171066,12.040955,121.656311
169411.707979,141.084702,12.268890,121.373978
169411.749272,141.202774,12.285217,121.275711
169411.790565,141.134903,12.369858,121.311447
169411.831861,141.097534,12.258820,121.349716
169411.873155,141.290573,12.487015,121.589478
169411.914452,141.534561,12.199600,121.344543
169411.955742,141.209320,12.290100,121.311234
169411.997041,141.087982,12.200043,121.305603
169412.038338,141.185333,12.503754,121.091125
169412.079635,141.224289,12.133148,121.189529
169412.120929,141.278778,12.379044,121.452072
169412.162226,141.251495,12.120270,121.508667
169412.203522,141.233307,12.185608,121.548447
169412.244816,141.562653,12.030594,121.327744
169412.286112,141.351913,12.467865,121.582397
169412.327407,141.542664,12.145523,121.657440
169412.368702,141.349701,12.306992,121.615723
169412.409998,141.311371,12.393448,121.521729
169412.451292,141.582382,12.259384,121.418610
169412.492587,141.332962,12.401962,121.539581
169412.533879,141.269165,12.171417,121.592499
169412.575173,141.443222,12.228546,121.607941
169412.616464,141.304153,12.138046,121.577530
169412.657755,141.310226,12.051880,121.961014
169412.699049,141.153442,12.218704,121.677780
169412.740341,141.238922,12.301041,121.638702
169412.781635,141.126007,12.214035,121.008743
169412.822931,141.080795,12.190384,121.451492
169412.864225,141.064941,12.326584,121.215240
169412.905519,141.164932,12.216721,121.331299
169412.946816,141.383850,12.133133,121.274460
169412.988112,141.303741,12.253052,121.615738
169413.029408,141.184540,12.193024,121.204178
169413.070703,141.337296,12.471893,121.283371
169413.111998,141.248352,12.442032,121.274048
169413.153295,141.338074,12.293213,121.273712
169413.194590,141.348557,12.108185,121.239777
169413.235887,141.331696,12.403381,120.956177
169413.277186,141.440765,12.063141,121.389511
169413.318482,141.471909,11.976074,121.414307
169413.359778,141.375443,12.098206,121.510696
169413.401073,141.192719,12.236160,121.679214
169413.442368,141.277512,12.281845,121.500671
169413.483660,141.378876,12.225754,121.510284
169413.524954,141.240509,12.075150,121.401306
169413.566248,141.486221,12.095978,121.525192
169413.607542,141.203049,12.331543,121.602982
169413.648838,141.043900,12.522400,121.433441
169413.690133,141.093719,12.486023,121.304779
169413.731429,141.241287,12.246033,121.380692
169413.772726,141.214127,12.312759,121.414795
169413.814022,141.435379,12.014679,121.659927
169413.855317,141.179031,12.322571,121.462555
169413.896613,141.257935,12.029266,121.629349
169413.937909,141.353180,12.019470,121.545883
169413.979205,141.180908,12.017776,121.336929
169414.020501,141.264206,12.216583,121.420593
169414.061796,141.264282,12.185974,121.211670
169414.103090,141.171997,12.222183,121.460785
169414.144385,141.205750,11.972244,121.447952
169414.185681,141.150986,12.242889,121.484222
169414.226978,141.055161,12.305786,121.679031
169414.268276,141.216400,12.472122,121.409485
169414.309573,141.141937,12.248962,121.477081
169414.350869,140.950027,12.452652,121.154861
169414.392163,141.222687,12.394028,121.394806
169414.433459,141.063858,12.063843,121.475250
169414.474753,141.141693,12.036911,121.327057
169414.516048,141.021286,12.087631,121.074402
169414.557342,140.995193,12.091080,121.113846
169414.598636,140.889511,12.122177,121.120438
169414.639930,140.997574,12.332977,121.219131
169414.681225,140.995651,12.377579,121.378906
169414.722521,141.036423,12.239685,121.417511
169414.763818,141.167938,12.361618,121.594849
169414.805114,141.091797,12.419296,121.759872
169414.846414,141.032440,12.257080,121.512894
169414.887711,140.938248,12.409332,121.271271
169414.929009,141.056183,12.419235,121.069382
169414.970305,140.962219,12.333420,121.031128
169415.011600,141.063690,12.390244,121.236938
169415.052894,141.097214,12.577591,121.077026
169415.094188,141.039612,12.360611,121.006683
169415.135483,141.030991,12.380600,121.169083
169415.176780,140.995972,12.410614,121.146378
169415.218075,141.157333,12.371292,121.531815
169415.259368,141.068024,12.329803,121.555588
169415.300662,141.104828,12.247070,121.324005
169415.341958,140.997971,12.250275,121.504807
169415.383253,141.285263,12.085800,121.292770
169415.424548,141.204498,12.147263,121.355377
169415.465843,141.058517,12.401611,121.554245
169415.507137,141.128082,12.278870,121.419785
169415.548431,141.122391,12.273041,121.425751
169415.589726,141.298599,12.311539,121.369217
169415.631021,141.194290,12.203735,121.260422
169415.672318,141.258057,12.506729,121.583969
169415.713613,141.373230,12.110931,121.531830
169415.754908,141.321762,12.127518,121.465088
169415.796203,141.126144,12.098175,121.397156
169415.837496,141.131287,12.300583,121.409653
169415.878790,141.369308,12.298233,121.460052
169415.920083,141.107330,12.434113,121.773407
169415.961376,141.277161,12.404617,121.489960
169416.002672,141.335648,12.246307,121.287720
169416.043966,141.450623,12.621170,121.285904
169416.085263,141.348068,12.353729,121.469223
169416.126559,141.394318,12.391281,122.123672
169416.167855,141.240906,12.118576,121.820099
169416.209151,141.333557,12.216324,121.477005
169416.250445,141.305847,12.335236,121.440674
169416.291741,141.219208,12.318359,121.489410
169416.333039,141.228638,12.174896,121.671814
169416.374337,141.213837,12.158905,121.515823
169416.415635,141.345261,12.358932,121.701813
169416.456931,141.166656,12.380661,121.288208
169416.498229,141.030487,12.202118,121.439133
169416.539528,141.183853,12.296921,121.629013
169416.580826,141.110764,12.400299,121.793716
169416.622125,141.003555,12.425552,121.635818
169416.663424,140.958038,12.396606,121.330399
169416.704720,141.053513,12.330872,121.738998
169416.746015,140.977188,12.474091,121.594559
169416.787311,141.050262,12.537613,121.348816
169416.828608,141.129257,12.360260,121.488556
169416.869904,140.831680,12.551544,121.441116
169416.911195,140.898941,12.216537,121.188095
169416.952501,141.226929,12.063187,121.302246
169416.993796,141.213333,12.171265,121.194519
169417.035093,141.149307,12.289886,121.147141
169417.076388,141.160553,12.396393,121.264206
169417.117681,141.203781,12.143692,121.228699
169417.158976,141.096909,12.487885,121.097214
169417.200270,141.037155,12.329376,121.384125
169417.241564,141.178802,12.501007,121.310638
169417.282858,140.943634,12.679260,121.061325
169417.324153,141.075531,12.380646,121.426468
169417.365451,141.115646,12.393402,121.529144
169417.406747,141.131348,12.366882,121.544434
169417.448042,141.056152,12.227936,121.320572
169417.489337,141.081451,12.370224,121.451447
169417.530635,141.088486,12.188965,121.329636
169417.571929,141.295471,12.383194,121.480133
169417.613224,141.156601,12.138153,121.360886
169417.654519,141.214264,12.455444,121.509506
169417.695815,141.055756,12.296310,121.285645
169417.737110,140.922913,12.311539,121.152664
169417.778406,141.140411,12.323486,121.270691
169417.819704,141.049149,12.377136,121.679779
169417.860999,141.169479,12.444244,121.428696
169417.902295,140.892136,12.544250,121.507538
169417.943591,141.249451,12.348511,121.619446
169417.984885,140.971588,12.327927,121.719635
169418.026179,141.113937,12.409546,121.567841
169418.067475,141.081528,12.464737,121.460327
169418.108774,141.058594,12.371201,121.359009
169418.150073,140.900208,12.362625,121.203568
169418.191367,141.032974,12.157959,121.649933
169418.232673,141.048569,12.056335,121.180450
169418.273972,141.046814,12.203812,121.652023
169418.315268,141.015091,12.141556,121.424362
169418.356568,141.207092,12.170441,122.165894
169418.397865,140.952271,12.121124,121.514481
169418.439165,140.935120,12.197113,121.876526
169418.480464,141.225250,12.255905,121.762955
169418.521764,141.158569,12.191605,121.367706
169418.563061,141.064041,12.065887,121.666656
169418.604359,141.321671,12.317764,121.777298
169418.645654,141.005035,12.184647,121.608627
169418.686949,141.090668,12.292435,121.790100
169418.728247,141.278290,12.174805,121.742325
169418.769545,141.143280,12.186172,121.644272
169418.810842,141.240265,12.432571,121.682693
169418.852138,141.245117,12.326172,121.573257
169418.893435,141.158020,12.445297,121.773254
169418.934732,141.205048,12.284683,121.752380
169418.976029,141.133423,12.382217,121.511902
169419.017324,141.134247,12.429337,121.574036
169419.058618,141.243988,12.483475,121.721710
169419.099916,141.232193,12.529999,121.857361
169419.141208,141.127167,12.465561,121.478378
169419.182510,141.124481,12.536179,121.916718
169419.223806,140.949951,12.313553,121.653458
169419.265104,141.077835,12.244415,121.399200
169419.306399,140.738083,12.540497,121.836472
169419.347696,140.893509,12.350311,121.735825
169419.388992,140.838165,12.431671,121.833115
169419.430288,140.915405,12.360382,122.063202
169419.471583,140.980301,12.747665,121.680969
169419.512879,141.255432,12.438446,121.950623
169419.554177,140.917450,12.202988,121.878738
169419.595475,141.002045,12.260803,121.794159
169419.636773,140.900574,12.255173,121.658096
169419.678071,141.137451,12.422867,121.944733
169419.719366,141.047745,12.232346,122.229675
169419.760662,141.169800,12.254974,122.036896
169419.801959,141.045074,12.419022,121.904373
169419.843253,141.126663,12.126633,121.351654
169419.884560,141.143112,12.180161,121.692642
169419.925859,141.178696,11.996750,121.634216
169419.967156,140.884644,12.231979,121.636017
169420.008454,140.884598,12.351929,121.748077
169420.049753,141.168686,12.201859,121.617157
169420.091052,140.929504,12.248138,121.734940
169420.132352,140.888184,12.235352,121.891037
169420.173651,141.153183,12.393341,121.899292
169420.214943,140.896667,12.220963,121.704681
169420.256247,140.992386,12.242981,121.825760
169420.297545,141.163879,12.128784,121.806595
169420.338843,141.070190,12.232895,121.651291
169420.380143,141.133438,12.297134,121.571579
169420.421443,141.009735,12.110260,121.723251
169420.462742,140.926300,12.363647,121.888962
169420.504041,141.031799,12.266830,121.792816
169420.545340,141.107132,12.276047,121.733688
169420.586638,141.211807,12.252762,121.762146
169420.627935,141.241135,12.170334,121.780563
169420.669235,141.098618,12.080582,121.780121
169420.710532,141.085388,12.195816,121.902618
169420.751831,141.460983,12.070312,121.643402
169420.793125,141.260376,12.030014,121.523849
169420.834419,141.156906,12.075546,121.785645
169420.875714,141.364212,11.982727,121.618118
169420.917005,141.233200,12.012161,121.632584
169420.958310,141.336700,11.835144,121.594437
169420.999607,141.165298,12.116791,122.178787
169421.040903,141.200546,12.091919,121.699112
169421.082201,141.040985,12.134491,122.074524
169421.123498,141.238327,12.082291,121.840714
169421.164795,141.280548,12.017731,121.649780
169421.206086,140.946548,12.211349,121.332535
169421.247389,141.036621,12.253036,121.521591
169421.288687,141.131378,12.325302,121.554596
169421.329984,141.077316,12.156525,121.871887
169421.371278,140.975693,12.345779,121.799255
169421.412575,141.287079,12.466064,121.972427
169421.453871,141.223679,12.216629,121.623337
169421.495168,141.238922,12.365906,121.733566
169421.536466,141.042175,12.416763,121.690186
169421.577761,141.156174,12.296066,121.946442
169421.619056,141.120255,12.222168,122.260773
169421.660351,141.023849,12.396088,122.072723
169421.701644,141.127365,12.307526,121.675690
169421.742941,140.920303,12.192078,121.884308
169421.784236,141.076477,12.161255,121.652893
169421.825533,141.208420,11.934402,121.900574
169421.866829,141.041687,12.369949,121.886276
169421.908126,141.111481,12.399445,121.933899
169421.949421,141.107056,12.363007,121.880142
169421.990715,141.105988,12.365768,122.313660
169422.032012,141.192322,12.257721,121.978928
169422.073309,141.234451,12.472153,121.876083
169422.114604,141.258698,12.364288,122.158447
169422.155900,141.132202,12.326508,122.193924
169422.197196,141.452927,12.218597,122.006271
169422.238496,141.336548,12.286530,121.832397
169422.279795,141.377426,12.074707,121.720978
169422.321090,141.359344,12.231400,121.875290
169422.362398,141.440079,12.174896,121.909653
169422.403697,141.595108,11.966980,121.664291
169422.444994,141.378662,12.252823,121.751312
169422.486289,141.586990,11.967361,121.811783
169422.527585,141.437302,11.953339,122.100647
169422.568883,141.251175,12.183609,121.785904
169422.610183,141.490738,11.933243,121.789032
169422.651481,141.380539,12.295776,122.049454
169422.692773,141.159973,12.233322,121.943085
169422.734078,141.296570,12.194199,121.831726
169422.775378,141.072845,12.296341,121.821899
169422.816678,141.238083,12.181625,121.836273
169422.857972,141.249847,12.258789,121.787506
169422.899279,141.306519,12.463745,121.767212
169422.940579,141.139938,12.377975,122.059341
169422.981873,141.363525,12.154068,121.702621
169423.023179,141.253342,12.361328,121.566742
169423.064478,141.396378,12.288422,121.802124
169423.105776,141.349945,12.190842,121.826065
169423.147067,141.257217,12.058853,121.609894
169423.188364,141.462372,12.317017,121.288071
169423.229662,141.366150,12.130447,121.684586
169423.270965,141.424301,12.309631,121.623138
169423.312261,141.228989,12.423080,121.483902
169423.353551,141.183563,12.348312,121.592407
169423.394856,141.269043,12.302155,121.569931
169423.436150,141.119049,12.189499,121.509491
169423.477457,141.251846,12.129181,121.840668
169423.518754,141.154266,12.176224,121.487015
169423.560052,141.386978,12.048828,121.673767
169423.601350,141.185257,11.986435,121.577011
169423.642648,141.448334,12.174545,121.572601
169423.683944,141.305786,12.218857,121.904541
169423.725243,141.162094,12.199432,121.402771
169423.766532,141.122009,12.374557,121.911591
169423.807837,141.154510,12.469345,121.612976
169423.849128,141.242035,12.286789,121.719513
169423.890432,141.326691,12.357010,121.647293
169423.931729,141.260254,12.403534,121.963165
169423.973023,141.215271,12.528717,121.590775
169424.014318,141.104324,12.384583,121.859467
169424.055616,141.105103,12.514236,121.805145
169424.096914,141.025620,12.353775,121.557724
169424.138211,141.052032,12.402069,121.603958
169424.179508,141.093903,12.493851,121.814194
169424.220806,140.767899,12.419464,121.352661
169424.262102,141.027390,12.247757,121.294769
169424.303399,141.174423,12.186081,121.344284
169424.344697,141.214966,12.306168,121.716156
169424.385996,141.207138,12.122482,121.738907
169424.427288,141.387070,12.214813,121.461227
169424.468590,141.151932,12.286194,121.598633
169424.509887,141.309097,12.343140,121.947250
169424.551182,141.121170,12.241882,121.771744
169424.592479,141.127090,12.253998,121.834290
169424.633775,141.218872,12.186264,121.719452
169424.675072,141.162003,12.235107,121.993317
169424.716370,141.188004,12.157852,121.693985
169424.757663,141.176132,12.293884,121.742630
169424.798969,141.205734,12.275665,121.811661
169424.840271,141.259903,12.259293,121.689148
169424.881562,141.157303,12.392960,121.896683
169424.922862,141.263580,12.334793,121.474564
169424.964170,141.148468,12.438950,121.904068
169425.005471,141.087906,12.181229,122.147430
169425.046769,141.173096,12.228317,121.804459
169425.088061,141.384506,12.138855,121.792328
169425.129366,141.271561,12.332657,122.150238
169425.170664,141.250519,12.129913,121.770050
169425.211962,141.187439,12.408569,121.646149
169425.253258,141.223785,12.270462,121.869324
169425.294556,141.344971,12.154602,121.651001
169425.335851,141.226334,12.465851,121.892807
169425.377147,141.189301,12.356216,121.626831
169425.418444,141.314041,12.331009,121.738937
169425.459732,141.583405,12.065277,121.522125
169425.501036,141.644302,12.124222,121.785995
169425.542333,141.578964,12.015091,122.150314
169425.583630,141.499939,12.167877,121.990372
169425.624929,141.356186,12.140198,121.641037
169425.666225,141.266113,12.078171,122.155212
169425.707514,141.439560,12.335571,121.854645
169425.748818,141.219269,12.222977,121.583191
169425.790114,141.312271,12.147034,121.336502
169425.831412,141.408859,12.148514,121.446548
169425.872709,141.385834,12.287704,121.672806
169425.914006,141.093445,12.225006,121.520828
169425.955304,141.395432,12.044067,121.462173
169425.996596,141.244446,12.235809,121.255432
169426.037899,141.326218,12.056793,121.337036
169426.079195,141.545425,12.254974,121.369110
169426.120490,141.367172,11.876938,121.340591
169426.161784,141.191772,12.147736,121.706253
169426.203080,141.110580,12.133484,121.484192
169426.244377,141.129013,12.155167,121.508682
169426.285673,141.190552,12.299301,121.454575
169426.326969,141.090393,12.261368,121.617767
169426.368264,141.132111,12.120117,121.813522
169426.409561,141.166870,12.203705,121.709900
169426.450855,141.393616,12.028610,121.633881
169426.492154,140.983307,12.111816,121.735382
169426.533451,141.138062,12.259109,121.556931
169426.574747,140.779633,12.513672,121.574341
169426.616038,140.994675,12.221085,121.288544
169426.657341,140.857407,12.391144,121.713318
169426.698637,141.158188,12.287476,121.462906
169426.739932,140.880203,12.526352,121.493423
169426.781227,141.217422,12.170990,121.617523
169426.822522,141.002319,12.423325,121.746658
169426.863819,141.304443,12.277130,121.585358
169426.905116,141.172638,12.212875,121.678741
169426.946417,141.518127,12.094299,121.926758
169426.987718,141.138809,12.399719,121.826309
169427.029013,141.279236,12.051193,121.779709
169427.070319,141.029190,12.646408,121.441788
169427.111617,141.422455,12.126694,121.626801
169427.152913,141.272202,12.077545,121.530167
169427.194203,141.137833,12.458801,121.369675
169427.235507,141.375565,12.188324,121.639297
169427.276806,141.233459,12.380508,121.762817
169427.318100,141.032776,12.173782,121.830154
169427.359405,141.212692,12.368713,121.714050
169427.400705,141.298065,12.362411,121.772064
169427.442004,141.257690,12.451416,121.772919
169427.483300,141.397491,12.240189,121.429367
169427.524591,141.203674,12.365646,121.752991
169427.565899,141.120117,12.417679,121.506409
169427.607192,141.183304,12.467560,121.483810
169427.648496,141.214005,12.267624,121.491333
169427.689791,141.272934,12.469406,121.378738
169427.731086,141.204956,12.246185,121.253082
169427.772382,141.392715,12.229584,121.266068
169427.813672,141.527878,12.130295,121.486252
169427.854975,141.536240,12.225571,121.411896
169427.896269,141.506454,12.014816,121.489258
169427.937564,141.247482,11.924591,121.509842
169427.978861,141.347610,11.985092,121.847778
169428.020159,141.404388,12.218719,121.822723
169428.061458,141.350769,12.167267,121.488831
169428.102753,141.403305,12.120316,121.446671
169428.144047,141.275360,12.381500,121.761887
169428.185342,141.210083,12.197678,121.748718
169428.226637,141.333008,12.181519,121.680023
169428.267933,141.398697,12.055908,121.413361
169428.309230,141.197128,12.045029,121.444824
169428.350526,141.362900,12.018158,121.438278
169428.391822,141.325623,12.099136,121.286072
169428.433120,141.408783,11.943039,121.530518
169428.474412,141.084274,12.323013,121.611694
169428.515715,141.397400,12.306671,121.671814
169428.557008,141.468292,12.205215,121.490234
169428.598298,141.467468,12.216843,121.831116
169428.639602,141.544937,12.055923,121.882858
169428.680900,141.347488,12.332764,121.759491
169428.722197,141.227921,12.151794,121.393417
169428.763492,141.214111,12.326706,121.319839
169428.804786,141.244324,12.394196,121.297562
169428.846080,141.248459,12.301712,121.639771
169428.887374,141.333115,12.075470,121.597610
169428.928669,141.393524,12.135117,121.352646
169428.969966,141.157852,12.211639,121.304031
169429.011261,140.916290,12.137222,121.772797
169429.052555,141.243088,12.261520,121.564133
169429.093850,141.086548,12.344040,121.366653
169429.135147,141.241776,12.334518,121.330368
169429.176436,141.434631,12.019455,121.317352
169429.217737,141.469513,11.920425,121.505051
169429.259034,141.264664,12.012848,121.490372
169429.300331,141.519333,12.049042,121.706070
169429.341626,141.322952,12.158493,121.579788
169429.382919,141.320740,12.152023,121.718307
169429.424212,141.321060,12.267258,121.614838
169429.465508,141.301712,12.283340,121.769043
169429.506803,141.253601,12.380951,121.632095
169429.548098,141.248123,12.325592,121.449997
169429.589393,141.217957,12.196884,121.429962
169429.630688,141.238022,12.273544,121.621613
169429.671983,141.318512,12.446274,121.414368
169429.713277,141.084747,12.060944,121.375656
169429.754575,141.232208,12.186707,121.376175
169429.795874,141.112717,12.363113,120.891754
169429.837169,141.108444,12.261795,121.333176
169429.878468,141.177765,12.287201,121.206726
169429.919767,141.346405,12.479141,121.373428
169429.961066,141.180023,12.384293,121.609055
169430.002363,141.541016,12.261856,121.440887
169430.043662,141.344147,12.125305,121.367569
169430.084956,141.188950,12.196457,121.149979
169430.126262,141.251297,12.163773,121.386658
169430.167558,141.342438,12.225677,121.472809
169430.208856,141.260681,12.133209,121.418533
169430.250154,141.102692,12.122665,121.514679
169430.291452,141.090851,12.313522,121.563812
169430.332752,141.204956,12.328781,121.568832
169430.374050,141.272278,12.174500,121.521378
169430.415352,141.122940,12.285049,121.376587
169430.456649,141.244034,12.176041,121.406509
169430.497947,141.369843,12.263153,121.406448
169430.539248,141.277283,12.225037,121.346176
169430.580545,141.217712,12.095337,121.272690
169430.621843,141.150543,12.190750,121.238876
169430.663138,141.289764,12.061539,121.270996
169430.704429,141.266479,12.232910,121.203568
169430.745731,141.295212,12.296967,121.155121
169430.787021,141.318954,12.243103,121.394501
169430.828326,141.145355,12.256378,121.303955
169430.869623,141.210037,12.420685,121.177826
169430.910923,141.292633,12.085052,121.043747
169430.952219,141.179184,12.051971,121.019363
169430.993517,141.181717,12.168625,121.309113
169431.034805,141.465027,12.297760,121.356049
169431.076108,141.160645,12.413818,121.333160
169431.117403,141.079620,12.569870,121.348175
169431.158698,140.715790,12.555420,120.944580
169431.199994,140.785217,12.542221,121.533371
169431.241290,141.061447,12.305435,121.417923
169431.282587,141.168884,12.314865,121.241684
169431.323883,140.878815,12.601501,121.335770
169431.365179,141.142319,12.450821,121.481644
169431.406474,141.013733,12.235794,121.267578
169431.447762,141.395096,12.074585,121.571274
169431.489064,141.174622,12.030701,121.264374
169431.530361,141.055099,12.312500,121.474319
169431.571651,141.324234,12.322601,121.577316
169431.612956,141.293762,12.197083,121.238876
169431.654254,141.190826,12.066422,121.441223
169431.695552,141.281631,12.129166,121.474091
169431.736847,141.063660,12.300171,121.279709
169431.778145,141.125351,12.268982,121.329208
169431.819443,141.006821,12.208191,121.317749
169431.860738,141.143250,12.333923,121.372437
169431.902035,141.162140,12.330597,121.516357
169431.943332,141.198868,12.249268,121.406052
169431.984631,141.117813,12.207840,121.521988
169432.025927,141.048828,12.401337,121.417740
169432.067224,141.211212,12.324081,121.081406
169432.108519,141.281403,12.049393,121.187515
169432.149815,141.166458,12.380585,121.256531
169432.191111,141.143188,12.353455,121.131042
169432.232407,141.072815,12.227173,121.344849
169432.273703,141.266281,12.371567,121.278488
169432.315000,141.392944,12.313385,121.359863
169432.356297,141.300583,12.480865,121.416641
169432.397594,140.999969,12.380676,121.837936
169432.438890,141.139191,12.474991,121.693939
169432.480186,140.997162,12.394226,121.372665
169432.521482,140.996445,12.293198,121.330261
169432.562777,141.077194,12.160172,121.471451
169432.604077,141.110992,12.371109,121.568634
169432.645370,140.832840,12.443817,121.489136
169432.686675,141.110397,12.348389,121.458649
169432.727973,141.183807,12.287613,121.622696
169432.769271,141.180374,12.374054,121.558441
169432.810568,141.106598,12.261627,121.268494
169432.851865,141.144241,12.278519,121.504425
169432.893163,141.059296,12.199631,121.833420
169432.934464,141.122665,12.435486,121.483093
169432.975764,141.213058,12.335617,121.658234
169433.017063,141.153625,12.384491,121.470657
169433.058355,141.084854,12.182907,121.294296
169433.099660,141.115036,12.255325,121.220688
169433.140959,141.085480,12.183121,121.293198
169433.182259,141.061996,12.230484,121.467773
169433.223557,141.090897,12.219208,121.270569
169433.264856,140.992676,12.532425,121.390305
169433.306147,141.146469,12.318863,121.217239
169433.347445,140.868530,12.575851,121.560806
169433.388751,140.991592,12.539139,121.897781
169433.430047,141.051422,12.469391,121.906311
169433.471338,141.141357,12.360382,121.615158
169433.512635,141.307938,12.423599,121.681870
169433.553941,141.116028,12.408646,121.764145
169433.595240,141.091446,12.404938,121.258255
169433.636539,141.154785,12.388641,121.473343
169433.677831,141.237350,12.508636,121.844269
169433.719137,141.057846,12.202194,121.388260
169433.760433,141.128387,12.241684,121.609848
169433.801729,141.266388,12.470001,121.736588
169433.843023,141.175217,12.338257,121.422134
169433.884318,141.103256,12.489731,121.656509
169433.925613,141.153488,12.401962,121.656982
169433.966908,141.287720,12.319687,121.689545
169434.008202,141.204971,12.594650,121.649231
169434.049497,141.367310,12.570786,122.225800
169434.090794,141.325226,12.295456,121.541550
169434.132090,141.186142,12.515900,121.749359
169434.173387,141.544495,12.335220,121.795975
169434.214679,141.399948,12.311844,121.623291
169434.255982,141.534012,12.200089,121.524292
169434.297277,141.259766,12.402359,121.403397
169434.338573,141.327713,12.339050,121.598236
169434.379866,141.097870,12.211975,121.651581
169434.421159,141.178009,12.524521,121.549744
169434.462454,141.175140,12.342392,121.404724
169434.503751,141.330872,12.319946,121.315659
169434.545042,141.268661,12.380203,121.650345
169434.586343,141.078796,12.476913,121.533676
169434.627639,141.139435,12.418015,121.294983
169434.668935,141.111725,12.509033,121.323318
169434.710230,140.828918,12.622925,121.387375
169434.751527,141.097336,12.615341,121.534805
169434.792824,141.140915,12.421555,121.430649
169434.834120,141.143951,12.464432,121.543335
169434.875415,141.315903,12.530365,121.331421
169434.916708,141.397644,12.248917,121.268784
169434.958004,141.241882,12.154327,121.259659
169434.999301,141.362259,12.102097,121.438202
169435.040595,141.366898,11.978043,121.373444
169435.081895,141.479309,12.169022,121.542130
169435.123202,141.235611,12.328583,121.516144
169435.164495,141.466187,12.091751,121.482315
169435.205800,141.596725,12.152893,121.297928
169435.247099,141.287857,12.455429,121.443192
169435.288397,141.219467,12.522308,121.461761
169435.329694,141.359695,12.474319,121.462219
169435.370991,141.397964,12.322601,121.526215
169435.412283,141.261765,12.438889,121.526138
169435.453587,141.278412,12.337265,121.361359
169435.494882,141.115677,12.389893,121.625397
169435.536171,141.297134,12.429230,121.510834
169435.577475,141.315979,12.289459,121.063019
169435.618772,141.114380,12.511658,121.674805
169435.660069,141.152618,12.446991,121.131180
169435.701359,141.122192,12.442886,121.342926
169435.742661,141.445282,12.382217,121.477631
169435.783959,141.077484,12.332901,121.183044
169435.825259,141.376617,12.251419,121.101151
169435.866558,141.116531,12.361160,121.468689
169435.907857,141.179535,12.234055,121.393494
169435.949157,141.317581,12.316483,121.552872
169435.990449,141.311249,12.228699,121.342148
169436.031747,141.348907,12.192902,121.476303
169436.073046,141.488770,12.195007,121.378571
169436.114345,141.158859,12.191544,121.431961
169436.155650,141.106766,12.223953,121.586075
169436.196946,141.068604,12.185837,121.418915
169436.238244,141.279175,12.346680,121.383133
169436.279538,141.106079,12.231354,121.692764
169436.320828,141.312790,12.367813,121.749191
169436.362131,141.164047,12.373413,121.266663
169436.403429,141.241165,12.515091,121.759506
169436.444718,141.222565,12.296936,121.586670
169436.486017,141.314041,12.224503,121.392670
169436.527320,141.365463,12.201416,121.591766
169436.568617,141.388229,12.267822,121.518814
169436.609915,141.261292,12.409790,121.568100
169436.651213,141.328812,12.150116,121.578125
169436.692511,140.974838,12.246384,121.654404
169436.733803,141.361343,12.254318,121.448990
169436.775103,141.191299,12.105148,121.195206
169436.816403,141.350327,12.060394,121.350540
169436.857704,141.164520,12.316055,121.308640
169436.899005,141.442978,12.142380,121.389343
169436.940304,141.407135,12.075577,121.286118
169436.981604,141.645294,12.168304,121.142212
169437.022903,141.476959,12.291138,121.537888
169437.064211,141.407150,12.276749,121.466934
169437.105505,141.349915,12.425568,121.038040
169437.146812,141.349609,12.456024,121.585220
169437.188106,141.203583,12.364639,121.336212
169437.229408,141.283463,12.386505,121.369507
169437.270713,141.392273,12.297577,121.017593
169437.312009,141.338516,12.304993,121.137558
169437.353315,141.214401,12.387543,121.232834
169437.394609,141.160049,12.409134,121.444885
169437.435910,141.059753,12.128296,121.166473
169437.477213,141.214600,12.344009,121.187744
169437.518523,141.193909,12.334579,121.122696
169437.559817,141.093185,12.461578,121.314865
169437.601126,140.978027,12.250656,121.503494
169437.642427,141.238266,12.156250,121.123032
169437.683729,141.088058,12.253296,121.384262
169437.725025,140.976685,12.460144,121.491852
169437.766327,141.220230,12.390411,121.356415
169437.807631,141.128464,12.245041,121.178375
169437.848936,141.448441,12.177551,121.539673
169437.890237,141.529297,12.052658,121.421661
169437.931546,141.244171,12.174866,121.451019
169437.972843,141.357880,12.095398,121.184906
169438.014146,141.229538,12.327744,121.329849
169438.055455,141.306213,12.052856,121.150650
169438.096750,141.147644,12.258453,121.225250
169438.138054,141.246689,12.280151,121.311066
169438.179355,141.293686,12.216568,121.276947
169438.220656,141.189835,12.087769,121.494629
169438.261956,141.220352,12.372589,121.521835
169438.303261,141.451126,12.323669,121.533646
169438.344556,141.386612,12.466705,121.515274
169438.385864,141.437683,12.159851,121.686417
169438.427164,141.206604,12.148819,121.496826
169438.468456,141.200165,12.279709,121.256317
169438.509758,141.222382,12.321899,121.470932
169438.551065,141.327118,12.294678,121.538483
169438.592358,141.478195,12.094498,121.540482
169438.633660,141.199219,12.200073,121.367157
169438.674969,141.450241,12.188538,121.717743
169438.716261,141.148102,12.257111,121.692551
169438.757565,141.458008,12.343704,121.532867
169438.798864,141.369476,12.207047,121.729126
169438.840158,141.357925,12.247559,121.470184
169438.881457,141.343613,12.254013,121.360123
169438.922764,141.501022,12.210052,121.487701
169438.964064,141.484253,12.202133,121.607193
169439.005361,141.396484,12.326706,121.733261
169439.046658,141.227539,12.277878,121.584702
169439.087956,141.281128,12.375198,121.547180
169439.129252,141.150208,12.436966,121.619278
169439.170551,141.397781,12.316803,121.375259
169439.211844,141.358917,12.252167,121.861755
169439.253151,141.466980,12.330032,121.365189
169439.294444,141.666428,12.106598,121.486023
169439.335749,141.604538,12.267746,121.422760
169439.377044,141.582703,12.329193,121.624329
169439.418352,141.612366,12.306458,121.445023
169439.459647,141.353683,12.099045,121.438156
169439.500948,141.430740,12.124146,121.647034
169439.542249,141.512100,12.017807,121.351105
169439.583555,141.385269,12.119888,121.216064
169439.624854,141.589096,12.113434,121.484558
169439.666145,141.453583,12.158173,121.324875
169439.707447,141.460571,12.129517,121.446854
169439.748736,141.304291,12.395294,121.209930
169439.790039,141.161224,12.352036,121.578629
169439.831334,141.615829,12.071014,121.337860
169439.872625,141.188293,12.305862,121.505676
169439.913930,141.473541,12.179779,121.401276
169439.955226,141.393738,12.112747,121.850479
169439.996522,141.287155,12.035995,122.010422
169440.037818,141.317429,12.327850,121.525894
169440.079113,141.598587,12.212662,121.398376
169440.120409,141.619812,12.177200,121.620956
169440.161698,141.554337,12.432007,121.564651
169440.203003,141.581314,12.097702,121.280121
169440.244299,141.592987,12.307907,121.479782
169440.285594,141.678497,12.411453,121.537048
169440.326884,141.360916,12.401993,121.302124
169440.368186,141.411652,12.283600,121.282242
169440.409476,141.569061,12.037842,121.462677
169440.450779,141.592224,12.056503,121.557632
169440.492075,141.552795,12.174805,121.466583
169440.533371,141.468964,12.286926,121.329117
169440.574661,141.379562,12.312225,121.514847
169440.615958,141.340271,12.334763,121.575287
169440.657261,141.404831,12.417023,121.362732
169440.698559,141.389114,12.474731,121.551270
169440.739849,141.344223,12.361008,121.622360
169440.781147,141.553207,12.275177,121.344330
169440.822451,141.289307,12.373657,121.374283
169440.863749,141.542252,12.148804,121.507294
169440.905038,141.606201,12.263550,121.518799
169440.946337,141.405045,12.350540,121.535324
169440.987640,141.337906,12.269363,121.379944
169441.028937,141.386597,12.412582,121.684738
169441.070229,141.433060,12.338760,121.542999
169441.111533,141.193878,12.327927,121.156830
169441.152823,141.420074,12.336304,121.702805
169441.194117,141.493668,12.178711,121.322388
169441.235421,141.304581,12.358597,121.571609
169441.276714,141.380981,12.121674,121.596695
169441.318020,141.598221,12.098251,121.516724
169441.359315,141.416656,12.146622,121.633713
169441.400616,141.582321,12.178253,121.264847
169441.441921,141.577469,12.021088,121.533264
169441.483218,141.615692,12.041565,121.562485
169441.524516,141.401871,12.015778,121.809967
169441.565806,141.528687,11.995300,121.497040
169441.607105,141.460999,11.886444,121.441269
169441.648410,141.356094,12.162003,121.430405
169441.689703,141.473587,11.856476,121.626862
169441.731002,141.284256,12.218491,121.567490
169441.772302,141.215469,12.166534,121.541595
169441.813607,141.545609,12.263397,121.667404
169441.854898,141.489136,12.092026,121.495453
169441.896200,141.379822,12.138016,121.611633
169441.937492,141.228546,12.479568,121.628067
169441.978788,141.277084,12.378067,121.589798
169442.020086,141.279617,12.346222,121.513428
169442.061391,141.593246,12.342651,121.476837
169442.102689,141.385788,12.297104,121.625229
169442.143989,141.510605,12.251984,121.476212
169442.185282,141.512192,12.154831,121.527130
169442.226585,141.514282,12.326248,121.688065
169442.267892,141.056046,12.368210,121.522888
169442.309189,141.339935,12.158722,121.613678
169442.350492,141.423737,12.125580,121.573349
169442.391793,141.407684,12.280228,121.735809
169442.433101,141.519333,12.156540,121.681076
169442.474395,141.255127,12.389160,121.595459
169442.515696,141.264862,12.373734,121.594635
169442.556998,141.348404,12.273666,121.296249
169442.598301,141.376663,12.132416,121.752762
169442.639606,141.415848,12.134964,121.659851
169442.680916,141.240005,12.325043,121.552338
169442.722222,141.346924,12.192245,121.587753
169442.763518,141.185043,12.212021,121.554245
169442.804822,141.361694,12.078476,121.379410
169442.846124,141.459213,12.195236,121.635696
169442.887426,141.325577,12.375626,121.578918
169442.928727,141.346039,12.367599,121.555359
169442.970028,141.455627,12.472626,121.623306
169443.011335,141.683197,12.274582,121.642426
169443.052635,141.562424,12.169022,121.582520
169443.093937,141.517426,12.392487,121.412766
169443.135231,141.765488,12.373352,121.519211
169443.176531,141.484314,12.283722,121.828781
169443.217832,141.436600,12.074402,121.619095
169443.259133,141.400665,12.328598,121.833939
169443.300434,141.514450,12.133957,121.935349
169443.341738,141.526535,12.179337,121.679779
169443.383041,141.441025,12.081512,121.566528
169443.424341,141.353683,12.121750,121.530792
169443.465642,141.328537,11.983917,121.434921
169443.506949,141.525482,12.004700,121.413483
169443.548250,141.663391,12.027817,121.404282
169443.589542,141.402069,12.143494,121.334442
169443.630840,141.375488,12.064804,121.549469
169443.672140,141.631836,12.037582,121.498840
169443.713440,141.659729,12.234512,121.760452
169443.754746,141.732834,12.040344,121.656082
169443.796039,141.500977,12.177536,121.399231
169443.837345,141.643723,12.162140,121.473236
169443.878638,141.668182,12.130341,121.525345
169443.919937,141.620804,12.162689,121.295868
169443.961235,141.399872,12.086472,121.475098
169444.002542,141.406403,11.989166,121.504105
169444.043838,141.198685,12.201752,121.480530
169444.085142,141.414703,12.061050,121.346298
169444.126445,141.522476,12.226486,121.533340
169444.167748,141.576950,12.151108,121.424393
169444.209053,141.653824,11.988464,121.714325
169444.250358,141.520020,12.201721,121.738846
169444.291667,141.396652,12.428741,121.695984
169444.332964,141.355927,12.317307,121.447327
169444.374269,141.292999,12.406815,121.632431
169444.415572,141.615021,12.052811,121.596924
169444.456875,141.384308,12.167313,121.431274
169444.498177,141.260208,12.274399,121.663254
169444.539478,141.457321,12.189484,121.818390
169444.580779,141.270615,12.219818,121.437469
169444.622082,141.378281,12.159607,121.616913
169444.663388,140.970764,12.455795,121.763260
169444.704689,141.278183,12.361450,121.612320
169444.745984,141.271652,12.424728,121.857010
169444.787285,141.430496,12.003113,121.866409
169444.828588,141.391251,12.159119,121.748108
169444.869880,141.530319,12.251343,121.749725
169444.911183,141.482803,12.090012,121.712601
169444.952475,141.546432,12.260666,121.739609
169444.993781,141.539062,12.187607,121.577423
169445.035075,141.231949,12.235718,121.514130
169445.076385,141.442657,12.081726,121.378189
169445.117680,141.280884,12.169464,121.646545
169445.158986,141.328583,12.264389,121.638596
169445.200280,141.488419,12.096329,121.711700
169445.241580,141.598251,12.068008,121.730087
169445.282879,141.283218,12.368271,121.415787
169445.324185,141.281067,12.164993,121.453491
169445.365478,141.282410,12.408585,121.445694
169445.406777,141.239441,12.050903,121.862701
169445.448082,141.347397,12.166321,121.912201
169445.489376,141.422363,12.190521,121.694107
169445.530679,141.175888,12.417740,121.975082
169445.571982,141.501770,12.181015,121.906113
169445.613284,141.356201,12.186859,121.769424
169445.654587,141.476379,12.092667,121.801376
169445.695889,141.403427,12.418396,121.610519
169445.737190,141.408096,12.315948,121.767532
169445.778492,141.446976,12.344254,121.682739
169445.819800,141.433426,12.183914,121.573822
169445.861101,141.483353,12.315430,121.524017
169445.902401,141.421036,12.352661,121.483505
169445.943696,141.598022,12.053116,121.662598
169445.984999,141.174225,12.473785,121.617538
169446.026301,141.181091,12.400299,121.917053
169446.067602,141.139053,12.320694,121.329391
169446.108910,141.383240,12.318405,121.618790
169446.150206,141.544998,12.387161,121.430618
169446.191508,141.110565,12.394424,121.594940
169446.232810,141.344269,12.393127,121.557526
169446.274111,141.401901,12.147263,121.617172
169446.315413,141.261414,12.272980,121.695679
169446.356716,141.270370,12.364380,121.893234
169446.398019,141.158630,12.257263,121.646393
169446.439321,141.328522,12.227722,121.794601
169446.480629,140.964310,12.416992,121.487061
169446.521929,141.099350,12.163635,121.612488
169446.563225,141.362381,11.976822,121.729004
169446.604526,141.078949,12.119843,121.573914
169446.645827,141.581711,12.009140,121.673355
169446.687132,141.523972,12.008759,121.566696
169446.728430,141.313766,11.979111,121.405167
169446.769729,141.424042,12.116013,121.461380
169446.811022,141.520599,12.119522,121.661331
169446.852321,141.094193,12.165543,121.557175
169446.893621,141.219788,12.237320,121.544754
169446.934919,141.381271,11.992889,121.292419
169446.976221,141.435135,11.953171,120.957230
169447.017529,141.418259,11.991379,121.359283
169447.058831,141.296234,11.937729,121.431107
169447.100132,141.334244,12.119278,121.389069
169447.141429,141.455460,12.165558,121.383469
169447.182730,141.119080,12.096970,121.745056
169447.224030,141.292267,12.150528,121.531998
169447.265329,141.186066,12.102219,121.902313
169447.306629,140.965912,12.173996,121.834488
169447.347930,141.281204,12.190872,121.755280
169447.389231,141.453720,11.966110,121.457550
169447.430535,141.091751,12.169159,121.434937
169447.471839,141.392303,12.337982,121.427155
169447.513139,141.370163,12.252762,121.311203
169447.554439,141.067413,12.186218,121.439362
169447.595741,141.178238,12.270264,121.253159
169447.637045,141.207703,12.093689,121.403229
169447.678350,141.332047,12.356125,121.268234
169447.719653,141.438843,12.081039,121.400833
169447.760957,141.355469,11.881348,121.486160
169447.802265,141.494812,12.002625,121.327621
169447.843561,141.353760,11.996841,121.357178
169447.884872,141.229156,12.273834,121.125519
169447.926167,141.190552,12.091568,121.344971
169447.967473,141.210098,12.337784,121.314743
169448.008768,141.276749,12.377899,121.421844
169448.050068,141.090042,12.244080,121.329514
169448.091369,141.322601,12.350723,121.288712
169448.132676,141.056198,12.381989,121.265213
169448.173972,141.340973,12.050766,121.244949
169448.215273,141.087082,12.389923,121.186096
169448.256575,141.389099,11.985733,121.125168
169448.297875,141.265671,12.336426,121.372818
169448.339176,141.302338,12.296722,121.549072
169448.380477,141.238449,12.375610,121.486084
169448.421778,141.387726,12.299057,121.465179
169448.463085,141.195816,12.383850,121.542542
169448.504378,141.283096,12.550354,121.514374
169448.545679,141.356491,12.251343,121.719666
169448.586981,141.340591,12.068008,121.218536
169448.628283,141.125916,12.437927,121.340683
169448.669584,141.045654,12.406296,121.217712
169448.710886,141.382187,12.278152,121.163864
169448.752188,141.279419,12.337143,121.500458
169448.793488,141.206528,12.240723,121.191788
169448.834790,141.388077,12.231644,121.193588
169448.876089,141.187958,12.317062,121.340164
169448.917388,141.297501,12.345001,121.302383
169448.958694,141.289291,12.121689,121.556030
169448.999995,141.526901,12.169617,121.506866
169449.041296,141.198074,12.399948,121.649002
169449.082593,141.303711,12.292313,121.185913
169449.123897,141.450516,12.293137,121.238205
169449.165204,141.188980,12.477142,121.412384
169449.206502,141.134888,12.212891,121.578491
169449.247808,141.269135,12.449249,121.361206
169449.289112,141.135834,12.449005,121.398621
169449.330416,141.186630,12.377762,121.244492
169449.371720,141.175934,12.422272,121.284058
169449.413025,141.151047,12.411865,121.101685
169449.454330,141.157166,12.450455,121.369476
169449.495632,140.961838,12.746201,121.543335
169449.536935,141.154999,12.627502,121.378662
169449.578239,141.208847,12.347702,121.184860
169449.619542,141.049057,12.350571,121.081192
169449.660844,141.060089,12.511871,121.170624
169449.702147,141.546066,12.336151,121.236374
169449.743449,141.287521,12.535385,121.238449
169449.784751,141.511978,12.209976,121.109863
169449.826061,141.299301,12.371262,121.175110
169449.867358,141.278183,12.536255,121.193863
169449.908666,141.284592,12.386383,121.238815
169449.949966,141.234909,12.498337,120.984879
169449.991262,141.177399,12.505905,121.140305
169450.032568,141.042160,12.522003,121.017929
169450.073873,141.150711,12.298874,121.210495
169450.115178,141.149597,12.376663,121.097549
169450.156483,141.006699,12.642227,121.346863
169450.197789,140.915833,12.614853,121.485825
169450.239092,141.271088,12.447357,121.468613
169450.280394,141.063934,12.390396,121.661057
169450.321695,141.367172,12.468369,121.231659
169450.363002,141.203690,12.507095,121.291473
169450.404295,141.201309,12.366043,121.455856
169450.445600,141.191086,12.539703,121.484787
169450.486900,141.391373,12.366638,121.015900
169450.528193,141.325821,12.305008,121.086807
169450.569499,141.459412,12.331955,121.331543
169450.610800,141.218475,12.384201,121.667145
169450.652093,141.235291,12.138092,120.952164
169450.693400,141.156998,12.289993,121.062851
169450.734700,141.115479,12.299286,121.199738
169450.775999,141.298279,12.426697,121.225632
169450.817300,141.165421,12.345016,121.122894
169450.858593,141.236542,12.353455,120.998642
169450.899896,141.334213,12.531601,121.359650
169450.941207,141.191605,12.625168,121.191422
169450.982503,141.264908,12.641342,121.641556
169451.023811,141.290924,12.498871,121.855682
169451.065107,141.326584,12.616653,121.261444
169451.106409,141.006088,12.685379,121.378799
169451.147714,140.988724,12.652557,121.489792
169451.189018,141.109558,12.361603,121.560196
169451.230321,141.148468,12.529236,121.331436
169451.271625,141.287781,12.289490,121.832245
169451.312934,141.245026,12.399338,121.781677
169451.354230,141.096817,12.430084,121.621368
169451.395532,141.065536,12.565475,121.349472
169451.436836,141.128525,12.529388,121.476334
169451.478139,141.341965,12.442459,121.538620
169451.519440,141.527039,12.480804,121.326630
169451.560740,141.294388,12.558990,121.355576
169451.602040,140.903030,12.642929,121.714188
169451.643345,141.265427,12.435669,121.397064
169451.684647,141.229996,12.380737,121.387421
169451.725943,141.025696,12.489578,121.114288
169451.767245,141.095291,12.213867,120.878738
169451.808547,141.379684,12.324295,121.366318
169451.849848,141.229996,12.403244,121.533524
169451.891150,141.372925,12.160706,121.290588
169451.932450,141.285156,11.992249,121.517349
169451.973753,141.271347,12.115494,121.289383
169452.015057,141.254044,12.335327,121.230392
169452.056359,141.114319,12.271194,121.594971
169452.097660,141.047012,12.345352,121.204285
169452.138961,141.237488,12.355240,121.239655
169452.180264,141.023514,12.432541,121.184952
169452.221570,141.068893,12.222107,120.973526
169452.262876,141.096130,12.149918,121.135574
169452.304181,141.151962,12.218201,120.975571
169452.345487,141.131882,12.331451,121.207443
169452.386788,141.177032,12.334793,121.126373
169452.428091,141.355545,12.193146,121.316467
169452.469400,141.308914,12.461960,120.955826
169452.510696,141.391968,12.112793,121.227448
169452.552000,141.476227,12.367310,121.201401
169452.593309,141.403275,12.265762,121.369568
169452.634605,141.197464,12.339233,121.150360
169452.675909,141.198181,12.382935,121.265640
169452.717212,141.205597,12.368515,121.321136
169452.758516,141.191162,12.335175,121.253510
169452.799817,141.345123,12.366882,121.438049
169452.841119,141.376678,12.469223,121.194122
169452.882420,141.234436,12.478714,121.681839
169452.923722,141.371780,12.338577,121.237991
169452.965023,141.012421,12.409439,121.369934
169453.006328,141.245865,12.323257,121.403427
169453.047620,141.102463,12.197998,121.762039
169453.088921,141.177933,12.094559,121.389420
169453.130221,141.444519,12.328903,121.531952
169453.171519,141.250854,12.093994,121.257278
169453.212820,141.327896,12.122009,121.283707
169453.254125,141.299454,12.145264,121.129486
169453.295425,141.367126,12.214371,121.341629
169453.336720,141.318848,12.294159,121.357971
169453.378022,141.293259,12.338287,121.365112
169453.419324,141.474609,12.054764,121.153259
169453.460625,141.419846,12.145294,121.068008
169453.501925,141.123245,12.462448,121.297607
169453.543226,141.195816,12.352524,121.218140
169453.584528,141.181961,12.289215,121.140823
169453.625836,141.059677,12.146683,121.041351
169453.667137,141.125626,12.318085,121.119583
169453.708438,141.131271,12.406235,121.138443
169453.749733,141.219360,12.153671,121.121323
169453.791034,141.456268,12.167740,121.183197
169453.832335,141.516098,12.160934,121.071945
169453.873641,141.278046,12.311676,120.898804
169453.914935,141.318710,12.311493,121.237976
169453.956239,141.438126,12.082230,121.121323
169453.997541,141.447296,12.190643,121.077850
169454.038841,141.510666,11.931992,121.154846
169454.080142,141.356186,12.097076,121.132355
169454.121443,141.275757,12.046234,120.887573
169454.162744,141.320816,11.978210,121.167145
169454.204049,141.458984,11.965591,121.141556
169454.245348,141.319946,11.884476,120.802505
169454.286649,141.403473,12.100830,121.139069
169454.327944,141.268188,12.120316,120.978149
169454.369246,141.259399,12.109940,120.845566
169454.410551,141.436676,11.985336,121.065308
169454.451857,141.383591,12.070786,120.983932
169454.493160,141.223007,12.194382,121.034973
169454.534462,141.497101,12.168961,121.056625
169454.575764,141.526367,12.211258,121.097626
169454.617064,141.340134,12.289398,121.297974
169454.658366,141.440231,12.163437,121.034195
169454.699670,141.527161,12.005173,120.813370
169454.740973,141.484436,12.266693,120.907394
169454.782278,141.604263,12.294876,121.274200
169454.823586,141.449982,12.071335,120.753021
169454.864886,141.173935,12.258957,121.317017
169454.906180,141.448990,12.027512,121.377457
169454.947486,141.372757,12.107864,121.217621
169454.988787,141.472046,12.067810,121.044556
169455.030080,141.316711,12.379547,120.977280
169455.071387,141.395142,12.094070,120.965775
169455.112683,141.621994,12.084076,120.694580
169455.153987,141.369492,12.081940,121.075577
169455.195290,141.453629,12.080429,121.019714
169455.236601,141.548233,11.983871,120.737778
169455.277896,141.476761,11.937286,120.903870
169455.319200,141.433548,12.090958,120.989426
169455.360503,141.404694,12.062302,121.161530
169455.401806,141.051788,12.117966,121.135910
169455.443107,141.259521,11.947296,121.110046
169455.484408,141.212967,12.246872,120.899673
169455.525710,141.187256,12.050949,121.064957
169455.567019,141.319336,12.221024,121.399216
169455.608317,141.311386,12.050476,121.305618
169455.649621,141.279327,12.060638,121.150497
169455.690924,141.304367,12.162598,120.862259
169455.732234,141.461792,12.292816,120.824417
169455.773534,141.274063,11.993393,120.665298
169455.814831,141.407562,11.944046,120.974335
169455.856133,141.486481,12.010651,120.843964
169455.897433,141.461960,12.065567,120.724167
169455.938732,141.300308,12.113800,121.096786
169455.980034,141.300583,11.888123,120.540344
169456.021334,141.447906,12.104996,120.555328
169456.062639,141.303284,12.163071,120.612106
169456.103933,141.307434,11.807236,120.891113
169456.145240,141.546829,12.051147,120.955994
169456.186537,141.533340,11.891586,120.967728
169456.227835,141.411179,11.801346,120.859848
169456.269128,141.448441,12.065918,121.021866
169456.310433,140.958160,12.328156,120.795639
169456.351724,141.460907,12.123932,120.975586
169456.393029,141.318039,12.007431,120.786407
169456.434328,141.237305,12.207993,121.098694
169456.475627,141.344742,12.088898,121.058548
169456.516921,141.328186,12.301743,121.036530
169456.558220,141.360306,12.109573,121.144287
169456.599521,141.150238,12.439194,120.988800
169456.640819,141.262177,12.244492,121.064270
169456.682111,141.106216,12.211456,121.196518
169456.723409,141.175720,12.159531,121.293335
169456.764707,141.157410,12.303635,120.923706
169456.806008,141.260193,11.917023,121.239960
169456.847308,141.553894,12.248093,121.025421
169456.888615,141.342896,12.128830,120.663788
169456.929907,141.433701,12.053894,121.187469
169456.971205,141.288254,12.089157,121.193298
169457.012500,141.285263,12.073715,121.035034
169457.053804,141.024857,12.330658,121.088669
169457.095096,141.319412,12.022247,121.048737
169457.136400,141.314392,12.169266,120.899750
169457.177690,141.094482,11.994446,120.963425
169457.218988,141.259277,12.013733,121.265015
169457.260286,141.450073,12.026672,120.764984
169457.301592,141.329865,11.856232,120.960983
169457.342884,141.384659,12.108002,121.006516
169457.384189,141.347427,12.085052,121.329529
169457.425480,141.120590,12.082504,121.221436
169457.466786,141.490433,12.246567,121.086624
169457.508079,141.162476,12.302597,120.979691
169457.549376,141.295151,12.408646,121.173325
169457.590674,141.163712,12.250092,120.893051
169457.631975,140.963730,12.533646,120.992493
169457.673271,141.201202,12.409058,121.197861
169457.714569,141.267822,12.116959,121.225571
169457.755866,141.327820,11.945923,121.172485
169457.797168,141.156067,12.146957,121.276749
169457.838467,141.384689,11.968094,121.308350
169457.879764,141.173508,11.968613,121.287003
169457.921056,141.281555,12.226791,121.285034
169457.962356,141.272354,11.904984,121.391586
169458.003661,141.131897,12.295792,121.104767
169458.044955,141.385895,12.052383,121.424988
169458.086254,141.313492,12.179214,121.238388
169458.127559,141.320328,12.081696,121.221451
169458.168849,141.409790,12.068451,120.947052
169458.210151,141.504044,12.065399,120.972305
169458.251449,141.310944,12.126984,121.123550
169458.292740,141.396561,12.073868,120.978348
169458.334038,141.312241,12.099060,121.047287
169458.375338,141.142975,12.061188,121.115875
169458.416643,141.038269,12.277390,121.202774
169458.457936,141.324020,12.188080,121.265152
169458.499240,141.094238,12.328979,120.729462
169458.540531,141.185745,11.938599,121.190338
169458.581829,141.211182,12.185333,121.162308
169458.623128,141.275803,12.182739,121.276779
169458.664425,141.388214,12.206573,121.211151
169458.705723,141.222366,12.191132,121.275314
169458.747021,141.248245,12.133850,121.393738
169458.788326,141.399872,12.189087,121.490280
169458.829623,141.323853,12.199417,121.488632
169458.870911,141.342361,12.102249,121.205582
169458.912209,141.517151,12.052277,121.309464
169458.953498,141.249939,11.999908,121.111328
169458.994801,141.549347,12.104233,120.961060
169459.036092,141.440521,11.963379,121.341827
169459.077390,141.384232,11.831024,121.246445
169459.118695,141.233658,12.051132,121.121780
169459.159985,141.289856,12.143173,121.113144
169459.201288,141.193527,12.332916,121.106903
169459.242575,141.486633,12.033127,120.678604
169459.283875,141.327454,12.195145,120.839417
169459.325170,141.247208,12.255630,121.455185
169459.366465,141.535553,12.234299,121.277603
169459.407759,141.298889,12.219772,121.146210
169459.449046,141.214447,12.094269,121.111679
169459.490349,141.397873,12.053238,121.190369
169459.531643,141.458542,12.100815,120.989594
169459.572939,141.531265,11.959351,121.547028
169459.614233,141.247559,12.092468,121.150864
169459.655530,141.193970,12.148102,121.204285
169459.696818,141.384399,11.971069,120.790649
169459.738116,141.331360,12.271317,120.929230
169459.779412,141.081467,12.152527,121.216248
169459.820711,141.418381,11.989838,121.125458
169459.862000,141.327972,11.833801,121.577591
169459.903294,141.547775,11.957047,121.128357
169459.944590,141.322113,11.788040,121.415482
169459.985884,141.255798,11.940247,121.369858
169460.027187,141.253494,12.050034,121.352188
169460.068477,141.375595,12.110458,121.382782
169460.109774,141.498230,11.968948,121.461166
169460.151075,141.527466,11.797897,121.351166
169460.192372,141.423965,11.919037,121.241974
169460.233660,141.340576,11.907883,121.277908
169460.274956,141.310181,12.117508,120.776016
169460.316251,141.298706,12.240387,120.860825
169460.357548,141.466705,12.178528,121.165543
169460.398843,141.546555,11.922363,120.902390
169460.440143,141.456451,12.054993,120.947083
169460.481436,141.475876,12.071732,121.096298
169460.522729,141.540115,12.102692,120.866318
169460.564022,141.364548,11.925308,120.964996
169460.605315,141.533722,11.793640,120.728043
169460.646608,141.350662,11.915863,121.142426
169460.687900,141.397736,11.951904,121.164124
169460.729193,141.507660,12.033737,121.047501
169460.770485,141.053360,12.185089,121.187164
169460.811778,141.212631,12.314713,121.035370
169460.853067,141.351837,12.113647,121.090103
169460.894358,141.141861,12.032959,121.135590
169460.935648,141.106476,12.197754,121.230911
169460.976938,141.324707,12.111084,121.212830
169461.018228,141.436279,12.321304,121.352036
169461.059521,141.330521,12.090271,121.187561
169461.100814,141.275146,12.465164,121.259628
169461.142107,141.381302,12.049683,121.451324
169461.183398,141.577148,12.253036,121.469864
169461.224686,141.276428,12.215195,121.261902
169461.265985,141.272888,12.208954,121.357224
169461.307272,141.386581,12.035095,121.080734
169461.348574,141.099106,12.210449,121.238449
169461.389865,141.212357,12.167053,121.146820
169461.431158,141.264023,12.012451,121.216644
169461.472446,141.234634,12.100769,121.226151
169461.513743,141.283371,12.077301,121.344528
169461.555044,141.358261,12.281891,120.999817
169461.596332,141.608963,12.199234,121.122559
169461.637627,141.366470,12.079498,121.115097
169461.678931,141.489304,12.183975,121.081406
169461.720227,141.583191,12.079010,121.484985
169461.761523,141.388565,12.287766,121.015182
169461.802811,141.172806,12.240524,121.027863
169461.844106,141.423553,12.007370,121.149826
169461.885405,141.248917,12.185043,121.450836
169461.926694,141.230087,12.263443,121.207809
169461.967999,141.326614,12.258972,121.135818
169462.009289,141.219254,12.178268,121.193695
169462.050591,141.050049,12.215210,121.115799
169462.091887,141.193314,12.099823,121.131378
169462.133178,141.195877,12.070786,121.026901
169462.174476,141.205902,12.127350,121.208679
169462.215780,141.327759,12.065216,121.308548
169462.257076,141.194244,12.217651,121.010193
169462.298366,141.219574,12.225983,121.150620
169462.339662,141.234695,12.211533,121.572296
169462.380964,141.359451,12.220276,121.538651
169462.422260,141.506134,12.095901,121.526474
169462.463549,141.202713,12.123795,121.350479
169462.504850,141.317825,12.217636,121.591309
169462.546138,141.386902,12.111404,121.272202
169462.587440,141.499252,12.001144,121.494171
169462.628729,141.450439,12.001251,121.330688
169462.670033,141.452225,12.050583,121.478775
169462.711324,141.357239,12.058273,121.308167
169462.752625,141.592667,11.972610,121.327225
169462.793920,141.357895,12.050507,121.516418
169462.835214,141.229736,12.223694,121.162994
169462.876502,141.358185,12.426651,121.439713
169462.917804,141.380859,12.437286,121.318192
169462.959101,141.232864,12.381439,121.403641
169463.000399,141.215942,12.530304,121.462280
169463.041690,141.389328,12.297318,121.468414
169463.082988,141.541092,12.247726,121.298340
169463.124287,141.208923,12.255722,121.732727
169463.165584,141.114166,12.211182,121.495651
169463.206880,141.269623,12.014359,121.490646
169463.248176,141.445465,12.205002,121.428391
169463.289471,141.827682,12.079895,121.120987
169463.330765,141.505066,12.083267,121.397461
169463.372066,141.611359,12.056595,121.231705
169463.413362,141.519043,12.038208,121.442093
169463.454650,141.332413,12.472061,121.627930
169463.495945,141.206390,12.306580,121.444519
169463.537240,141.535950,12.263153,121.634079
169463.578535,141.425674,12.140976,121.583511
169463.619832,141.457474,12.262970,121.474503
169463.661129,141.487488,12.206024,121.289429
169463.702426,141.418716,12.129684,121.519867
169463.743722,141.628235,11.938751,121.697815
169463.785018,141.471649,12.059357,121.565186
169463.826314,141.434738,12.093750,121.091934
169463.867619,141.375412,12.400558,121.236191
169463.908911,141.511215,12.332031,121.257080
169463.950207,141.327515,11.853256,121.508316
169463.991504,141.326447,12.113052,121.305450
169464.032801,141.183075,12.101990,121.390594
169464.074100,141.405365,12.075150,121.522583
169464.115395,141.402328,12.302048,121.696213
169464.156696,141.609344,12.125656,121.622437
169464.197990,141.397736,12.098633,121.248062
169464.239279,141.445328,12.189499,121.181885
169464.280576,141.260483,12.058701,121.217514
169464.321872,141.274902,12.256073,121.495865
169464.363169,141.251511,12.274200,121.133423
169464.404471,141.293137,12.215515,121.488785
169464.445765,141.141830,12.235168,121.196747
169464.487059,141.351929,12.106308,121.495636
169464.528354,141.488983,12.104187,121.152298
169464.569642,141.573013,12.122131,121.139877
169464.610938,141.433151,11.912369,121.431396
169464.652237,141.470123,12.319916,121.046143
169464.693533,141.539825,12.160583,121.441422
169464.734829,141.448456,12.298553,121.044510
169464.776131,141.515808,12.060501,121.369232
169464.817426,141.430618,12.053574,121.318542
169464.858713,141.404373,12.156265,120.845840
169464.900010,141.370880,12.094009,121.058945
169464.941305,141.519913,11.947144,121.180588
169464.982601,141.486038,12.013840,121.327911
169465.023900,141.480026,12.219147,121.266312
169465.065197,141.558624,12.169357,121.157318
169465.106500,141.503616,11.964554,121.089203
169465.147790,141.428864,12.109222,121.096497
169465.189092,141.422348,12.057510,120.899460
169465.230381,141.438004,12.299973,121.211349
169465.271676,141.285812,12.328354,120.874588
169465.312977,141.675461,12.194717,121.219742
169465.354267,141.547409,12.180206,121.037857
169465.395561,141.498550,12.068436,121.123428
169465.436856,141.306274,12.353714,121.156845
169465.478160,141.231079,12.359406,120.940491
169465.519453,141.242874,12.289307,120.952301
169465.560751,141.436005,12.255768,121.129166
169465.602055,141.106644,12.276855,121.255508
169465.643345,141.070206,12.262573,121.329330
169465.684645,141.237335,12.274994,120.946259
169465.725937,141.262909,12.005020,120.991745
169465.767226,141.288940,12.230652,121.147049
169465.808523,141.465805,12.060974,121.047043
169465.849821,141.436890,11.973007,121.448853
169465.891120,141.541367,11.987198,121.479599
169465.932417,141.401978,11.961441,121.139633
169465.973719,141.370972,12.083069,121.237869
169466.015015,141.358994,12.083344,121.260727
169466.056306,141.332108,12.265396,120.966599
169466.097604,141.320587,12.147598,121.114471
169466.138899,141.393234,12.222733,121.369080
169466.180195,141.402313,12.047058,121.266983
169466.221498,141.675797,12.154572,121.231689
169466.262792,141.441971,12.066269,121.461761
169466.304082,141.479355,12.117294,120.991745
169466.345384,141.528488,12.112991,120.981842
169466.386675,141.440384,12.095291,121.182816
169466.427972,141.410706,12.200195,120.735825
169466.469269,141.370667,12.285202,121.183899
169466.510566,141.293915,12.170090,121.179718
169466.551861,141.374710,11.969818,121.295731
169466.593163,141.428177,12.187332,121.046249
169466.634458,141.394302,12.079926,121.171829
169466.675749,141.224106,12.265366,121.393280
169466.717044,141.407928,12.154999,121.425461
169466.758339,141.352158,12.413544,121.395157
169466.799636,141.295639,12.223602,121.327744
169466.840933,141.335648,12.336090,121.457001
169466.882230,141.436203,12.134064,121.241455
169466.923524,141.414124,12.136536,121.123337
169466.964828,141.467514,11.947662,121.351883
169467.006123,141.345139,12.228165,121.069626
169467.047413,141.248276,12.527924,121.254318
169467.088716,141.472000,12.613998,120.974030
169467.130003,141.253372,12.681549,121.301697
169467.171299,141.197647,12.583328,121.261353
169467.212599,141.270905,12.394806,120.876144
169467.253893,141.367661,12.462936,121.089966
169467.295181,141.054260,12.330994,121.156342
169467.336478,141.551392,12.269211,121.167191
169467.377782,141.331436,12.258591,120.878723
169467.419077,141.211227,12.299637,121.249176
169467.460366,141.170044,12.451782,121.018906
169467.501664,141.333420,12.398300,121.099182
169467.542960,141.344879,12.197067,121.187531
169467.584257,141.379303,12.144165,121.120438
169467.625554,141.341690,12.431015,121.027710
169467.666850,141.296692,12.388519,121.062454
169467.708151,141.434082,12.553268,121.545212
169467.749440,141.315765,12.342850,121.191925
169467.790739,141.444214,12.310852,121.263092
169467.832028,141.299973,12.331299,121.118423
169467.873324,141.209885,12.400635,121.307587
169467.914619,141.221634,12.400467,121.233566
169467.955921,141.066833,12.431564,121.318146
169467.997209,141.183487,12.391418,121.841751
169468.038510,140.964005,12.426010,121.327759
169468.079804,141.205078,12.293045,121.367981
169468.121098,141.239822,12.407776,121.368469
169468.162393,141.416428,12.167877,121.372101
169468.203683,141.280731,12.215332,121.329620
169468.244984,141.346878,12.191803,121.150864
169468.286272,141.318100,12.406570,121.214066
169468.327568,141.393570,12.399979,121.010437
169468.368869,141.316971,12.463852,121.225693
169468.410168,141.269409,12.203491,121.293533
169468.451459,141.132675,12.319565,121.271347
169468.492754,141.336533,12.251877,121.208420
169468.534057,141.402695,12.049911,121.224213
169468.575348,141.136810,12.186829,121.385178
169468.616652,141.002975,12.149185,121.621780
169468.657940,141.450226,12.136948,121.619064
169468.699243,141.327011,12.202972,121.477798
169468.740533,141.464050,12.328918,121.436020
169468.781833,141.221451,12.308746,121.410782
169468.823121,141.124634,12.239075,121.303909
169468.864422,141.158386,12.476517,121.276794
169468.905710,141.241028,12.280869,121.435822
