162083.660437,143.172760,10.996765,124.396149
162083.701732,142.964447,10.623779,124.641586
162083.743027,142.940521,10.836777,124.370270
162083.784321,142.841034,10.921036,124.388397
162083.825614,143.070831,10.632721,124.625641
162083.866906,143.057571,10.767899,124.410828
162083.908199,142.949982,10.578827,124.195068
162083.949492,142.744476,10.646774,124.386597
162083.990785,142.868103,10.335175,124.531281
162084.032080,142.805923,10.602600,124.629379
162084.073375,143.064911,10.356735,124.648041
162084.114670,142.830536,10.456619,124.398453
162084.155966,143.013000,10.556198,124.455261
162084.197260,142.944931,10.596573,124.796356
162084.238555,142.843979,10.543915,124.654083
162084.279849,142.849945,10.926239,124.566727
162084.321145,142.978348,10.877838,124.638031
162084.362444,142.913712,10.664078,124.368561
162084.403739,143.067200,10.473831,124.391327
162084.445034,142.954453,10.672882,124.503479
162084.486329,142.879898,10.505493,124.470871
162084.527621,142.906189,10.782623,124.409760
162084.568914,142.787216,10.743423,124.441757
162084.610207,142.720856,10.703949,124.231461
162084.651500,142.682846,10.727356,124.247711
162084.692795,142.633682,10.611725,124.665329
162084.734090,142.836395,10.767410,124.423492
162084.775385,142.700485,10.586212,124.434052
162084.816678,142.803085,10.687515,124.424911
162084.857972,142.629669,10.866760,124.444290
162084.899267,142.714401,10.831970,124.797806
162084.940561,142.738800,10.826218,124.458740
162084.981857,142.950485,10.465240,124.659195
162085.023156,142.689560,10.788788,124.426865
162085.064453,143.046234,10.406204,124.582367
162085.105747,143.045975,10.517761,124.458801
162085.147042,143.021942,10.432266,124.704895
162085.188336,143.068161,10.508514,124.517731
162085.229632,143.139130,10.198898,124.564941
162085.270928,142.965302,10.531296,124.605118
162085.312226,143.044037,10.623016,124.482544
162085.353523,142.956940,10.636154,124.513580
162085.394819,142.814499,10.820755,124.556595
162085.436114,142.635300,10.859207,124.373535
162085.477409,142.914551,10.674988,124.864792
162085.518703,142.939423,10.433258,124.749359
162085.559997,142.955811,10.569687,124.877869
162085.601290,142.922256,10.668579,124.737167
162085.642583,142.934586,10.443863,124.496490
162085.683876,143.151474,10.365997,124.570251
162085.725170,143.046783,10.612473,124.339722
162085.766464,143.241287,10.367783,124.735611
162085.807756,143.207489,10.332474,124.690552
162085.849047,143.212936,10.390488,124.847870
162085.890340,142.890579,10.445984,124.873856
162085.931637,143.119385,10.311966,124.745132
162085.972931,143.019974,10.471512,124.828674
162086.014224,143.149246,10.268143,124.907669
162086.055518,143.005768,10.431427,124.835190
162086.096813,142.902130,10.361832,124.910721
162086.138108,142.790482,10.510986,124.659637
162086.179404,142.786316,10.489304,124.607513
162086.220698,142.998886,10.612564,124.479630
162086.261993,142.902527,10.721710,125.066910
162086.303290,143.062958,10.566925,125.054153
162086.344584,142.991348,10.756302,124.969116
162086.385879,143.034760,10.476028,124.648697
162086.427174,143.022812,10.740036,124.795837
162086.468470,143.036118,10.704010,124.783875
162086.509765,143.150009,10.474213,124.777847
162086.551058,142.991562,10.447525,124.606201
162086.592350,143.148331,10.490692,124.567627
162086.633643,142.733765,10.630127,124.809357
162086.674936,142.854660,10.682220,124.809998
162086.716232,142.910843,10.586365,124.343155
162086.757525,142.963562,10.701660,124.660110
162086.798821,142.674011,10.538086,124.725876
162086.840117,143.027328,10.545563,124.793823
162086.881412,142.698334,10.653458,124.855026
162086.922708,142.651047,10.754105,124.676331
162086.964002,142.905914,10.774506,124.689713
162087.005299,142.900360,10.779114,125.013458
162087.046593,142.748581,10.963577,124.894012
162087.087889,142.794052,10.758209,124.404785
162087.129185,142.944412,10.732254,124.624252
162087.170482,142.992538,10.684494,124.775803
162087.211780,142.884064,10.871445,124.788147
162087.253075,142.895065,10.817245,124.552933
162087.294369,142.794098,10.570938,124.537857
162087.335665,142.633362,10.856232,124.728821
162087.376962,142.789474,10.722183,124.645401
162087.418261,142.810760,10.792236,124.448059
162087.459559,143.063232,10.731705,124.499207
162087.500856,142.846741,10.584137,124.630920
162087.542149,142.557236,10.895782,125.275284
162087.583442,142.751450,10.608795,125.364258
162087.624735,142.882843,10.774658,124.708450
162087.666029,142.939026,10.635941,124.794281
162087.707324,142.922684,10.680054,124.719162
162087.748617,142.720383,10.930923,124.966400
162087.789911,142.858627,10.861877,124.772385
162087.831206,142.748734,11.086655,124.747711
162087.872502,142.858643,10.630859,124.387070
162087.913797,142.880951,10.923691,124.484253
162087.955090,143.134308,10.624985,124.853226
162087.996385,142.792130,10.621948,124.803635
162088.037678,142.842377,10.726791,124.747574
162088.078973,142.648407,10.725861,124.587967
162088.120270,142.762344,10.880844,124.957138
162088.161564,142.749695,10.938049,124.687607
162088.202858,142.737442,10.754730,124.730606
162088.244153,142.751907,10.816101,124.865173
162088.285450,142.807892,10.751877,124.623871
162088.326746,142.860123,10.657776,124.967545
162088.368044,142.922318,10.478897,124.586807
162088.409340,142.842010,10.726074,124.359573
162088.450636,142.783478,10.697174,124.606415
162088.491932,142.810013,10.554520,124.597183
162088.533229,142.937378,10.508469,124.707153
162088.574526,142.690247,10.579483,124.537521
162088.615822,142.704117,10.659271,124.470703
162088.657120,142.880646,10.353317,124.734039
162088.698416,142.916840,10.424042,124.542923
162088.739712,142.690414,10.506271,124.411133
162088.781007,142.767105,10.645676,124.441162
162088.822304,142.840271,10.614151,124.674911
162088.863603,142.658356,10.958344,124.906296
162088.904902,143.086761,10.420319,124.830322
162088.946203,142.794312,10.758743,124.641418
162088.987499,143.030106,10.747910,124.575760
162089.028797,142.941559,10.752121,124.575394
162089.070093,143.128372,10.487823,124.543335
162089.111389,142.828659,10.674835,124.644470
162089.152684,142.954971,10.499680,124.396301
162089.193980,143.013321,10.608902,124.727219
162089.235276,142.988129,10.539444,124.508545
162089.276573,142.988312,10.337402,124.476379
162089.317872,142.946152,10.394424,124.515076
162089.359167,142.917892,10.362167,124.829788
162089.400465,142.998993,10.287521,124.478668
162089.441764,142.973206,10.311142,124.646271
162089.483062,143.025146,10.171005,124.236649
162089.524359,143.060501,10.479813,124.740112
162089.565655,142.808243,10.594940,124.469925
162089.606950,142.924530,10.520172,124.714447
162089.648247,143.028625,10.555298,124.770981
162089.689544,142.963165,10.636154,124.776642
162089.730841,143.174500,10.412323,124.714493
162089.772137,143.008560,10.461761,124.676361
162089.813433,143.209442,10.434799,124.635315
162089.854730,143.130875,10.422043,124.690735
162089.896027,143.043762,10.504715,124.567505
162089.937322,143.003555,10.396423,124.306946
162089.978619,143.065933,10.571915,124.480316
162090.019915,143.226669,10.373474,124.438889
162090.061212,143.083740,10.413071,124.734299
162090.102509,143.085297,10.603851,124.311264
162090.143807,142.914276,10.443436,124.639465
162090.185105,143.070419,10.529480,124.519409
162090.226401,142.990799,10.513672,124.465225
162090.267699,143.226929,10.609985,124.795120
162090.308997,143.118362,10.572754,124.342194
162090.350295,143.113892,10.624283,124.364532
162090.391594,143.000916,10.490463,124.526627
162090.432892,142.975525,10.540863,124.477585
162090.474187,142.953979,10.686661,124.377151
162090.515482,142.969574,10.620407,124.394516
162090.556778,143.025162,10.590576,124.302444
162090.598074,142.936691,10.533035,124.404099
162090.639370,142.778275,10.509720,124.467850
162090.680668,142.975204,10.444916,124.501556
162090.721967,142.868195,10.496765,124.738495
162090.763266,142.879059,10.667236,124.836960
162090.804563,142.944824,10.635025,124.823486
162090.845863,142.736923,10.862167,124.648941
162090.887158,142.986038,10.507065,124.609055
162090.928452,143.054047,10.655472,124.633118
162090.969747,143.101120,10.656067,124.741364
162091.011044,142.793579,10.738144,124.794662
162091.052344,143.129242,10.817841,124.664169
162091.093644,143.212372,10.694717,124.953918
162091.134943,143.004440,10.773834,124.921616
162091.176241,143.040176,10.753433,124.403519
162091.217536,142.701431,10.639709,124.538986
162091.258831,142.747177,10.807159,125.027283
162091.300127,142.698883,10.874832,124.862915
162091.341423,142.666550,10.672134,124.742020
162091.382718,142.798416,10.567230,124.760223
162091.424014,142.619095,10.748520,124.565216
162091.465310,142.770767,10.865753,124.649261
162091.506604,142.790009,10.651596,124.977295
162091.547900,142.867111,10.512924,124.694687
162091.589196,142.732773,10.676773,124.915314
162091.630488,142.817719,10.772919,124.831711
162091.671784,142.807663,10.725098,124.817749
162091.713080,142.908508,10.763870,124.601944
162091.754376,142.778412,10.374496,124.546265
162091.795672,143.050919,10.553467,124.795731
162091.836967,142.740387,10.520828,124.509888
162091.878263,142.853333,10.479355,124.378906
162091.919560,142.762177,10.511337,124.505081
162091.960857,142.639679,10.708160,124.546127
162092.002154,142.713577,10.476242,124.130005
162092.043450,142.746704,10.456131,124.407547
162092.084744,143.032623,10.370804,124.475113
162092.126036,142.963776,10.394257,124.475998
162092.167332,142.855682,10.413559,124.365906
162092.208626,143.027985,10.263245,124.219604
162092.249923,143.017014,10.327545,124.139679
162092.291219,142.971390,10.351486,124.518600
162092.332515,142.946945,10.525314,124.311600
162092.373810,143.040970,10.251633,124.218140
162092.415105,142.934677,10.489288,124.195023
162092.456401,142.938416,10.359543,124.155273
162092.497697,142.774643,10.536240,124.397064
162092.538992,142.865768,10.331741,124.248749
162092.580288,142.834976,10.607132,124.197586
162092.621586,142.898209,10.393829,124.060623
162092.662883,142.991119,10.315170,124.361481
162092.704178,142.671814,10.559662,124.514999
162092.745474,142.623047,10.638535,124.313766
162092.786770,142.730850,10.517868,124.198166
162092.828067,142.759888,10.385620,124.203568
162092.869364,142.463547,10.574387,124.247589
162092.910663,142.664307,10.528351,124.441895
162092.951964,142.841309,10.764389,124.787811
162092.993262,142.664749,10.621490,124.550034
162093.034562,142.818100,10.528091,124.478531
162093.075858,142.741486,10.525269,124.403320
162093.117156,142.647202,10.607269,124.595886
162093.158451,142.619873,10.380798,124.615921
162093.199747,142.921280,10.286545,124.562500
162093.241044,142.683960,10.675140,124.518036
162093.282341,142.705643,10.328110,124.175278
162093.323638,142.840561,10.272797,124.357712
162093.364935,142.720520,10.521927,124.365784
162093.406230,142.655685,10.397125,124.485367
162093.447525,142.569305,10.603378,124.525894
162093.488818,142.735947,10.665054,124.659622
162093.530111,142.984985,10.664078,124.681900
162093.571406,142.814438,10.753204,124.602615
162093.612701,142.755966,10.805161,124.703751
162093.653995,142.978363,10.577225,124.687576
162093.695286,142.794540,10.662628,124.610779
162093.736581,142.713135,10.841492,124.596863
162093.777876,143.003433,10.851120,124.669678
162093.819170,142.932709,10.788025,124.739624
162093.860463,143.022522,10.628372,124.655716
162093.901758,142.914932,10.862564,124.533493
162093.943053,142.984528,10.721329,124.637680
162093.984347,142.918304,10.668991,124.487167
162094.025643,142.933487,10.817566,124.531631
162094.066938,142.904694,10.872391,124.726257
162094.108231,142.833466,10.804688,124.870346
162094.149524,142.782471,11.096390,124.707672
162094.190818,142.834030,11.103378,124.714615
162094.232113,143.121109,10.738586,124.932846
162094.273408,143.230560,10.748428,124.728775
162094.314701,143.037140,10.969437,124.477936
162094.355994,142.881668,10.899048,124.508698
162094.397288,142.883804,10.848145,124.522079
162094.438580,142.886444,10.768463,124.527527
162094.479874,142.814102,10.670822,124.329926
162094.521170,142.829651,10.485321,124.542099
162094.562467,142.725342,10.851364,124.547791
162094.603763,142.775482,10.724777,124.319534
162094.645058,142.789703,10.561218,124.340332
162094.686354,142.695282,10.923141,124.450867
162094.727653,142.627563,10.731049,124.403595
162094.768953,142.798538,10.782852,124.944946
162094.810252,142.821198,10.731918,124.620575
162094.851550,142.865341,10.667892,124.716721
162094.892848,142.767487,10.885452,124.731613
162094.934145,142.705963,10.620514,124.476685
162094.975442,143.021744,10.574738,124.798737
162095.016737,142.554993,10.768585,124.839691
162095.058031,142.875580,10.501770,124.432175
162095.099324,142.786942,10.825348,124.944504
162095.140618,142.846832,10.716858,124.858444
162095.181914,142.640457,10.698730,124.533920
162095.223209,142.451385,10.935959,124.719284
162095.264504,142.753662,10.734100,124.571716
162095.305801,142.994125,10.600647,124.588486
162095.347096,142.446091,10.820038,124.421997
162095.388391,142.626236,10.544006,124.666367
162095.429689,142.875107,10.768387,124.503815
162095.470984,142.892654,10.740158,125.515396
162095.512280,142.721085,10.946732,125.013214
162095.553576,142.821014,10.743607,124.923737
162095.594872,142.842911,10.767456,124.717026
162095.636168,142.917358,10.545227,124.896347
162095.677464,142.722580,10.697098,124.608459
162095.718757,142.757645,10.882248,124.335464
162095.760054,142.630234,10.784515,124.474854
162095.801350,142.839111,10.667343,124.481812
162095.842647,142.690506,10.960205,124.462479
162095.883942,142.711945,10.811417,124.224426
162095.925237,142.736908,10.799911,124.582397
162095.966532,142.667450,10.900009,124.359222
162096.007827,142.783585,10.784729,124.548553
162096.049123,142.559036,10.771530,124.250610
162096.090417,142.813232,10.632401,124.666962
162096.131712,142.795624,10.810547,124.487411
162096.173004,142.675552,10.676559,124.455734
162096.214296,142.783508,10.780167,124.906082
162096.255589,142.823395,10.589172,124.564133
162096.296883,142.822372,10.821960,124.705231
162096.338178,143.052216,10.753906,124.620636
162096.379475,142.831848,10.681946,124.822525
162096.420767,142.941147,10.825485,124.835281
162096.462063,142.821503,10.677017,124.921921
162096.503357,142.857910,10.818604,124.600311
162096.544650,142.975769,10.693604,124.530563
162096.585944,142.899872,10.897797,124.642853
162096.627237,142.790237,10.658981,124.652420
162096.668531,142.663361,10.931107,124.598923
162096.709824,142.629623,10.650345,124.618286
162096.751117,142.833313,10.710205,124.589874
162096.792410,142.738327,10.720093,124.276459
162096.833702,143.043915,10.699356,124.174988
162096.874997,143.118622,10.660477,124.218597
162096.916294,142.911621,10.792236,124.560303
162096.957587,142.652420,10.720520,124.588058
162096.998880,142.635559,10.974350,124.604019
162097.040172,142.765320,10.967056,124.464172
162097.081468,142.860168,10.934219,124.664642
162097.122763,142.762299,11.066971,124.489792
162097.164058,142.843765,10.970215,124.589951
162097.205352,142.867905,10.836182,124.474380
162097.246648,142.773438,10.714890,124.333847
162097.287942,142.766724,10.519089,124.112885
162097.329237,142.767822,10.856369,124.560989
162097.370532,142.754181,10.735962,124.653961
162097.411827,142.834396,10.724274,124.619843
162097.453119,143.024323,10.692902,124.900696
162097.494412,142.757370,10.780075,124.390366
162097.535705,142.844254,10.734818,124.540756
162097.576999,142.973816,10.404129,124.504608
162097.618291,142.708588,10.484512,124.495300
162097.659585,142.789536,10.635178,124.348160
162097.700880,142.962143,10.646683,124.542145
162097.742174,142.435257,10.916077,124.280014
162097.783468,142.708313,10.834915,124.465012
162097.824762,142.779358,10.706863,124.656998
162097.866055,142.795609,10.800461,124.374008
162097.907349,142.900330,10.596558,124.303131
162097.948644,142.854050,10.563904,124.360397
162097.989936,142.588715,10.731644,124.302399
162098.031230,142.737656,10.737808,124.268921
162098.072523,142.792908,10.611664,124.418320
162098.113815,143.067535,10.633545,124.459045
162098.155108,142.737396,10.728531,124.475525
162098.196402,142.852371,10.687469,124.347610
162098.237695,142.898712,10.647186,124.489395
162098.278989,142.797287,10.771515,124.529968
162098.320281,142.831039,10.628448,124.339462
162098.361575,142.975311,10.754333,124.735138
162098.402868,142.946808,10.687759,124.626129
162098.444163,142.805359,10.749527,124.823227
162098.485458,142.982101,10.668137,124.824081
162098.526754,142.819107,10.553543,124.374664
162098.568048,142.844162,10.734070,124.469055
162098.609341,142.711685,10.727982,124.439362
162098.650635,142.973297,10.512772,124.374313
162098.691931,142.810684,10.728500,124.264999
162098.733224,142.905380,10.763641,124.736450
162098.774517,142.921539,10.803833,124.350052
162098.815812,142.943649,10.715469,124.652130
162098.857110,142.818329,10.697586,124.450592
162098.898406,142.967697,10.775681,124.693954
162098.939701,143.115143,10.702759,124.513229
162098.980998,142.920685,10.897644,124.525604
162099.022292,142.718857,10.711304,124.548950
162099.063586,142.823120,10.947754,124.650757
162099.104880,142.960144,10.671967,124.303009
162099.146176,142.806458,10.958969,124.587433
162099.187473,142.853775,10.669128,124.137390
162099.228769,142.854965,10.490829,124.382294
162099.270066,142.911423,10.826935,124.084915
162099.311363,142.999008,10.715134,124.413086
162099.352659,142.987671,10.483017,124.225464
162099.393954,143.038910,10.654236,124.365601
162099.435250,142.951508,10.495300,124.249527
162099.476545,143.196762,10.459686,124.410019
162099.517839,143.164047,10.503189,124.508926
162099.559133,143.028885,10.694824,124.427689
162099.600428,143.174103,10.500107,124.578934
162099.641723,142.939240,10.499329,124.720871
162099.683018,142.766296,10.705048,124.366287
162099.724314,142.957062,10.793335,124.129410
162099.765610,143.006424,10.673187,124.327896
162099.806909,143.133987,10.641571,124.745895
162099.848206,143.147217,10.537125,124.552078
162099.889503,142.999191,10.506638,124.037964
162099.930798,142.816849,10.661743,124.509842
162099.972092,142.884827,10.484177,124.577057
162100.013385,142.973633,10.493729,124.304504
162100.054678,143.104843,10.498230,124.384277
162100.095971,143.006775,10.456329,124.619843
162100.137264,142.940308,10.685562,124.500320
162100.178555,143.001709,10.737595,124.501373
162100.219848,143.143311,10.699677,124.807602
162100.261140,143.200607,10.610962,124.406219
162100.302432,143.183823,10.610886,124.384857
162100.343724,143.029694,10.495575,124.332672
162100.385016,143.190735,10.548920,124.171860
162100.426309,143.244980,10.481720,124.389481
162100.467601,143.296585,10.467743,123.953506
162100.508895,143.285919,10.422195,124.116165
162100.550187,143.001831,10.675995,123.902496
162100.591477,142.883209,10.513397,124.297073
162100.632771,143.111725,10.497070,124.430145
162100.674067,142.882339,10.550919,124.513931
162100.715362,142.881180,10.620911,124.191025
162100.756659,143.014297,10.512726,124.273697
162100.797953,142.893295,10.810715,124.131256
162100.839247,142.985748,10.420197,124.306244
162100.880543,143.147125,10.588806,124.455276
162100.921834,142.663284,10.792603,123.992615
162100.963128,142.878479,10.469162,124.598145
162101.004425,143.045868,10.624344,124.063797
162101.045720,142.995346,10.727783,124.486771
162101.087015,142.863388,10.786133,124.260162
162101.128312,142.985291,10.493210,124.621155
162101.169606,142.960800,10.645477,124.233765
162101.210899,142.906097,10.688889,124.519928
162101.252194,142.708389,10.729401,124.326675
162101.293488,142.729126,10.632614,124.548264
162101.334783,142.891296,10.538116,124.533829
162101.376079,142.816589,10.485855,124.638107
162101.417373,142.955399,10.341354,124.518631
162101.458667,142.811081,10.592239,124.585953
162101.499960,142.837387,10.686798,124.569855
162101.541253,142.949524,10.508469,124.367798
162101.582547,143.112366,10.579651,124.490753
162101.623842,142.913834,10.546936,124.390961
162101.665136,142.801651,10.554291,124.382294
162101.706430,143.072174,10.613022,124.595764
162101.747725,143.067001,10.361465,124.341949
162101.789019,143.006088,10.350555,124.643021
162101.830314,143.018021,10.515152,124.563736
162101.871610,143.267395,10.385071,124.419174
162101.912907,143.155258,10.425644,124.682755
162101.954204,143.154922,10.400604,124.884552
162101.995503,142.961441,10.183487,124.837082
162102.036798,142.920380,10.152512,124.954834
162102.078097,143.123627,10.202133,124.518661
162102.119393,143.111053,10.268738,124.563324
162102.160690,143.089691,10.453125,124.354675
162102.201985,143.034302,10.697891,124.471130
162102.243280,142.968750,10.363068,124.513596
162102.284575,143.060822,10.760742,124.884277
162102.325870,143.139633,10.557678,124.677231
162102.367166,143.146942,10.648758,124.402435
162102.408465,143.132355,10.421356,124.605194
162102.449761,143.112503,10.565338,124.643494
162102.491056,143.128876,10.248962,124.342209
162102.532353,143.044296,10.693069,124.546280
162102.573647,142.806580,10.513931,124.401947
162102.614942,142.958679,10.433609,124.205917
162102.656237,142.869370,10.496964,124.413284
162102.697533,143.013626,10.375183,124.336746
162102.738829,143.048676,10.402679,124.729752
162102.780127,143.041611,10.749969,124.454819
162102.821425,142.914017,10.675003,124.276550
162102.862723,142.854355,10.679611,124.685852
162102.904023,143.002594,10.659256,124.687439
162102.945322,143.210770,10.372589,124.375519
162102.986617,143.141556,10.558060,124.383438
162103.027913,142.852921,10.672165,124.795914
162103.069212,142.836319,10.712799,124.874283
162103.110512,142.861160,10.770584,124.583374
162103.151812,142.869751,10.575043,124.547363
162103.193110,142.942688,10.833405,124.640671
162103.234407,142.982788,10.793411,124.515366
162103.275705,142.983322,10.683899,124.304276
162103.317003,142.982803,10.756653,124.230743
162103.358303,142.715225,10.710358,124.318268
162103.399603,142.960312,10.494278,124.134659
162103.440903,142.871597,10.424683,124.329437
162103.482201,142.763245,10.611618,124.260574
162103.523500,142.700912,10.451263,124.380890
162103.564799,142.891541,10.448654,124.672394
162103.606098,142.769485,10.623779,124.653000
162103.647400,142.989532,10.659103,124.604675
162103.688700,142.967224,10.673798,124.465393
162103.729998,142.747345,10.746445,124.500961
162103.771296,143.060135,10.756134,124.502502
162103.812596,142.949265,10.860214,124.519760
162103.853896,143.053207,10.769302,124.445755
162103.895196,143.043198,10.565659,124.558075
162103.936495,142.806259,10.688965,124.472961
162103.977794,142.884705,10.610443,124.377014
162104.019094,143.044662,10.609131,124.276291
162104.060393,142.742813,10.477203,124.371277
162104.101693,142.816574,10.777313,124.343323
162104.142992,142.963409,10.824554,124.353867
162104.184291,143.041168,10.694672,124.337112
162104.225591,142.922180,10.758087,124.352264
162104.266891,142.911255,11.060364,124.856705
162104.308190,142.714569,10.835526,124.499039
162104.349491,142.683502,11.014496,124.380295
162104.390791,142.706085,10.912262,124.569916
162104.432090,142.765961,10.960358,124.350891
162104.473390,142.765518,10.695572,124.510544
162104.514689,142.907257,10.887283,124.068832
162104.555991,142.770599,10.689804,124.212357
162104.597290,142.688797,10.733582,123.990417
162104.638589,142.784332,10.598297,124.381500
162104.679889,142.571335,10.567612,124.372757
162104.721190,142.654800,10.864304,124.554535
162104.762490,142.716049,10.856567,124.402603
162104.803789,142.898941,10.768600,124.279266
162104.845088,143.124207,10.878815,124.235031
162104.886389,142.644104,10.786407,124.285248
162104.927688,142.820175,10.813553,124.218307
162104.968990,142.941299,10.796860,124.334961
162105.010289,142.926849,10.773392,124.803055
162105.051588,142.795074,10.868652,124.899063
162105.092887,142.802155,10.676483,124.403137
162105.134185,142.929733,10.827179,124.621887
162105.175483,142.914246,10.771164,124.416901
162105.216781,142.827591,10.773285,124.379959
162105.258079,142.903290,10.682831,124.480194
162105.299379,142.934204,10.682709,124.144440
162105.340679,142.913467,10.403900,124.417328
162105.381979,143.038834,10.452728,124.093933
162105.423280,142.943268,10.531845,124.731216
162105.464578,142.713333,10.555695,124.868973
162105.505876,142.943207,10.453522,124.647568
162105.547174,143.116837,10.489273,124.765167
162105.588470,143.206360,10.432999,124.773453
162105.629767,143.175903,10.687637,124.686127
162105.671064,142.981049,10.411484,124.492783
162105.712361,143.054565,10.629913,124.548996
162105.753659,143.181900,10.545090,124.405075
162105.794956,143.446625,10.535782,124.443420
162105.836254,143.284821,10.540848,124.507523
162105.877553,142.905746,10.498077,124.469803
162105.918854,142.932541,10.541656,124.088531
162105.960152,143.038177,10.442596,124.495056
162106.001450,143.047882,10.416626,124.465012
162106.042747,142.969467,10.570389,124.614136
162106.084048,142.948166,10.797592,124.639297
162106.125348,142.880875,10.585556,124.579605
162106.166647,142.925995,10.636932,124.550064
162106.207947,142.879349,10.432449,124.520599
162106.249249,143.191925,10.338181,124.732941
162106.290550,142.878937,10.526886,124.480225
162106.331849,142.961761,10.531433,124.699936
162106.373146,143.039825,10.577576,124.524551
162106.414445,142.812668,10.533691,124.590103
162106.455742,142.864090,10.429184,124.673340
162106.497040,142.832932,10.734467,124.571243
162106.538340,142.908051,10.651581,124.311539
162106.579639,142.722656,10.610855,124.289703
162106.620939,142.715729,10.653870,124.665176
162106.662238,142.581314,10.734085,124.705673
162106.703537,142.653595,10.541122,124.620193
162106.744833,142.693176,10.790375,124.805511
162106.786129,142.679642,10.798309,124.509232
162106.827425,142.927795,10.660721,124.939224
162106.868721,142.846756,10.588074,124.585007
162106.910017,142.980515,10.394440,124.690231
162106.951314,142.949020,10.758591,124.426727
162106.992611,143.071136,10.690018,124.584854
162107.033906,142.986298,10.531631,124.640381
162107.075201,142.939087,10.556931,124.348190
162107.116495,142.983536,10.511566,124.245422
162107.157789,142.965363,10.660278,124.158813
162107.199084,143.044403,10.628174,124.389236
162107.240382,142.971100,10.571259,124.347351
162107.281678,142.839066,10.704300,124.240601
162107.322976,142.675568,10.616730,124.132294
162107.364273,142.790970,10.788391,124.379272
162107.405569,143.060013,10.557281,124.472977
162107.446866,142.730988,10.747894,124.558365
162107.488166,142.917542,10.708511,124.477356
162107.529467,142.940857,10.746765,124.763458
162107.570766,143.066330,10.675140,124.873444
162107.612063,143.164322,10.551346,124.409897
162107.653359,142.989548,10.618301,124.649490
162107.694654,142.776642,10.654282,124.437027
162107.735952,142.776062,10.863831,124.388443
162107.777247,142.782684,10.602478,124.229019
162107.818544,142.573273,10.839615,124.572586
162107.859841,142.835480,10.758057,124.654144
162107.901139,142.801300,10.631042,124.729218
162107.942438,142.766022,10.709717,124.769012
162107.983738,142.820862,10.828140,124.902634
162108.025036,142.717651,10.841568,124.904007
162108.066334,142.799942,10.818634,124.577774
162108.107634,142.809357,10.900284,124.742889
162108.148934,142.902893,10.636002,124.844147
162108.190232,142.930054,10.849121,124.978989
162108.231531,143.121857,10.708893,124.852829
162108.272828,142.961594,10.885025,124.806595
162108.314125,142.926117,10.899704,124.508377
162108.355419,142.575912,10.761993,124.833984
162108.396717,142.805557,10.914215,124.578064
162108.438013,142.586670,10.686981,124.398209
162108.479309,142.757401,10.586761,124.529434
162108.520605,143.011292,10.662964,124.447983
162108.561902,142.907486,10.454361,124.378845
162108.603196,142.730453,10.688629,124.718170
162108.644490,142.848099,10.713638,124.344284
162108.685784,142.829544,10.647263,124.434677
162108.727083,142.610031,10.507782,124.572891
162108.768380,142.861603,10.807449,124.529007
162108.809677,142.871109,10.650253,124.457916
162108.850976,142.857941,10.710419,124.310562
162108.892275,142.906311,10.625824,124.560059
162108.933572,142.812729,10.687744,124.390823
162108.974870,142.978485,10.809250,124.506516
162109.016167,142.720642,10.691132,124.690430
162109.057467,142.951996,10.473389,124.454437
162109.098765,143.061722,10.570755,124.745605
162109.140064,142.937805,10.477921,124.471985
162109.181363,142.906113,10.459396,124.667664
162109.222662,142.873779,10.635406,124.575699
162109.263958,143.007751,10.347778,124.589783
162109.305257,143.169235,10.443588,124.553116
162109.346555,142.932053,10.523880,124.577408
162109.387853,142.895966,10.453568,124.379425
162109.429151,142.863068,10.322083,124.484558
162109.470450,142.968781,10.510315,124.297852
162109.511745,142.785797,10.557327,124.801743
162109.553040,143.053894,10.577789,124.779953
162109.594339,142.915375,10.600082,124.595840
162109.635636,142.806137,10.757874,124.537430
162109.676932,142.957031,10.692871,124.422379
162109.718228,142.971634,10.722244,124.771179
162109.759522,142.855453,10.653778,124.699173
162109.800815,142.865692,10.724503,124.722473
162109.842108,142.887573,10.475662,124.604446
162109.883402,142.985672,10.713104,124.435730
162109.924697,142.770859,10.620682,124.635269
162109.965993,142.886139,10.549332,124.490097
162110.007289,143.201859,10.764481,124.381073
162110.048585,142.865570,10.546753,124.355972
162110.089883,142.664917,10.812302,124.633972
162110.131179,142.808701,10.831009,124.296753
162110.172474,142.901123,10.658936,124.587463
162110.213770,142.907700,10.670670,125.002869
162110.255065,142.905655,10.573441,124.675125
162110.296359,142.998703,10.737946,124.904144
162110.337655,142.913910,10.483337,124.555069
162110.378949,142.690521,10.711853,124.563751
162110.420244,142.755173,10.503876,124.645432
162110.461540,142.871429,10.580154,124.302734
162110.502835,142.880783,10.566376,124.916901
162110.544129,142.812805,10.511322,124.933624
162110.585423,142.760666,10.839691,124.797623
162110.626718,142.759613,10.649323,124.648956
162110.668015,142.780075,10.705154,124.633087
162110.709316,142.981247,10.550995,124.794052
162110.750614,143.067108,10.617920,124.832596
162110.791911,142.800674,10.607910,124.666626
162110.833210,143.033676,10.584717,124.861191
162110.874508,142.687363,10.747726,124.884659
162110.915802,142.776794,10.615524,124.825195
162110.957097,142.877197,10.659744,124.718353
162110.998392,143.101807,10.756424,124.836899
162111.039688,142.811478,10.838364,125.259399
162111.080985,142.723221,10.698944,125.083466
162111.122280,143.042984,10.562195,125.153519
162111.163574,142.923920,10.507278,124.950195
162111.204868,142.627151,10.659698,124.689438
162111.246162,142.737320,10.746765,125.023422
162111.287456,142.879898,10.487854,124.687439
162111.328751,142.996552,10.585770,124.923096
162111.370047,142.778397,10.698196,124.749344
162111.411343,142.885559,10.585388,124.960052
162111.452639,142.970139,10.794296,124.989288
162111.493935,142.756104,10.750504,125.230652
162111.535233,142.904755,10.830032,124.917023
162111.576532,142.925446,10.685623,124.936310
162111.617830,142.889725,10.718430,124.598236
162111.659129,142.767670,10.982758,124.695175
162111.700431,143.022858,10.793137,124.910080
162111.741728,142.872742,10.775238,124.666870
162111.783027,142.833176,10.736588,124.564758
162111.824323,142.892639,10.629608,124.789444
162111.865619,142.863388,10.901917,124.433258
162111.906915,142.884338,10.593826,124.592575
162111.948210,142.874222,10.461990,124.808899
162111.989506,142.857391,10.378693,124.727142
162112.030802,142.871216,10.592224,124.497955
162112.072098,142.872543,10.485703,124.396500
162112.113394,142.977386,10.521866,124.807495
162112.154691,143.013687,10.551559,124.887894
162112.195986,142.888870,10.550949,124.898895
162112.237281,142.958328,10.560837,124.490479
162112.278580,142.852798,10.730835,124.701767
162112.319875,143.022156,10.648010,124.774368
162112.361173,143.035660,10.636978,124.774139
162112.402470,143.012192,10.602814,124.914459
162112.443770,142.867981,10.686798,124.802414
162112.485067,142.843414,10.537537,124.827316
162112.526366,143.054810,10.661346,124.760788
162112.567661,142.933609,10.553101,124.799988
162112.608957,142.918228,10.575668,124.860703
162112.650254,143.094269,10.351212,124.884628
162112.691551,143.180450,10.507935,124.900970
162112.732849,143.203476,10.018250,124.574493
162112.774147,143.185425,10.379623,124.949722
162112.815442,143.175064,10.389359,124.805527
162112.856742,143.116882,10.511520,124.587692
162112.898040,143.110428,10.619751,124.776901
162112.939337,143.066895,10.722336,124.849228
162112.980636,143.068100,10.746567,124.657501
162113.021933,143.162064,10.597900,124.674042
162113.063228,143.083496,10.620926,124.650421
162113.104525,143.227585,10.648865,124.831924
162113.145821,143.253159,10.533325,124.442657
162113.187120,143.408844,10.599060,124.676270
162113.228418,143.411240,10.514374,124.559067
162113.269716,143.203842,10.612610,124.686554
162113.311015,143.252991,10.521866,124.760162
162113.352310,143.095734,10.688232,125.010635
162113.393608,143.028168,10.554077,125.183197
162113.434909,143.010315,10.546448,125.187180
162113.476207,143.218597,10.404663,124.927689
162113.517504,143.046188,10.535355,124.775131
162113.558798,143.207870,10.575485,124.676559
162113.600093,143.053253,10.602142,124.800049
162113.641388,143.222534,10.762985,124.917664
162113.682686,143.178116,10.722153,125.020157
162113.723981,143.053604,10.811020,125.070984
162113.765279,143.108139,10.406754,124.905655
162113.806576,142.994461,10.471680,125.001099
162113.847874,142.803085,10.573700,124.795898
162113.889174,142.773880,10.295502,124.863724
162113.930474,142.962173,10.310684,124.890503
162113.971773,142.751160,10.618240,124.686508
162114.013071,142.914917,10.639862,124.545166
162114.054369,142.824677,10.898254,124.481445
162114.095665,142.714539,10.668732,124.589615
162114.136962,142.916916,10.768082,124.457916
162114.178261,142.790924,10.566483,124.685196
162114.219562,142.983322,10.509079,124.603256
162114.260858,143.023483,10.381516,124.593079
162114.302156,142.816376,10.711792,124.464737
162114.343452,142.766617,10.631790,124.749619
162114.384752,142.738388,10.736404,124.567154
162114.426049,142.905533,10.655518,124.535172
162114.467344,142.986420,10.521088,124.482742
162114.508639,142.871765,10.432617,124.508163
162114.549933,142.868469,10.615967,124.041092
162114.591229,143.043198,10.616486,124.510727
162114.632523,142.778748,10.554123,124.159836
162114.673817,142.793564,10.385437,124.488251
162114.715110,142.861755,10.570129,124.609924
162114.756405,142.929840,10.397675,124.973862
162114.797699,142.904846,10.446976,124.670959
162114.838994,142.644363,10.390396,124.991074
162114.880289,142.716797,10.325378,124.969391
162114.921583,142.612381,10.632843,125.316116
162114.962876,142.679840,10.626343,125.270477
162115.004170,142.833511,10.660385,124.922241
162115.045463,142.842926,10.503250,124.644867
162115.086757,142.918625,10.542099,124.837036
162115.128051,142.808792,10.599609,125.269287
162115.169346,142.974609,10.404160,124.886627
162115.210640,142.876801,10.487885,124.843140
162115.251935,142.925613,10.431702,124.616348
162115.293229,142.881973,10.400208,124.989365
162115.334523,143.001907,10.433990,125.059814
162115.375815,142.834045,10.545807,124.912811
162115.417111,142.887848,10.447739,125.141495
162115.458409,142.885895,10.571106,124.881577
162115.499706,143.030075,10.647018,125.150803
162115.541004,142.773224,10.513336,125.012344
162115.582301,142.974533,10.753479,125.105652
162115.623601,142.845428,10.408157,125.317413
162115.664897,142.979050,10.561813,125.054794
162115.706194,143.034409,10.545364,125.043900
162115.747493,142.879486,10.324081,125.088364
162115.788788,142.850800,10.449265,125.049042
162115.830083,142.791168,10.327835,125.016785
162115.871377,142.721680,10.653076,125.107452
162115.912675,142.782791,10.396698,125.268692
162115.953973,142.830414,10.551086,125.056305
162115.995271,142.793976,10.151474,124.838745
162116.036567,142.835526,10.340454,125.160461
162116.077864,143.102676,10.301376,124.957642
162116.119163,143.047409,10.354858,125.035110
162116.160460,142.898041,10.298248,124.948410
162116.201759,143.102432,10.263367,124.868149
162116.243056,142.953568,10.677780,125.386871
162116.284351,142.941666,10.732437,125.071732
162116.325647,142.618042,10.737030,125.248932
162116.366943,142.815628,10.797592,124.984894
162116.408241,142.917130,10.816452,125.037582
162116.449537,143.009491,10.410172,124.867218
162116.490835,143.113754,10.481995,124.962219
162116.532133,142.850174,10.771576,124.729462
162116.573431,142.917999,10.628601,124.907593
162116.614728,142.792511,10.737625,125.047531
162116.656026,143.056580,10.522339,125.036331
162116.697324,142.783936,10.523941,124.872742
162116.738624,142.843353,10.718307,124.862961
162116.779923,142.949585,10.601151,124.856979
162116.821220,142.950638,10.690231,124.931488
162116.862519,142.889557,10.677597,124.842728
162116.903821,142.958679,10.703415,124.788971
162116.945119,142.961517,10.890900,125.007172
162116.986417,142.961945,10.748764,124.937958
162117.027717,143.067154,10.759109,124.716476
162117.069018,143.043701,10.578003,124.533981
162117.110317,142.860352,10.676453,124.536850
162117.151613,143.371048,10.478607,124.255234
162117.192908,143.203140,10.478119,124.676819
162117.234205,143.114548,10.442078,124.595367
162117.275505,142.817490,10.500992,124.905121
162117.316803,143.183640,10.307175,124.405533
162117.358100,143.022934,10.412308,124.709930
162117.399399,143.084320,10.797195,124.545197
162117.440699,143.006180,10.801712,124.821640
162117.481999,143.253372,10.554123,124.747116
162117.523299,143.155228,10.705841,124.673157
162117.564599,143.124222,10.435959,124.755066
162117.605898,143.020737,10.755493,124.472595
162117.647194,143.220139,10.472427,124.575989
162117.688490,143.087906,10.546127,124.304123
162117.729785,142.981476,10.670639,124.666916
162117.771079,142.946243,10.911301,124.693909
162117.812374,143.064697,10.796371,124.645004
162117.853670,142.996811,10.687317,124.746857
162117.894965,142.881073,10.903305,124.359695
162117.936262,142.942581,10.751831,124.716736
162117.977561,142.869247,10.785614,124.570312
162118.018858,142.897507,10.583694,124.324387
162118.060155,142.943832,10.618622,124.786636
162118.101450,142.872818,10.903641,124.733368
162118.142745,142.752060,10.908325,124.614197
162118.184043,142.946075,10.616547,124.533722
162118.225339,143.136383,10.899979,124.693497
162118.266637,143.069839,10.828018,124.460632
162118.307933,142.798218,10.896210,124.587509
162118.349229,142.863617,10.620605,124.818924
162118.390527,142.781830,10.732758,124.989639
162118.431825,143.123077,10.632904,125.106903
162118.473122,143.138245,10.647522,124.902344
162118.514421,143.115768,10.667023,124.816391
162118.555719,143.217834,10.518845,124.912933
162118.597015,142.933838,10.481735,125.085526
162118.638310,143.095093,10.713196,124.875717
162118.679606,143.030441,10.600677,124.691467
162118.720905,143.012817,10.817154,124.890091
162118.762202,142.774689,10.723862,124.778229
162118.803495,143.001114,10.689056,124.751877
162118.844791,142.850937,10.609528,124.805588
162118.886087,142.923340,10.541977,124.943909
162118.927386,142.976761,10.731720,124.848480
162118.968683,142.860306,10.842865,124.771500
162119.009980,143.082550,10.647690,124.906204
162119.051272,142.860886,10.862076,124.753296
162119.092565,142.863968,10.688522,124.661346
162119.133860,142.927368,10.731934,124.804001
162119.175158,142.927383,10.496933,124.508896
162119.216453,142.949554,10.736099,124.360825
162119.257747,142.789017,10.970642,124.821136
162119.299043,142.837204,10.694550,124.697632
162119.340338,142.797333,10.566406,124.230682
162119.381633,142.768021,10.719757,124.488571
162119.422927,143.206467,10.755905,124.970352
162119.464221,143.075394,10.832748,124.620728
162119.505516,143.000946,10.815582,124.657761
162119.546811,143.210098,10.664398,124.973343
162119.588105,143.002060,10.807083,124.487961
162119.629398,142.887405,10.794449,124.832596
162119.670692,143.113998,10.955215,124.903687
162119.711987,143.061523,10.790375,124.853973
162119.753282,143.114685,10.885544,124.840179
162119.794578,142.885254,10.744629,124.456543
162119.835875,142.938934,10.851334,124.745071
162119.877171,142.836197,10.858170,124.233673
162119.918470,142.893112,10.806366,124.833923
162119.959764,142.906281,10.687943,124.497589
162120.001060,142.916901,10.622452,124.718185
162120.042357,142.901688,10.826721,124.850510
162120.083653,142.795853,10.749130,124.374939
162120.124949,142.658981,10.980682,125.122787
162120.166246,142.899750,10.853394,125.028946
162120.207541,142.838821,10.814102,124.845612
162120.248837,142.850433,10.940308,124.642059
162120.290135,143.090973,10.722733,124.863358
162120.331434,143.134369,10.758438,125.027679
162120.372730,143.056793,10.582504,124.885818
162120.414025,143.249268,10.680679,124.537292
162120.455320,143.045242,10.683563,125.210495
162120.496615,143.197098,10.572220,125.056030
162120.537911,142.901901,10.895065,124.837341
162120.579207,143.082397,10.576248,125.045975
162120.620502,143.026550,10.649582,124.697586
162120.661796,143.088150,10.662964,124.698975
162120.703090,143.108963,10.539978,124.778473
162120.744385,142.929916,10.719513,124.681778
162120.785681,142.981033,10.727097,124.855087
162120.826976,142.987778,10.686737,124.912506
162120.868273,143.062149,10.770523,124.893692
162120.909569,143.207916,10.492554,125.144562
162120.950866,142.966003,10.896774,125.044266
162120.992162,142.922119,10.672287,125.100937
162121.033458,142.980637,10.759171,124.819229
162121.074753,142.977661,10.646484,125.094009
162121.116051,142.957977,10.679596,124.924194
162121.157350,142.860306,10.732391,124.954803
162121.198648,142.920776,10.867050,124.874344
162121.239945,142.990677,10.758255,125.100006
162121.281241,142.871231,10.434021,125.050613
162121.322534,142.952255,10.616119,125.114502
162121.363828,142.841400,10.804153,124.537399
162121.405121,142.877518,10.643372,124.904144
162121.446412,142.843903,10.829102,124.605621
162121.487705,143.143631,10.716797,124.913330
162121.528997,143.079575,10.602127,124.878937
162121.570291,142.972122,10.720734,124.969025
162121.611589,143.048721,10.895554,125.023743
162121.652881,143.272430,10.576630,125.182953
162121.694174,143.200531,10.797791,125.136414
162121.735469,143.107910,10.471771,125.128586
162121.776764,143.205276,10.617126,124.946609
162121.818058,143.006943,10.545685,124.698685
162121.859355,143.003799,10.569138,125.024338
162121.900651,142.995758,10.392105,124.704224
162121.941950,142.946426,10.517899,124.924454
162121.983249,142.980148,10.490829,124.756958
162122.024545,142.909958,10.589813,124.895035
162122.065840,143.031754,10.645126,124.710022
162122.107137,142.800613,10.796570,125.006210
162122.148435,142.884216,10.790970,125.141037
162122.189734,143.057877,10.820999,124.949951
162122.231033,143.033676,10.806076,125.042099
162122.272330,143.114822,10.719910,124.997726
162122.313627,142.955856,10.712601,124.568817
162122.354925,142.959961,10.650223,124.797638
162122.396223,143.356079,10.651779,125.070724
162122.437518,142.835541,10.695648,124.953156
162122.478812,142.880875,10.537155,124.608200
162122.520104,142.883102,10.625229,125.051819
162122.561398,142.908371,10.630569,124.783386
162122.602692,143.162567,10.497986,125.161987
162122.643988,143.216568,10.696106,125.125488
162122.685282,143.078369,10.569397,124.894424
162122.726577,143.028061,10.938004,124.976257
162122.767874,143.121994,10.876724,124.736908
162122.809169,142.951462,10.483643,124.794449
162122.850463,143.227814,10.591354,124.772934
162122.891760,143.143494,10.611755,124.838730
162122.933054,143.257462,10.759537,124.825974
162122.974352,143.175110,10.262527,124.875870
162123.015649,143.198318,10.535904,125.054596
162123.056941,143.144592,10.601074,124.729340
162123.098235,143.169983,10.453522,124.427017
162123.139528,143.035263,10.721863,124.957687
162123.180823,143.150772,10.751709,124.833145
162123.222117,143.182068,10.541763,124.786118
162123.263412,143.138107,10.414352,124.648819
162123.304708,143.058792,10.606506,125.050629
162123.346002,143.203384,10.473862,125.113800
162123.387295,143.169693,10.591492,124.785339
162123.428587,143.202774,10.589020,124.976654
162123.469879,143.021210,10.600906,125.013672
162123.511173,143.216507,10.562302,124.785400
162123.552466,143.235062,10.342606,124.899658
162123.593758,143.197189,10.540848,125.070663
162123.635050,143.045013,10.593399,124.977570
162123.676345,143.155502,10.610153,124.849304
162123.717637,143.063171,10.685867,124.869812
162123.758928,142.967667,10.673050,124.668228
162123.800222,142.859772,10.725418,125.254959
162123.841517,143.185394,10.599701,124.424622
162123.882812,143.094452,10.450470,124.767471
162123.924105,143.117584,10.721939,124.778137
162123.965399,143.009140,10.575150,124.748459
162124.006692,142.920410,10.949356,124.876709
162124.047983,143.144165,10.741348,124.882004
162124.089277,142.936874,10.640930,124.896194
162124.130571,142.740799,10.858398,124.872543
162124.171867,143.045639,11.098907,125.021179
162124.213164,142.907043,10.954880,125.103577
162124.254460,143.185120,10.802399,125.032654
162124.295757,143.049896,10.919754,124.982956
162124.337055,143.119339,11.008484,125.064392
162124.378352,143.233459,10.730835,125.034943
162124.419650,143.104843,10.630264,125.073059
162124.460945,143.220779,10.412918,124.941788
162124.502240,143.123398,10.669022,124.858978
162124.543534,143.105316,10.507385,125.123581
162124.584828,143.234894,10.422516,125.133774
162124.626123,143.135452,10.403305,125.227280
162124.667416,143.273270,10.335434,124.817261
162124.708708,143.130600,10.229431,125.199127
162124.750000,143.211472,10.311523,125.168030
162124.791296,143.040268,10.411072,124.925064
162124.832593,143.073364,10.410843,124.955765
162124.873887,143.040756,10.682755,125.362823
162124.915184,143.067764,10.761963,125.289917
162124.956480,143.015793,10.714157,125.320175
162124.997775,143.005219,10.578384,125.306961
162125.039071,143.111618,10.711105,125.233017
162125.080367,142.920013,10.437668,125.241714
162125.121663,143.052490,10.448074,125.100204
162125.162959,143.193207,10.637482,125.041016
162125.204254,143.139893,10.573486,124.982574
162125.245549,143.044891,10.463287,124.950638
162125.286845,143.239044,10.447159,125.192368
162125.328141,143.306503,10.506760,125.347900
162125.369438,143.028473,10.470428,125.238937
162125.410735,143.165756,10.588272,125.019623
162125.452033,143.333374,10.610275,125.253494
162125.493331,143.494705,10.383789,125.127960
162125.534632,143.025864,10.626205,125.122589
162125.575932,143.168304,10.368179,125.146164
162125.617230,143.280487,10.527466,125.095322
162125.658529,143.353455,10.475647,125.083084
162125.699827,142.911636,10.491272,125.129898
162125.741125,143.038635,10.572250,125.017349
162125.782423,143.417389,10.579498,125.169022
162125.823721,143.312698,10.738617,124.900360
162125.865020,143.272400,10.768463,125.150208
162125.906320,143.236160,10.593842,125.286346
162125.947617,143.141022,10.625366,125.067917
162125.988918,143.177200,10.603699,125.125092
162126.030216,143.199265,10.696579,125.495514
162126.071515,143.217773,10.869507,125.085434
162126.112814,143.157135,10.724060,125.431580
162126.154115,143.178238,10.586685,125.145386
162126.195414,143.076553,10.871414,125.283539
162126.236713,143.092484,10.642746,125.282791
162126.278010,143.162949,10.688858,124.998306
162126.319308,143.368271,10.609695,124.757065
162126.360609,143.207458,10.554855,125.039307
162126.401907,143.387604,10.448395,125.225418
162126.443204,143.383713,10.553848,125.207611
162126.484503,143.040497,10.781677,125.005402
162126.525801,143.152008,10.492462,125.149246
162126.567097,143.283020,10.430313,125.097336
162126.608397,143.045425,10.540497,125.288818
162126.649695,142.939316,10.373962,125.030350
162126.690992,143.064270,10.516846,124.957947
162126.732291,143.233826,10.443924,124.603317
162126.773590,143.190826,10.627090,124.872543
162126.814887,143.179977,10.659973,125.210663
162126.856185,143.174286,10.618469,125.015762
162126.897482,143.338226,10.543793,124.952026
162126.938782,143.191833,10.666534,125.006882
162126.980079,143.103485,10.690491,124.721268
162127.021377,143.052200,10.616867,124.945786
162127.062675,142.936691,10.612640,125.027512
162127.103972,143.024887,10.544678,124.824814
162127.145268,143.016830,10.623123,124.763306
162127.186564,143.176224,10.621719,124.726837
162127.227859,142.948807,10.401596,124.798126
162127.269156,143.132370,10.329681,124.973907
162127.310454,143.114944,10.691345,124.779678
162127.351751,143.046051,10.598709,125.041473
162127.393048,143.265503,10.426193,124.844635
162127.434345,143.418671,10.489517,124.739365
162127.475643,143.361176,10.477951,124.861221
162127.516941,143.265411,10.656311,124.815628
162127.558237,143.269211,10.671463,124.747482
162127.599532,143.349716,10.841751,125.031570
162127.640830,143.155228,10.735184,124.477524
162127.682127,143.194061,10.817276,124.710159
162127.723423,143.231384,10.536392,124.396805
162127.764719,143.229736,10.662048,124.360443
162127.806016,142.969437,10.710922,124.240128
162127.847313,143.255768,10.686310,124.519379
162127.888611,143.342163,10.398010,124.319107
162127.929909,143.126297,10.489883,124.930542
162127.971206,143.088181,10.291519,124.495499
162128.012502,143.164673,10.407791,124.600113
162128.053801,143.147125,10.384384,124.824295
162128.095100,143.153503,10.636292,124.487137
162128.136399,143.286942,10.211823,124.439270
162128.177697,143.088394,10.276718,124.571106
162128.218995,143.148743,10.343948,124.586685
162128.260291,143.188858,10.381897,124.602692
162128.301586,143.283035,10.217224,124.642288
162128.342882,143.164749,10.511902,124.668137
162128.384177,143.289764,10.215622,124.479950
162128.425475,143.109421,10.483749,124.695740
162128.466772,143.201187,10.505432,124.896164
162128.508069,143.041061,10.425873,124.842560
162128.549366,143.212982,10.617493,124.704025
162128.590663,143.062790,10.476471,124.817673
162128.631957,143.301559,10.416580,124.913895
162128.673252,143.181793,10.450851,125.018829
162128.714548,143.149460,10.333069,124.377747
162128.755845,143.295441,10.529190,124.628662
162128.797143,143.373383,10.495117,124.782333
162128.838437,143.363861,10.693344,124.943756
162128.879732,143.362335,10.635223,124.459747
162128.921026,143.292175,10.584930,124.757919
162128.962321,143.236374,10.493103,124.968079
162129.003619,143.104080,10.781479,124.815735
162129.044914,143.262344,10.630753,124.886536
162129.086211,142.999847,10.532043,124.804260
162129.127507,143.217468,10.588394,124.283813
162129.168803,143.242737,10.498428,124.657349
162129.210099,143.215103,10.681519,124.575119
162129.251394,143.197815,10.443207,124.536285
162129.292688,143.044617,10.561234,124.613998
162129.333984,143.222305,10.586624,124.345642
162129.375280,143.215027,10.549164,124.690536
162129.416577,143.032745,10.503632,124.628738
162129.457871,142.929092,10.619186,124.851868
162129.499167,142.927353,10.366791,124.738373
162129.540460,142.897858,10.441971,124.753983
162129.581754,142.968033,10.421402,124.468857
162129.623050,143.182236,10.623962,124.695526
162129.664345,143.083328,10.347321,124.753235
162129.705640,142.889069,10.401535,124.723190
162129.746937,143.018021,10.419510,124.672424
162129.788237,142.799759,10.454956,124.569656
162129.829532,142.817398,10.695770,124.486633
162129.870829,142.830536,10.566559,124.650513
162129.912126,142.944656,10.267120,124.903824
162129.953423,143.150513,10.400177,125.129547
162129.994721,143.018982,10.408936,124.836212
162130.036018,143.189163,10.396149,124.530731
162130.077317,143.227921,10.515823,124.770309
162130.118615,142.983826,10.420471,124.802994
162130.159914,142.836899,10.723633,124.917709
162130.201216,142.909500,10.843719,124.861847
162130.242516,143.215897,10.704453,124.791550
162130.283816,143.066101,10.672791,124.916382
162130.325116,143.063156,10.798615,124.800949
162130.366414,142.988342,10.802170,124.813965
162130.407713,143.084549,10.614456,125.079819
162130.449012,143.071472,10.668472,124.713348
162130.490310,142.942001,10.828278,124.858688
162130.531609,143.085236,10.644196,125.374344
162130.572908,143.120804,10.473083,125.136337
162130.614205,143.036026,10.471558,124.783859
162130.655502,142.953857,10.664062,124.902023
162130.696797,143.085739,10.796082,124.616516
162130.738093,143.087128,10.852692,124.869965
162130.779388,143.113358,10.705368,124.809860
162130.820684,143.166641,10.581055,125.048523
162130.861979,143.193787,10.582779,125.254013
162130.903272,142.797867,10.783249,124.784637
162130.944568,142.956573,10.938660,124.734909
162130.985865,143.113785,10.771133,124.636642
162131.027161,143.225540,10.740524,124.512985
162131.068457,143.219101,10.619614,124.901291
162131.109753,143.407822,10.668121,124.881577
162131.151048,143.259949,10.722824,125.017624
162131.192344,143.111099,10.777786,124.626831
162131.233639,143.352921,10.556747,125.271942
162131.274935,142.950897,10.621994,124.851547
162131.316229,143.139832,10.540543,124.972046
162131.357524,143.129456,10.747284,124.979706
162131.398822,143.090698,10.622284,124.624756
162131.440118,143.328156,10.631058,124.854950
162131.481413,143.282532,10.390274,125.040344
162131.522707,143.219711,10.445496,124.742249
162131.564002,143.121201,10.690445,124.626373
162131.605298,143.127518,10.728821,125.010040
162131.646595,143.198975,10.677094,124.585495
162131.687893,143.210800,10.484375,124.390442
162131.729189,143.311554,10.462601,124.558670
162131.770488,143.239731,10.525345,124.591187
162131.811787,142.949844,10.722595,124.473526
162131.853085,143.114441,10.523438,124.592682
162131.894385,143.025345,10.480606,124.497772
162131.935684,143.348892,10.308655,124.822205
162131.976983,143.192566,10.542252,124.728271
162132.018285,143.013657,10.578751,124.820877
162132.059583,143.029541,10.785736,124.902527
162132.100881,143.051880,10.552780,124.440521
162132.142179,143.060226,10.782211,124.567459
162132.183479,142.784164,10.558258,124.489899
162132.224779,143.047760,10.661972,124.753815
162132.266077,143.082565,10.676224,124.508667
162132.307376,143.078934,10.794617,124.646835
162132.348677,143.071823,10.526566,124.507660
162132.389975,143.143707,10.492813,124.636154
162132.431273,143.215271,10.610992,124.853928
162132.472572,143.217987,10.692780,124.700027
162132.513869,143.326935,10.528793,124.854034
162132.555170,142.993774,10.685226,124.384857
162132.596472,143.242096,10.631958,124.439011
162132.637773,143.113083,10.705994,124.425049
162132.679075,142.931839,10.628525,124.596664
162132.720374,142.927963,10.808517,124.860504
162132.761672,143.132172,10.762344,124.697891
162132.802970,143.126053,10.541962,124.620941
162132.844271,143.048355,10.857452,124.796738
162132.885571,143.121231,10.742020,124.665085
162132.926867,143.123596,10.756805,124.795944
162132.968165,143.196152,10.724930,124.419113
162133.009463,142.739151,10.956039,124.703079
162133.050760,142.832458,10.868195,124.616409
162133.092057,142.972260,10.901505,124.891525
162133.133355,143.144684,10.797119,124.848633
162133.174653,142.917877,10.951370,124.884888
162133.215952,143.287796,10.897751,124.938690
162133.257250,142.831161,10.629059,124.312363
162133.298550,143.126755,10.686035,124.866913
162133.339850,143.093201,10.710220,124.611649
162133.381146,143.056808,10.810104,124.774353
162133.422444,143.108139,10.676605,124.475433
162133.463742,143.079987,10.283661,124.415543
162133.505040,143.176498,10.624710,124.366257
162133.546341,143.160309,10.652069,124.667145
162133.587639,142.884247,10.576859,124.503281
162133.628935,142.892822,10.618240,124.539093
162133.670230,142.817307,10.782547,124.691681
162133.711528,143.005219,10.762863,124.740479
162133.752826,142.883240,10.746399,124.559555
162133.794127,142.746826,10.797363,124.839828
162133.835428,142.867401,11.032715,124.746201
162133.876728,143.152588,10.693405,124.826523
162133.918026,143.054657,10.637451,124.822205
162133.959321,142.996811,10.745743,124.920609
162134.000619,142.998581,10.779327,124.602737
162134.041918,142.961334,10.706680,124.740326
162134.083215,142.934097,10.718002,124.839981
162134.124510,142.887009,11.030182,125.194550
162134.165807,142.860535,10.935623,124.768066
162134.207103,143.045700,11.041458,125.050217
162134.248402,143.258087,10.739975,124.506271
162134.289700,143.218643,10.819351,125.042908
162134.330998,143.142181,10.868988,124.817200
162134.372295,143.091278,10.770752,124.689835
162134.413591,143.139862,10.863968,124.968109
162134.454886,142.882843,10.975189,124.627960
162134.496184,142.903137,10.973389,124.876892
162134.537485,142.934265,11.029404,125.066360
162134.578781,143.290955,10.643906,124.471436
162134.620079,143.020630,10.551910,124.543121
162134.661377,142.977386,10.757431,124.881607
162134.702676,142.962494,10.705399,124.814133
162134.743977,143.114212,10.662750,125.033035
162134.785276,143.087662,10.520920,124.830185
162134.826576,143.223007,10.671692,124.977676
162134.867877,143.225616,10.731033,124.691910
162134.909175,143.151062,10.704407,125.039978
162134.950472,143.217590,10.676163,124.811264
162134.991766,142.817902,11.030258,124.600693
162135.033060,143.058685,10.858566,124.708130
162135.074356,143.176102,10.722137,124.495865
162135.115654,143.161346,10.674194,124.761139
162135.156952,143.150009,10.656540,124.761322
162135.198251,143.145355,10.805252,124.559357
162135.239548,142.897034,10.538773,124.713730
162135.280844,142.790756,10.808136,124.826096
162135.322140,143.130142,10.755264,124.993866
162135.363435,143.032303,10.561615,124.794037
162135.404731,143.022888,10.656281,124.920120
162135.446027,142.964020,10.683640,125.190109
162135.487326,143.056290,10.561081,125.026154
162135.528624,142.979645,10.626221,124.783951
162135.569919,143.128632,10.699203,124.953537
162135.611216,143.024048,10.951706,124.778793
162135.652512,143.152649,10.684006,124.764633
162135.693808,143.219482,10.769257,125.175522
162135.735104,142.999130,10.764099,125.007156
162135.776402,143.069763,10.747818,124.868225
162135.817698,143.190735,10.652939,124.764084
162135.858992,143.073975,10.728989,124.712860
162135.900286,142.636444,10.638153,124.718185
162135.941581,142.861221,10.850967,124.633774
162135.982878,143.046967,10.485611,124.756973
162136.024173,143.051407,10.547470,124.536926
162136.065469,142.643127,10.680038,125.063400
162136.106766,142.880493,10.494949,124.470490
162136.148062,142.635513,10.675156,124.667801
162136.189359,142.879913,10.506866,124.638733
162136.230658,142.733917,10.722549,124.543777
162136.271959,142.785995,10.659698,124.881256
162136.313255,143.216019,10.646454,124.789001
162136.354551,143.038498,10.336258,124.761246
162136.395848,142.760620,10.525085,124.943375
162136.437144,142.871933,10.610092,124.665039
162136.478440,143.043640,10.520111,124.897064
162136.519736,142.947632,10.641174,124.958664
162136.561033,142.771255,10.697556,124.720413
162136.602329,142.916382,10.758896,124.546524
162136.643626,142.780945,10.614075,124.592178
162136.684922,142.956970,10.720581,124.749084
162136.726216,142.989227,10.820450,124.611694
162136.767511,142.947266,10.477158,124.775421
162136.808807,142.961273,10.486374,124.609207
162136.850101,142.877518,10.667725,124.754730
162136.891395,143.020752,10.629318,124.635361
162136.932693,143.220261,10.788223,124.528580
162136.973990,142.962677,10.751968,124.429840
162137.015284,143.019684,10.603378,124.463333
162137.056582,142.778763,10.892548,124.671555
162137.097877,142.815659,10.827530,124.691757
162137.139175,142.979721,10.444244,124.411667
162137.180471,143.034470,10.447662,124.503922
162137.221767,142.890854,10.496323,124.583725
162137.263063,143.069397,10.531326,124.883377
162137.304359,142.885727,10.581924,124.495102
162137.345652,142.921722,10.679321,124.527008
162137.386950,142.998367,10.518448,124.542633
162137.428247,142.926865,10.653610,124.961487
162137.469543,142.924866,10.653183,124.383148
162137.510841,143.214935,10.563004,124.321167
162137.552137,143.145752,10.595734,124.391724
162137.593432,143.086990,10.550827,124.420181
162137.634731,142.870758,10.571320,124.670349
162137.676029,143.112671,10.538116,124.453751
162137.717329,142.872589,10.525314,124.578918
162137.758629,143.066498,10.433578,124.342529
162137.799930,142.753677,10.607025,124.355911
162137.841230,143.061066,10.607025,124.544479
162137.882529,143.180206,10.226578,124.488632
162137.923828,142.900314,10.319092,124.205338
162137.965129,142.986465,10.456741,124.003128
162138.006431,143.099823,10.273727,124.484818
162138.047729,143.040543,10.487289,124.603195
162138.089030,142.723434,10.474319,124.375839
162138.130329,142.881012,10.217728,124.675491
162138.171629,142.859680,10.445557,124.548950
162138.212933,143.221619,10.404236,124.348923
162138.254233,143.091125,10.314697,124.350479
162138.295533,143.132233,10.370499,124.514709
162138.336835,142.949097,10.306747,124.533539
162138.378136,142.974457,10.605194,124.719299
162138.419437,142.903809,10.323029,124.331039
162138.460737,142.982681,10.559097,124.350525
162138.502037,142.870499,10.592010,124.354736
162138.543337,142.930206,10.274460,124.619019
162138.584635,142.933212,10.359894,124.141922
162138.625932,142.972244,10.401428,124.015884
162138.667230,143.124481,10.299896,124.312790
162138.708529,143.173813,10.357452,124.299576
162138.749827,142.948792,10.312927,124.558395
162138.791125,143.031982,10.449463,124.718353
162138.832424,142.967148,10.285965,124.579941
162138.873720,143.048798,10.359375,124.708755
162138.915016,143.111542,10.275879,124.395676
162138.956315,142.939743,10.591156,124.544434
162138.997614,143.079498,10.639008,124.483841
162139.038909,143.148758,10.518402,124.620865
162139.080207,142.987000,10.804047,124.415695
162139.121505,142.949158,10.724518,124.554947
162139.162801,143.011032,10.697372,124.572083
162139.204099,143.017593,10.711014,124.580231
162139.245397,143.003082,10.536530,124.569138
162139.286695,143.054657,10.688232,124.445847
162139.327993,142.790070,10.600296,124.691040
162139.369291,142.998611,10.662643,124.498505
162139.410588,142.778168,10.718933,124.383682
162139.451886,142.862839,10.694336,124.384766
162139.493184,142.588989,10.802795,124.316833
162139.534481,142.660767,11.167145,124.484406
162139.575778,142.799835,10.790573,124.442291
162139.617076,142.814133,10.723221,124.285019
162139.658375,142.993103,10.700958,124.387344
162139.699673,142.872360,10.597504,124.626358
162139.740971,142.939499,10.472672,124.699326
162139.782269,143.235916,10.416489,124.336136
162139.823568,143.100998,10.352509,124.129822
162139.864868,142.756744,10.496658,124.803284
162139.906165,142.891922,10.712997,124.653259
162139.947465,142.708130,10.572983,124.310104
162139.988765,142.826752,10.602341,124.441101
162140.030063,142.876251,10.555481,124.091949
162140.071360,142.922043,10.683746,124.568893
162140.112658,142.806915,10.438354,124.878891
162140.153956,142.802383,10.688858,124.993027
162140.195255,142.815918,10.590256,124.444839
162140.236554,142.706558,10.739670,124.466354
162140.277851,142.614273,10.975983,124.968704
162140.319149,143.077286,10.709976,124.794266
162140.360445,142.782898,10.836761,125.058792
162140.401741,142.849594,10.812607,124.649353
162140.443038,142.836868,11.044357,124.461288
162140.484338,142.659210,10.772507,124.186127
162140.525637,142.788574,10.784714,124.711929
162140.566936,142.754562,10.838943,124.798004
162140.608234,142.647827,10.766220,124.641495
162140.649532,142.664017,10.942413,124.579529
162140.690830,142.991974,10.855576,124.322876
162140.732128,142.999557,10.771530,124.805557
162140.773428,142.957458,10.627457,124.482864
162140.814728,142.885910,10.620392,124.570511
162140.856028,142.959930,10.691788,124.551575
162140.897326,142.636139,10.851791,124.567841
162140.938622,142.980804,10.988815,124.467163
162140.979921,142.902328,10.886902,124.227203
162141.021220,142.925430,10.588531,124.537567
162141.062517,142.787537,11.115677,124.534653
162141.103814,142.951416,10.738022,124.656708
162141.145113,142.992355,10.648239,124.630783
162141.186411,143.040771,10.603943,124.779556
162141.227707,143.081253,10.576843,124.421204
162141.269004,142.954041,10.485779,124.416641
162141.310301,142.993073,10.705978,125.118927
162141.351597,142.986923,10.701248,124.480011
162141.392893,142.867218,10.713181,124.731934
162141.434188,143.155472,10.725281,124.828690
162141.475483,143.091965,10.673996,124.524567
162141.516779,142.872925,10.748062,124.442429
162141.558078,143.109161,10.795258,124.862549
162141.599374,143.003754,10.713501,124.885437
162141.640672,142.952774,10.615234,124.811432
162141.681970,142.850906,10.797211,124.839020
162141.723270,142.775131,10.748413,124.730484
162141.764570,142.761673,10.809875,124.774078
162141.805868,142.791489,10.632797,124.762497
162141.847169,142.826721,10.620193,124.593185
162141.888468,143.064682,10.417145,124.577042
162141.929767,143.119247,10.358612,124.493835
162141.971067,142.969498,10.420685,124.398636
162142.012367,142.867401,10.637421,124.530685
162142.053669,142.791565,10.579666,124.548187
162142.094970,143.030319,10.686951,124.741379
162142.136271,142.864395,10.553421,124.456299
162142.177573,142.798569,10.853775,124.426178
162142.218871,142.996323,10.721634,124.441986
162142.260170,143.030533,10.803604,124.664139
162142.301468,143.039963,10.652969,124.510849
162142.342768,143.202087,10.553802,124.143356
162142.384066,143.123398,10.751999,124.666290
162142.425365,143.251846,10.631577,124.843155
162142.466662,143.192230,10.812881,124.703278
162142.507959,142.799500,10.547424,124.742538
162142.549255,142.937027,10.725754,124.654877
162142.590553,142.983551,10.833618,124.600098
162142.631850,143.023041,10.872498,124.845291
162142.673149,142.930542,10.796204,124.607529
162142.714446,143.075562,10.704681,124.585342
162142.755742,143.322662,10.525696,124.394440
162142.797041,143.097122,10.632019,124.469040
162142.838342,143.048950,10.824829,124.464386
162142.879638,143.116043,10.775146,124.716644
162142.920935,143.369476,10.491440,124.297150
162142.962233,142.879135,10.902328,124.376801
162143.003530,143.073212,10.644943,124.545654
162143.044829,143.279373,10.846725,124.744644
162143.086127,143.214874,10.584808,124.305954
162143.127423,143.206223,10.713226,124.403732
162143.168718,143.009399,10.685562,124.383316
162143.210015,143.152039,10.385788,124.380814
162143.251310,143.265335,10.574127,124.237518
162143.292607,143.120728,10.687805,124.217102
162143.333903,143.148972,10.867874,124.582199
162143.375199,143.110046,10.554886,124.870087
162143.416495,143.122543,10.482483,124.634033
162143.457793,142.965698,10.758301,124.610062
162143.499093,143.023605,10.766937,124.513931
162143.540390,143.126556,10.737686,124.901871
162143.581685,143.071793,10.875595,124.797134
162143.622984,143.287933,10.658661,124.631577
162143.664283,143.098007,10.734070,124.513580
162143.705582,143.201035,10.585068,124.154221
162143.746879,143.010208,10.713196,124.652863
162143.788176,142.640656,10.964844,124.620956
162143.829475,142.917160,10.820770,124.872208
162143.870773,142.842133,10.830582,124.346313
162143.912072,142.896622,10.975479,124.383987
162143.953373,142.870056,10.880615,124.494949
162143.994672,142.793564,10.965927,124.352859
162144.035970,142.730225,10.754974,124.485092
162144.077268,142.812164,10.757629,124.730759
162144.118568,142.771820,11.029633,124.342834
162144.159868,143.061493,10.839676,124.502563
162144.201167,142.834579,10.999466,124.674057
162144.242464,143.164749,10.856781,124.862747
162144.283766,143.068085,10.727280,124.663956
162144.325066,142.841919,10.583466,124.456512
162144.366367,143.056198,10.645721,124.563858
162144.407665,143.036957,10.660980,124.555618
162144.448959,142.811951,10.670380,124.396713
162144.490253,143.040192,10.643799,124.569565
162144.531548,143.030121,10.628876,124.677795
162144.572842,143.219604,10.593323,124.301865
162144.614139,142.875290,10.886307,124.492340
162144.655434,143.170609,10.580734,124.338913
162144.696732,142.976639,10.791855,124.823364
162144.738030,143.188293,10.614487,124.527481
162144.779328,143.009262,10.652695,124.501099
162144.820625,143.138306,10.671936,124.428925
162144.861922,142.993591,10.910080,124.646820
162144.903217,143.153214,10.850082,124.524963
162144.944513,143.013885,10.709106,124.669113
162144.985807,143.222656,10.721176,124.232727
162145.027100,143.118698,10.690002,124.237274
162145.068394,143.180573,10.950760,124.170624
162145.109691,143.189331,10.935608,124.242020
162145.150985,143.221008,10.782471,124.380264
162145.192280,143.295135,10.542831,124.240814
162145.233574,143.010986,10.773117,124.175385
162145.274868,143.166397,10.770340,124.531387
162145.316162,143.233704,10.681595,124.399231
162145.357458,143.196533,10.614059,124.676743
162145.398754,143.258163,10.543137,124.785019
162145.440046,143.382629,10.678848,124.828079
162145.481340,143.320145,10.615509,124.674561
162145.522634,143.130844,10.412521,124.820496
162145.563929,143.271194,10.887955,124.892456
162145.605223,142.924332,10.688278,124.886551
162145.646517,142.914185,10.665619,124.542770
162145.687810,143.111389,10.655731,124.819794
162145.729104,143.000992,10.687744,124.771988
162145.770399,143.122559,10.727478,124.699295
162145.811692,143.104813,10.505676,124.619659
162145.852987,142.888306,10.539581,124.927475
162145.894282,143.038559,10.522720,124.532669
162145.935579,142.797775,10.667892,124.558044
162145.976878,142.801773,10.679398,124.280136
162146.018180,143.251373,10.546356,124.274826
162146.059480,142.971634,10.693619,124.906921
162146.100779,142.939072,10.731598,124.440369
162146.142077,142.932617,10.737030,124.694992
162146.183377,142.962097,10.714554,124.588425
162146.224672,142.935715,10.744553,124.957245
162146.265966,142.989822,10.920792,124.776596
162146.307259,142.806091,10.897934,124.836349
162146.348554,142.910645,10.638794,124.675247
162146.389853,142.822296,10.582962,124.642593
162146.431150,142.825150,10.783905,124.814484
162146.472445,142.710068,10.791687,124.817444
162146.513741,142.708633,10.540955,124.657181
162146.555038,142.756592,10.562653,125.030930
162146.596335,142.530930,10.813187,124.780350
162146.637630,143.027908,10.628708,124.726654
162146.678926,143.064163,10.689438,124.629776
162146.720221,142.999084,10.760971,124.694305
162146.761515,142.916901,10.693161,124.742981
162146.802809,142.812729,10.627136,124.668808
162146.844103,142.926361,10.761429,124.744415
162146.885400,142.888397,10.555008,124.433746
162146.926695,142.720581,10.735184,124.589111
162146.967991,142.779572,10.776749,124.522995
162147.009291,142.762192,10.629990,124.340591
162147.050589,142.783081,10.824066,124.411621
162147.091887,142.740204,10.735886,124.218292
162147.133184,142.768906,10.789062,124.516876
162147.174483,142.943817,10.702225,124.492569
162147.215781,143.028351,10.410187,124.565247
162147.257078,142.892761,10.752960,124.669113
162147.298377,142.944016,10.564011,124.537689
162147.339675,143.068176,10.637558,124.403030
162147.380972,142.876450,10.533035,124.474487
162147.422269,142.952209,10.748840,124.537720
162147.463566,143.264481,10.777756,124.715347
162147.504861,143.230042,10.672302,124.755249
162147.546156,143.015717,10.666183,124.541443
162147.587451,143.154800,10.457520,124.455673
162147.628747,143.265045,10.656998,124.382828
162147.670045,143.068741,10.628815,124.547073
162147.711342,143.094055,10.277008,124.328018
162147.752638,143.006058,10.506241,124.050491
162147.793934,143.025452,10.347778,124.465958
162147.835235,143.095184,10.273102,124.343887
162147.876533,143.083481,10.323120,124.352493
162147.917832,143.092453,10.372635,124.345367
162147.959131,143.362747,10.318695,124.625107
162148.000430,142.996948,10.580307,124.819641
162148.041729,143.201233,10.521912,124.459335
162148.083026,143.050369,10.634583,124.698639
162148.124324,143.267838,10.571060,124.670898
162148.165621,143.040604,10.661102,124.492584
162148.206918,143.159714,10.354172,124.616501
162148.248217,143.183640,10.475891,124.728104
162148.289512,142.724121,10.492004,124.765671
162148.330806,143.077560,10.342499,124.697693
162148.372101,143.128693,10.332794,124.829620
162148.413397,143.094437,10.450424,124.876602
162148.454695,143.081192,10.301636,124.999924
162148.495991,142.945053,10.276505,124.919952
162148.537288,142.977280,10.309860,124.832016
162148.578587,142.751953,10.350861,124.375137
162148.619886,142.875122,10.590637,124.743469
162148.661187,142.963776,10.470856,124.468826
162148.702485,142.856140,10.653198,124.667297
162148.743783,143.093430,10.725433,124.596191
162148.785079,142.714996,10.711334,124.713196
162148.826376,142.785126,10.641876,124.463135
162148.867673,142.922485,10.481339,124.422974
162148.908968,142.892029,10.607788,124.039413
162148.950267,142.970154,10.547760,124.479782
162148.991563,142.762314,10.722488,124.481644
162149.032862,143.213089,10.780853,124.163666
162149.074160,142.731781,10.608276,124.654343
162149.115458,142.833023,10.483276,124.714905
162149.156757,142.860107,10.479965,124.757568
162149.198057,142.640396,10.761215,124.593826
162149.239355,142.831253,10.627670,124.229019
162149.280654,142.764282,10.711288,124.448868
162149.321952,142.865356,10.667511,124.695541
162149.363252,142.999313,10.617523,124.708038
162149.404551,142.853546,10.626984,124.632736
162149.445849,143.007080,10.729752,124.636856
162149.487150,142.873077,10.607193,124.699936
162149.528450,142.913742,10.544495,124.547714
162149.569749,143.179672,10.552933,124.364868
162149.611049,142.908035,10.697861,124.485992
162149.652349,142.814468,10.541473,124.589279
162149.693651,142.943420,10.605545,124.638260
162149.734953,142.750427,10.539230,124.486099
162149.776254,142.718765,10.497574,124.429718
162149.817555,142.979660,10.330856,124.633087
162149.858857,142.859055,10.499313,124.568832
162149.900157,143.006012,10.545715,124.367126
162149.941458,142.976379,10.526871,124.532608
162149.982757,143.127319,10.335785,124.692444
162150.024059,143.094238,10.662674,124.283768
162150.065360,143.003357,10.535172,124.571930
162150.106657,143.205353,10.513641,124.694244
162150.147955,143.336105,10.720779,124.558044
162150.189253,142.851578,10.620361,124.476852
162150.230551,143.037140,10.800385,124.442307
162150.271850,142.940323,10.539993,124.429367
162150.313152,143.000412,10.413849,124.283035
162150.354452,142.973022,10.618713,124.488464
162150.395753,142.997452,10.444962,124.451187
162150.437053,143.074783,10.646408,124.515747
162150.478348,142.967667,10.700958,124.666718
162150.519654,142.806580,10.734085,124.367538
162150.560953,142.912628,10.673615,124.237396
162150.602248,142.690277,10.855576,124.461823
162150.643553,142.717834,10.815323,124.567642
162150.684850,142.823807,10.619629,124.356155
162150.726147,142.842178,10.416473,124.329865
162150.767444,142.930847,10.574417,124.380829
162150.808741,142.882401,10.782928,124.541397
162150.850037,142.862198,10.730118,124.445175
162150.891333,142.758423,10.632950,124.470367
162150.932630,142.842590,10.762131,124.409332
162150.973927,143.221237,10.756714,123.945587
162151.015226,143.252167,10.608994,124.427399
162151.056523,143.081497,10.544998,124.262482
162151.097819,143.131119,10.528244,124.546875
162151.139114,143.254608,10.375671,124.136444
162151.180413,143.026062,10.697250,123.904938
162151.221711,143.076294,10.585678,124.173416
162151.263009,143.183990,10.809937,124.183090
162151.304307,143.261627,10.648346,124.523132
162151.345602,143.276123,10.604782,124.519287
162151.386901,143.101517,10.663559,124.609360
162151.428199,143.174149,10.741211,124.724533
162151.469499,143.098923,10.691772,124.295761
162151.510797,143.009796,10.775070,124.136307
162151.552095,143.090637,10.514801,124.178543
162151.593394,142.851135,10.627121,124.415512
162151.634694,142.926437,10.699753,124.240341
162151.675991,143.045685,10.676239,124.846359
162151.717289,142.963760,10.709229,124.618011
162151.758586,142.880402,10.629471,124.455551
162151.799882,142.883118,10.659332,124.245163
162151.841181,143.185669,10.629776,124.513947
162151.882479,143.170288,10.551712,124.517288
162151.923778,142.949127,10.735077,124.707031
162151.965075,142.918320,10.949234,124.379044
162152.006370,142.968506,10.761444,124.893600
162152.047666,143.311417,10.704346,124.754074
162152.088964,143.214890,10.567108,124.490143
162152.130261,143.127441,10.751602,124.653687
162152.171557,143.125153,10.575668,124.541092
162152.212855,143.175720,10.728012,124.487991
162152.254154,143.089371,10.648575,124.828461
162152.295453,142.772263,11.042725,124.747437
162152.336750,143.110474,10.705673,124.967667
162152.378049,142.933411,10.608704,124.674957
162152.419346,142.865280,10.701920,124.808273
162152.460647,142.971741,10.807205,124.844116
162152.501946,143.069595,10.662598,124.735535
162152.543246,142.994827,10.748596,124.652267
162152.584545,142.856003,10.910263,124.787003
162152.625843,143.079788,11.031357,124.722488
162152.667139,143.042099,10.877625,124.979340
162152.708437,142.977493,10.690109,124.520279
162152.749735,143.041565,10.866333,124.638565
162152.791034,142.961304,10.694046,124.306549
162152.832337,143.009857,10.714813,124.661316
162152.873638,143.245728,10.386307,124.692947
162152.914938,142.804031,10.659988,124.468124
162152.956239,142.861832,10.528229,124.405807
162152.997541,143.115295,10.755081,124.554550
162153.038843,142.956253,10.755508,125.046921
162153.080144,143.005188,10.506393,124.336258
162153.121439,142.886429,10.330643,124.486053
162153.162745,142.896591,10.394897,124.468109
162153.204041,143.131012,10.530182,124.572189
162153.245350,143.211655,10.376099,124.576447
162153.286651,142.978592,10.307037,124.462677
162153.327954,142.909225,10.636414,124.650650
162153.369256,142.984665,10.604233,124.900482
162153.410559,143.087219,10.680115,124.804733
162153.451861,143.019012,10.711136,124.670288
162153.493158,143.185349,10.599747,125.006165
162153.534467,143.144104,10.420197,124.566620
162153.575765,142.997452,10.584839,124.617645
162153.617075,143.050537,10.689667,124.549377
162153.658379,143.141769,10.327271,124.381607
162153.699680,143.228058,10.411469,124.174911
162153.740983,143.151489,10.162140,124.405869
162153.782287,142.927643,10.343552,124.564178
162153.823589,142.954056,10.457275,124.498444
162153.864891,143.065811,10.630768,124.852661
162153.906192,143.159531,10.345367,124.492233
162153.947491,142.939240,10.535461,124.794266
162153.988793,143.022980,10.466446,124.804260
162154.030094,142.953278,10.744492,124.779037
162154.071396,142.856781,10.744385,124.275925
162154.112696,142.947662,10.810379,124.561371
162154.153997,142.871017,11.065125,124.760269
162154.195296,143.013184,10.866272,124.837173
162154.236596,142.951355,10.874725,124.966263
162154.277895,143.008560,10.674454,124.656967
162154.319195,143.128250,10.748322,124.782349
162154.360495,142.971024,10.660095,124.622528
162154.401794,142.791885,10.784225,124.853058
162154.443091,142.739731,10.737930,124.822037
162154.484389,142.777863,10.673065,125.085754
162154.525689,142.754807,10.953659,124.943909
162154.566987,142.729904,10.760345,125.159424
162154.608287,142.864899,10.940735,124.993164
162154.649586,142.917374,10.955948,125.051651
162154.690885,142.761414,10.998169,125.002991
162154.732184,142.776993,11.071304,125.115524
162154.773483,142.762009,11.059906,125.339569
162154.814783,142.614380,10.960159,125.395737
162154.856084,142.652740,11.070038,125.037811
162154.897379,142.754898,10.907669,125.343826
162154.938687,142.560089,10.844650,125.254395
162154.979986,142.686798,10.921326,125.296341
162155.021284,142.728790,10.636871,125.050583
162155.062583,142.631653,10.670609,125.000427
162155.103877,142.837158,10.648911,125.099442
162155.145186,142.767441,10.549286,125.010330
162155.186489,142.596024,10.746780,125.163406
162155.227791,142.667328,10.606583,124.917526
162155.269094,142.724548,10.933609,125.176590
162155.310397,142.616211,10.814392,124.998352
162155.351697,142.763016,10.811935,124.634796
162155.392997,142.737076,10.768768,125.192017
162155.434295,142.499283,10.911240,124.623398
162155.475595,142.502655,10.832062,124.576614
162155.516895,142.642410,10.566605,124.953201
162155.558198,142.729736,10.642410,124.579132
162155.599501,142.677704,10.635712,124.769699
162155.640802,142.891037,10.730164,125.205215
162155.682101,142.729965,10.578201,124.750519
162155.723404,142.840347,10.428375,124.888062
162155.764706,142.711609,10.608856,125.023575
162155.806005,142.674957,10.645996,124.978683
162155.847305,142.627808,10.510086,124.759735
162155.888609,142.665833,10.725647,125.072861
162155.929910,142.795654,10.777939,124.651962
162155.971209,142.555450,10.752197,124.888123
162156.012509,142.488602,10.742294,124.809036
162156.053813,142.487045,10.533127,124.780899
162156.095115,142.510544,10.900070,125.216614
162156.136416,142.747055,10.671097,124.858810
162156.177715,142.668808,10.482773,124.880341
162156.219016,142.730011,10.397537,124.850464
162156.260319,142.753967,10.385345,124.744308
162156.301620,142.726440,10.412399,124.879364
162156.342923,142.744614,10.489975,124.921906
162156.384226,142.481979,10.397079,124.479630
162156.425529,142.687561,10.609299,124.933441
162156.466832,142.484360,10.591766,124.908432
162156.508134,142.449982,10.744797,124.845078
162156.549435,142.552429,10.609497,124.851791
162156.590729,142.574005,10.742981,124.883820
162156.632037,142.599030,10.691162,125.012604
162156.673340,142.640442,10.702682,125.069153
162156.714640,142.724564,10.601578,124.969269
162156.755940,142.761642,10.753387,124.795258
162156.797240,142.602310,10.794876,124.908234
162156.838539,142.729126,10.736511,124.803284
162156.879838,142.759888,10.502472,124.964752
162156.921139,142.591949,10.650940,124.540558
162156.962439,142.656998,10.704681,124.669296
162157.003741,142.697357,10.426575,124.885895
162157.045042,142.640335,10.536804,124.771301
162157.086343,142.627853,10.578201,124.373795
162157.127638,142.542587,10.735428,124.653885
162157.168938,142.746506,10.569595,124.840027
162157.210243,142.486954,10.541550,124.533798
162157.251543,142.524979,10.611084,124.680222
162157.292840,142.620850,10.690125,124.746231
162157.334139,142.602051,10.629669,124.608871
162157.375437,142.770218,10.462875,124.578568
162157.416732,142.766312,10.657822,124.537491
162157.458040,142.649200,10.686707,124.578720
162157.499340,142.487762,10.570786,124.621796
162157.540641,142.683945,10.509781,124.492065
162157.581943,142.574951,10.428925,124.586151
162157.623246,142.426392,10.661942,124.823700
162157.664550,142.601578,10.290207,124.405823
162157.705850,142.713959,10.475067,124.429672
162157.747152,142.696487,10.245026,124.684540
162157.788453,142.736023,10.417496,124.553284
162157.829753,142.640015,10.324432,124.586792
162157.871054,142.838974,10.467682,124.557236
162157.912354,142.701675,10.342316,124.692200
162157.953655,142.715424,10.450775,124.281860
162157.994958,142.771118,10.413864,124.632645
162158.036260,142.672287,10.409485,124.468430
162158.077562,142.811264,10.359329,124.912308
162158.118866,142.743591,10.352219,124.452835
162158.160167,142.740051,10.328903,124.578308
162158.201466,142.746414,10.409836,124.845993
162158.242767,142.617493,10.250412,124.715500
162158.284069,142.807068,10.272263,124.817657
162158.325370,142.962234,10.156189,124.600082
162158.366670,142.987640,10.192505,124.864746
162158.407970,142.988037,10.327744,124.744354
162158.449271,142.913971,10.315033,124.807022
162158.490569,142.685532,10.479172,124.575806
162158.531881,142.907715,10.336258,124.653107
162158.573182,142.979568,10.377731,124.319275
162158.614483,142.851837,10.078537,124.332199
162158.655785,142.700333,10.463242,124.371201
162158.697082,143.040024,10.411301,124.322983
162158.738391,142.882874,10.567505,124.301392
162158.779693,142.727722,10.682327,124.564377
162158.820993,142.727127,10.534897,124.560333
162158.862293,142.794601,10.708603,124.392166
162158.903595,142.699341,10.606033,124.688110
162158.944895,142.843033,10.661530,124.613449
162158.986197,142.574066,10.684875,124.685349
162159.027497,142.733917,10.346085,124.531647
162159.068792,142.887573,10.548492,124.815857
162159.110103,142.598953,10.488358,124.793060
162159.151406,142.824753,10.563995,124.682983
162159.192705,142.914490,10.601166,124.782944
162159.234005,142.998627,10.519714,124.991928
162159.275308,142.960938,10.544724,124.807159
162159.316609,142.941376,10.722961,124.981567
162159.357912,143.090958,10.637100,125.060593
162159.399213,142.856689,10.774857,124.774200
162159.440514,142.909225,10.707153,124.670532
162159.481815,143.019836,10.326019,125.091385
162159.523118,142.900833,10.405716,124.941071
162159.564420,142.744278,10.673523,124.567841
162159.605722,142.740051,10.375183,124.728577
162159.647022,142.871582,10.307281,124.869537
162159.688318,142.829086,10.350525,124.569229
162159.729626,142.749741,10.361237,124.745911
162159.770922,142.972534,10.167450,124.854599
162159.812232,142.834534,10.319778,124.966110
162159.853528,142.771362,10.396683,124.954330
162159.894839,142.808578,10.403809,124.970291
162159.936140,142.758972,10.587036,124.905029
162159.977442,142.856201,10.468781,124.946915
162160.018743,142.991989,10.412827,125.046219
162160.060037,142.750427,10.394409,124.888062
162160.101345,142.413712,10.839691,124.775269
162160.142647,142.685486,10.737930,124.782242
162160.183948,142.693237,10.939194,125.260895
162160.225247,142.617294,10.808334,125.063843
162160.266547,142.782242,10.620621,125.036407
162160.307849,142.768463,10.571259,124.919083
162160.349150,142.819672,10.667236,124.842972
162160.390451,142.695206,10.537842,124.960739
162160.431752,142.748764,10.338364,124.935715
162160.473055,142.458710,10.634781,124.689407
162160.514357,142.891327,10.497467,124.928329
162160.555661,142.816193,10.488876,125.138031
162160.596967,142.972107,10.696091,125.131622
162160.638268,142.734894,10.799011,125.122177
162160.679573,142.585770,10.805099,125.011505
162160.720876,142.649414,10.685165,125.042343
162160.762172,142.881302,10.499664,125.122681
162160.803474,142.625809,10.575241,125.083023
162160.844781,142.560928,10.692596,125.018112
162160.886083,142.535645,10.676758,124.974533
162160.927384,142.555466,10.665771,125.192688
162160.968680,142.650726,10.557068,125.063049
162161.009991,142.536453,10.452484,124.770767
162161.051294,142.720169,10.560577,125.059540
162161.092593,142.690414,10.662674,125.132645
162161.133903,142.702942,10.671997,124.832062
162161.175203,142.796158,10.530533,124.892853
162161.216504,142.824142,10.530457,124.904648
162161.257806,142.815369,10.729004,125.178253
162161.299109,142.736526,10.792725,125.064957
162161.340410,142.839142,10.819931,124.846024
162161.381712,142.845642,10.723297,125.182068
162161.423013,142.792664,10.652618,124.879028
162161.464315,142.611969,10.756531,125.042542
162161.505615,142.671921,10.730637,125.057297
162161.546914,142.786621,10.626083,124.860962
162161.588216,142.706573,10.538757,125.071259
162161.629516,142.563660,10.765289,124.557220
162161.670818,142.487228,10.653656,124.900894
162161.712119,142.826401,10.684525,124.809158
162161.753418,142.770203,10.597412,125.144348
162161.794717,142.838165,10.612793,124.665726
162161.836018,142.851730,10.526138,124.660004
162161.877312,142.624588,10.555984,124.658142
162161.918619,142.623062,10.666855,124.672806
162161.959919,142.567810,10.499619,124.766953
162162.001219,142.743759,10.571548,125.050339
162162.042520,142.681793,10.575073,124.930435
162162.083817,142.662796,10.842163,124.685959
162162.125110,142.842789,10.643295,124.825592
162162.166417,142.821518,10.533966,124.960693
162162.207720,142.771942,10.401794,125.060501
162162.249022,142.875916,10.279968,124.789429
162162.290315,142.985199,10.331711,124.921738
162162.331623,142.690155,10.564941,124.976868
162162.372927,142.643204,10.696655,124.637253
162162.414232,142.613068,10.605667,124.940338
162162.455534,142.784851,10.667542,124.778687
162162.496837,142.844131,10.664307,124.921967
162162.538140,142.777725,10.615280,125.049225
162162.579435,143.051636,10.748917,124.726074
162162.620738,142.840530,10.526474,124.904556
162162.662047,142.817932,10.888565,124.919128
162162.703342,143.025909,10.405685,124.702148
162162.744649,142.952805,10.571472,124.601273
162162.785950,142.768494,10.494354,124.929443
162162.827252,142.867920,10.394348,124.659012
162162.868555,142.650070,10.530777,124.509628
162162.909855,142.671326,10.603775,124.671356
162162.951155,142.762283,10.437012,124.878784
162162.992452,142.877731,10.525131,124.813934
162163.033749,142.935425,10.625381,124.830185
162163.075047,143.039993,10.442566,124.716354
162163.116344,142.902725,10.474121,124.559814
162163.157641,142.956421,10.458466,124.895645
162163.198940,142.981598,10.576859,124.768143
162163.240238,142.941162,10.636261,124.630600
162163.281535,142.649551,10.582748,124.791382
162163.322834,142.740921,10.570847,124.769562
162163.364135,142.809784,10.482941,124.804474
162163.405436,142.624664,10.636383,124.757355
162163.446730,142.575806,10.769791,124.847519
162163.488039,142.629807,10.466965,124.791840
162163.529338,143.043289,10.625534,125.020966
162163.570637,143.116058,10.476349,124.805038
162163.611934,142.942535,10.245682,124.883331
162163.653231,142.923294,10.367920,124.933472
162163.694527,142.942993,10.355286,124.886383
162163.735828,142.726730,10.734818,124.932602
162163.777127,142.993591,10.626389,124.720413
162163.818425,142.750687,10.636398,124.994675
162163.859724,142.756256,10.639557,124.989975
162163.901023,142.808502,10.661835,124.770493
162163.942322,142.631958,10.781754,124.616333
162163.983623,142.866226,10.752716,124.878067
162164.024922,142.783920,10.669434,125.129196
162164.066221,142.784042,10.494080,124.819458
162164.107517,142.790344,10.547226,124.884918
162164.148815,142.794876,10.434097,124.737473
162164.190112,142.619049,10.640518,124.831314
162164.231409,142.685593,10.511841,124.768372
162164.272708,142.674377,10.644745,124.994446
162164.314003,142.796143,10.424988,124.698074
162164.355300,142.837311,10.490189,124.959335
162164.396596,142.547348,10.713394,125.188217
162164.437892,142.666138,10.649323,124.798401
162164.479190,142.825195,10.587479,124.902420
162164.520488,142.849854,10.619965,124.888275
162164.561788,142.939453,10.846390,124.781250
162164.603086,142.814499,10.753052,124.892670
162164.644385,142.798035,10.700912,124.739563
162164.685684,142.767151,10.565887,124.811249
162164.726983,142.798721,10.641113,124.648636
162164.768279,142.885941,10.495209,124.681473
162164.809575,142.889313,10.433380,124.818924
162164.850871,142.884888,10.333252,125.057831
162164.892169,142.959030,10.245300,124.903763
162164.933464,142.871185,10.495224,124.631226
162164.974760,142.956009,10.449997,124.912827
162165.016057,143.054855,10.305328,124.936172
162165.057352,142.942261,10.386642,124.864212
162165.098651,143.068558,10.677277,125.110199
162165.139947,142.885483,10.622940,125.185715
162165.181244,142.792007,10.474533,124.982483
162165.222541,142.842194,10.416611,124.762436
162165.263839,142.800949,10.433319,124.881073
162165.305135,142.838333,10.311127,124.618698
162165.346433,143.102234,10.073853,124.781525
162165.387728,143.059052,9.987671,124.765610
162165.429027,142.928726,10.407562,124.694748
162165.470322,142.980453,10.560028,124.683914
162165.511619,142.803253,10.454987,124.988754
162165.552916,142.714981,10.629974,124.542511
162165.594213,142.680389,10.279373,124.673386
162165.635510,142.886276,10.369522,124.883301
162165.676818,143.031952,10.063004,124.589203
162165.718117,142.875137,10.373779,124.696609
162165.759417,142.707397,10.296371,124.889587
162165.800713,142.727448,10.564682,124.715012
162165.842021,142.939941,10.464600,124.749573
162165.883321,143.010147,10.352844,124.577652
162165.924624,142.809067,10.430099,124.542191
162165.965924,142.791183,10.458893,124.724045
162166.007222,142.860657,10.694916,124.713013
162166.048523,142.915909,10.508362,124.568542
162166.089818,142.879959,10.536819,124.751999
162166.131123,142.835052,10.439224,123.938599
162166.172422,142.978638,10.315491,124.712936
162166.213715,142.896103,10.502899,124.689011
162166.255021,143.096573,10.265121,124.975494
162166.296320,143.279495,10.176605,124.673080
162166.337620,143.216217,10.364532,124.792908
162166.378919,143.096756,10.476410,124.459732
162166.420219,142.786621,10.444702,124.900253
162166.461520,142.871429,10.677124,124.529633
162166.502817,142.870667,10.518692,124.673843
162166.544117,142.839386,10.800980,124.740768
162166.585416,143.003677,10.581009,124.710251
162166.626716,143.177780,10.449951,124.400528
162166.668017,143.078491,10.417435,124.525162
162166.709313,142.932571,10.436462,124.864822
162166.750611,142.999512,10.382263,124.555008
162166.791909,143.026382,10.535156,124.205978
162166.833208,143.041626,10.502747,124.682999
162166.874508,143.172943,10.384018,124.685074
162166.915807,142.799744,10.646957,124.643753
162166.957107,142.982162,10.625900,124.610260
162166.998410,142.907715,10.464600,124.660797
162167.039710,142.985107,10.786545,123.983429
162167.081011,142.815079,10.504547,124.480652
162167.122312,142.963333,10.661636,124.473312
