129188.211569,143.631744,10.941376,123.436584
129188.252865,143.754745,10.878265,123.362320
129188.294163,143.621643,10.954910,122.869110
129188.335461,143.740799,10.836182,123.167923
129188.376758,143.622787,10.999847,123.007843
129188.418055,143.624573,11.185913,122.950012
129188.459352,143.732941,11.005234,122.767105
129188.500651,143.573730,10.653336,122.959183
129188.541951,143.591202,10.907379,122.839371
129188.583248,143.604233,10.608765,122.798691
129188.624546,143.823502,10.745514,123.129883
129188.665848,143.843292,10.919342,122.934555
129188.707149,143.353851,10.821411,122.785690
129188.748447,143.364182,10.852097,122.806061
129188.789744,143.535538,10.974518,123.142242
129188.831044,143.563248,10.648849,122.935715
129188.872331,143.547653,10.885727,123.204910
129188.913632,143.549332,10.864883,123.214493
129188.954926,143.487045,10.949799,123.022522
129188.996216,143.789291,11.018555,123.019302
129189.037516,143.620316,10.943542,123.126266
129189.078816,143.394394,10.959106,123.038345
129189.120114,143.746796,10.823654,123.197571
129189.161413,143.675781,10.921463,123.219559
129189.202709,143.550720,10.657608,123.297668
129189.244009,143.569962,10.811584,123.349533
129189.285309,143.517624,10.805084,123.228668
129189.326607,143.508820,10.813766,123.250000
129189.367903,143.728073,10.746506,123.362320
129189.409202,143.256104,10.932480,123.160065
129189.450509,143.637756,10.934448,123.142181
129189.491801,143.727402,11.149902,123.208740
129189.533106,143.857117,10.848862,123.083023
129189.574401,143.706894,10.985229,123.124008
129189.615701,143.710068,10.858154,123.491821
129189.657000,143.848053,10.903015,123.271149
129189.698305,143.686920,11.020325,123.224396
129189.739597,143.858963,10.988205,123.264008
129189.780897,143.732651,10.906723,123.375793
129189.822201,143.760376,10.890640,123.638779
129189.863492,143.731430,10.808670,123.418762
129189.904798,143.735626,10.812057,122.906036
129189.946090,143.740173,10.731415,123.347443
129189.987395,143.886536,10.998611,123.273926
129190.028684,143.874100,10.741104,123.106247
129190.069983,143.833542,10.880829,123.296921
129190.111283,143.800064,10.910248,123.448273
129190.152583,143.644043,11.001083,123.360184
129190.193890,143.758972,11.006027,123.195694
129190.235183,143.684052,10.938126,123.253754
129190.276488,143.608948,11.002701,123.362900
129190.317781,143.846420,10.935654,123.259964
129190.359081,143.822571,11.035553,123.342880
129190.400381,143.671280,10.932831,123.180756
129190.441681,143.876755,10.996078,123.171280
129190.482986,143.640884,10.973251,123.113937
129190.524278,143.747833,10.820938,123.204926
129190.565576,143.745300,10.805298,123.532928
129190.606875,143.632568,10.623199,123.226852
129190.648173,143.841934,10.727203,123.318161
129190.689471,143.813034,10.818466,123.223236
129190.730775,143.750687,10.883667,123.377640
129190.772066,143.954590,10.728958,123.408630
129190.813362,143.843979,10.674789,123.506958
129190.854667,143.877136,10.778259,123.442551
129190.895959,143.859955,10.661407,123.408966
129190.937260,143.804901,10.592255,123.331131
129190.978559,143.857910,10.789520,123.244843
129191.019862,143.992264,10.667496,122.981323
129191.061159,143.876678,10.903778,123.379745
129191.102456,143.697693,10.858566,123.159470
129191.143753,143.859589,10.866882,123.052292
129191.185046,143.660233,10.576157,122.799088
129191.226346,143.618652,10.906693,122.954025
129191.267647,143.808395,10.586823,123.206635
129191.308947,143.640549,10.788483,122.847137
129191.350245,143.712082,10.801224,123.048523
129191.391548,143.820160,11.021469,123.000336
129191.432839,143.904770,10.943573,123.051849
129191.474140,143.755707,10.836990,123.355728
129191.515432,143.710022,11.011292,123.153702
129191.556730,143.635590,10.989426,123.178940
129191.598029,143.888458,10.653046,122.939499
129191.639326,143.848190,10.891495,122.855331
129191.680624,143.860107,10.534836,122.666794
129191.721924,143.930405,10.683701,123.066589
129191.763229,143.878983,10.585449,122.653793
129191.804523,143.792908,10.697952,122.995529
129191.845821,143.950546,10.646667,122.999496
129191.887119,143.897400,10.851959,123.087219
129191.928417,143.891251,10.762054,123.227234
129191.969715,143.789185,10.812775,123.221466
129192.011015,143.976456,10.710510,123.336548
129192.052321,143.883926,10.757248,123.123184
129192.093611,144.042633,10.629822,123.012772
129192.134909,144.065689,10.866928,122.880402
129192.176207,143.740601,10.718292,123.375885
129192.217506,144.032425,10.793762,123.455872
129192.258805,143.707611,10.834000,123.186813
129192.300106,144.037567,10.615128,123.129120
129192.341406,143.853531,10.788696,123.104874
129192.382705,143.890366,10.553329,123.137604
129192.424011,143.797562,10.640060,122.877121
129192.465306,143.829483,10.626633,123.032059
129192.506609,143.986954,10.480408,122.862869
129192.547909,143.976746,10.415039,122.917023
129192.589209,144.020981,10.440460,123.079224
129192.630509,143.764801,10.686111,123.207062
129192.671809,143.734741,10.751587,123.193695
129192.713110,143.857956,10.742493,123.262421
129192.754412,143.885529,10.859055,122.925369
129192.795719,143.822800,10.824768,122.897003
129192.837013,144.012802,10.612518,123.053772
129192.878313,143.831039,10.775421,122.847015
129192.919614,143.743851,10.834824,122.832626
129192.960914,143.621597,10.752350,123.034821
129193.002215,143.779083,10.805420,123.071808
129193.043518,143.762726,10.612411,123.147797
129193.084819,143.746002,10.418106,122.802582
129193.126118,143.885300,10.629837,123.036636
129193.167414,143.612762,10.891678,122.956879
129193.208713,143.750397,10.793427,122.895996
129193.250012,143.917374,10.530472,123.132721
129193.291311,143.893005,10.463303,123.151505
129193.332611,143.776688,10.923630,123.290695
129193.373910,143.762100,10.911758,123.266998
129193.415208,143.678757,10.735611,123.212753
129193.456509,143.753311,10.808884,123.135086
129193.497809,143.615051,10.901947,123.076508
129193.539108,143.648407,10.834717,122.953735
129193.580405,143.545517,11.006378,122.839478
129193.621703,143.539612,10.930099,122.736145
129193.663003,143.701279,10.726547,122.928558
129193.704301,143.674438,10.649628,123.139786
129193.745602,143.625473,10.673721,122.899979
129193.786903,143.751801,10.763702,123.168076
129193.828205,143.619415,10.789764,123.102341
129193.869505,143.755142,10.757156,122.928558
129193.910807,143.637802,10.720581,122.935837
129193.952107,143.830917,10.615082,122.888290
129193.993408,143.716156,10.686768,123.210526
129194.034711,143.799484,10.349213,122.692551
129194.076012,143.813477,10.762939,122.590561
129194.117314,143.769791,10.648972,123.224884
129194.158616,143.902039,10.916885,123.161652
129194.199917,143.612976,10.654816,122.477478
129194.241218,143.638016,10.771957,122.745331
129194.282517,143.894409,10.765900,122.679443
129194.323818,143.897095,10.319061,122.714081
129194.365121,143.798004,10.500214,122.912613
129194.406423,143.622360,10.697098,122.773941
129194.447725,143.905380,10.723404,123.285660
129194.489025,143.640762,10.681854,123.118362
129194.530326,143.669235,10.717514,123.004333
129194.571627,143.788635,10.827576,123.221008
129194.612927,143.693100,10.791275,123.174667
129194.654229,143.609848,10.818039,123.054382
129194.695529,143.546967,10.666611,122.921585
129194.736829,143.513016,10.787918,122.923569
129194.778135,143.645233,10.714020,122.969330
129194.819428,143.792587,10.755310,123.290787
129194.860729,143.581009,10.676361,123.405869
129194.902032,143.655334,10.564392,123.220459
129194.943334,143.755753,10.729630,123.277710
129194.984635,143.623398,10.523560,123.507141
129195.025936,143.449387,10.895584,123.404495
129195.067238,143.611206,10.674118,123.387604
129195.108540,143.637299,10.709900,123.427811
129195.149843,143.690308,10.747833,123.403717
129195.191145,143.852051,10.790329,123.440826
129195.232443,143.780136,10.767105,123.090897
129195.273741,143.649139,10.603195,123.493835
129195.315037,143.639832,10.576050,123.475677
129195.356337,143.541138,10.571869,123.147659
129195.397637,143.790665,10.707825,123.211929
129195.438938,143.533020,10.456329,123.079636
129195.480240,143.791046,10.502167,123.203949
129195.521539,143.623459,10.499893,122.872330
129195.562840,143.526917,10.853882,123.259018
129195.604142,143.698792,10.617157,122.468140
129195.645445,143.565125,10.771973,123.129242
129195.686747,143.651184,10.792313,123.285995
129195.728049,143.856766,10.822769,122.751877
129195.769348,143.854538,10.926224,123.182663
129195.810652,143.971893,10.776978,123.149811
129195.851954,143.894394,10.565781,122.977295
129195.893254,143.848267,10.857376,123.263824
129195.934555,143.857635,10.751587,123.350342
129195.975857,143.786911,10.681793,123.446777
129196.017157,143.788025,10.778366,123.115692
129196.058458,143.605835,10.764984,122.949844
129196.099759,143.740448,10.715286,123.196945
129196.141060,143.728363,10.503860,123.332504
129196.182362,144.109558,10.417801,122.964737
129196.223666,143.817749,10.704132,123.305405
129196.264967,143.710266,10.857651,123.171326
129196.306268,143.847656,10.833542,123.598953
129196.347568,143.896530,10.599564,123.233505
129196.388869,143.776779,10.998779,123.503632
129196.430167,143.553894,10.878418,123.350555
129196.471467,143.661362,10.761536,123.554459
129196.512767,143.686630,10.758423,123.220901
129196.554067,143.554581,10.828796,123.415558
129196.595367,143.623734,10.840469,123.115601
129196.636664,143.419693,10.989288,123.644516
129196.677963,143.500900,10.983734,123.320190
129196.719270,143.748734,10.624191,123.562637
129196.760570,143.533783,10.878922,123.616714
129196.801859,143.745575,10.719238,123.418701
129196.843157,143.614548,10.922501,123.238480
129196.884454,143.797455,10.465714,123.595688
129196.925757,143.817307,10.844711,123.468002
129196.967048,143.863724,10.677505,123.426819
129197.008347,143.994675,10.447098,123.472885
129197.049644,143.941162,10.704132,123.484161
129197.090940,143.931061,10.633698,123.433838
129197.132239,144.042603,10.684174,123.663742
129197.173538,143.977142,10.781982,123.407471
129197.214839,143.817200,10.440369,123.454712
129197.256141,143.851166,10.520981,123.185287
129197.297442,143.660233,10.571762,123.362656
129197.338741,143.823547,10.439880,123.091736
129197.380038,143.720856,10.382141,123.278381
129197.421337,143.824615,10.382294,123.445526
129197.462635,143.828979,10.520432,123.398102
129197.503936,143.922745,10.641113,123.321579
129197.545236,143.878922,10.672958,123.489258
129197.586537,143.642197,10.646286,123.389496
129197.627837,143.830994,10.639862,123.120377
129197.669135,143.657898,10.440933,123.347122
129197.710436,143.751511,10.762650,123.453537
129197.751742,143.746719,10.510788,123.491714
129197.793033,143.813492,10.450851,123.421814
129197.834331,143.852585,10.465744,123.488953
129197.875628,143.880829,10.493164,123.436050
129197.916926,143.878448,10.311615,123.375168
129197.958222,143.667404,10.343475,123.205582
129197.999520,143.873917,10.349930,123.373276
129198.040820,143.894821,10.458176,123.284592
129198.082119,143.485962,10.376175,123.262466
129198.123420,143.680115,10.408279,123.451035
129198.164720,143.733063,10.474380,123.890015
129198.206020,143.591888,10.483688,123.687256
129198.247321,143.613007,10.499268,123.515671
129198.288621,143.895004,10.382584,123.797287
129198.329926,143.769592,10.454819,123.760757
129198.371220,143.612762,10.557999,123.481598
129198.412517,143.736755,10.754501,123.553131
129198.453818,143.626984,10.340576,123.533600
129198.495119,143.651352,10.665741,123.304550
129198.536420,143.664444,10.426453,123.346069
129198.577721,143.416885,10.504028,123.801575
129198.619024,143.280289,10.517105,123.838776
129198.660325,143.230225,10.571381,123.412918
129198.701624,143.247757,10.719177,123.730545
129198.742926,143.370758,10.656982,123.528122
129198.784228,143.430069,10.903931,123.226257
129198.825531,143.519363,10.504395,123.450394
129198.866835,143.595871,10.706970,123.529343
129198.908138,143.633621,10.820648,123.245224
129198.949439,143.620682,10.813065,123.283508
129198.990737,143.637924,10.798462,123.296814
129199.032037,143.656967,10.882385,123.134338
129199.073335,143.720505,10.823334,123.052536
129199.114634,143.500229,10.905075,123.197174
129199.155935,143.595917,10.875381,123.118820
129199.197235,143.450806,10.635910,123.486877
129199.238536,143.420761,10.560532,123.320618
129199.279838,143.317917,10.958466,123.341583
129199.321142,143.601852,10.842545,123.669464
129199.362445,143.458115,10.584213,123.522034
129199.403746,143.642197,10.995010,123.546906
129199.445050,143.679916,10.824951,123.123230
129199.486350,143.739914,10.736923,123.502029
129199.527652,143.747055,10.788071,123.323685
129199.568951,143.665115,10.775009,123.629150
129199.610254,143.324783,10.803619,123.226761
129199.651557,143.589981,10.873871,123.313019
129199.692860,143.743408,10.912048,123.346405
129199.734163,143.678604,10.738968,123.361801
129199.775465,143.548920,10.688431,123.101547
129199.816769,143.677109,10.697617,123.311981
129199.858073,143.544525,10.685806,123.365173
129199.899377,143.493835,10.585449,123.621704
129199.940679,143.623230,10.714447,123.457550
129199.981981,143.825424,10.582169,123.474045
129200.023286,143.641434,10.548615,123.367569
129200.064592,143.649063,10.781235,123.498627
129200.105898,143.735138,10.747177,123.260071
129200.147206,143.580994,10.768402,123.429169
129200.188511,143.715988,10.850891,123.427216
129200.229815,143.502563,10.858978,123.492020
129200.271121,143.564453,10.656815,123.119705
129200.312425,143.640961,10.768646,123.498749
129200.353730,143.774292,10.562027,123.251755
129200.395032,143.470108,10.889816,123.495575
129200.436333,143.730865,10.909424,123.680832
129200.477634,143.445084,10.919724,123.432831
129200.518935,143.531143,10.799713,123.409927
129200.560236,143.413818,10.842758,123.345779
129200.601537,143.571304,10.729126,123.451828
129200.642838,143.629257,10.686554,123.585999
129200.684140,143.699738,10.516861,123.657562
129200.725440,143.708511,10.489304,123.595184
129200.766739,143.835541,10.673523,123.659302
129200.808039,143.831970,10.827148,123.905136
129200.849339,143.872345,10.755463,123.563263
129200.890638,143.764740,10.535019,123.899704
129200.931937,143.728149,10.725937,123.678619
129200.973239,143.454437,10.918549,123.634674
129201.014540,143.568100,10.793411,123.513885
129201.055844,143.449661,10.749191,123.408447
129201.097147,143.625290,10.769989,123.473587
129201.138449,143.548859,10.674164,123.662964
129201.179750,143.454727,10.838348,123.320389
129201.221047,143.472488,10.612457,123.514450
129201.262347,143.544373,10.629745,123.484222
129201.303648,143.827423,10.689713,123.508026
129201.344949,143.473862,10.572968,123.651642
129201.386250,143.966110,10.594467,123.686371
129201.427549,143.739410,10.626450,123.615646
129201.468848,143.723541,10.543564,123.939026
129201.510147,143.724121,10.535431,123.379913
129201.551449,143.570251,10.588928,123.272751
129201.592751,143.665649,10.515671,123.405487
129201.634055,143.646683,10.567810,123.473389
129201.675359,143.473206,10.613342,123.532837
129201.716662,143.649612,10.482498,123.516022
129201.757963,143.747147,10.390579,123.663437
129201.799263,143.571167,10.584610,123.611511
129201.840568,143.665131,10.623093,123.776337
129201.881870,143.696106,10.612625,123.733154
129201.923171,143.893402,10.673340,123.609177
129201.964471,143.868393,10.783783,123.500854
129202.005776,143.825287,10.579865,123.703888
129202.047078,143.975372,10.640411,123.774719
129202.088384,143.723053,10.900238,123.625839
129202.129689,143.606033,10.970261,123.273605
129202.170993,143.848129,10.771912,123.497437
129202.212297,143.855225,10.878433,123.771561
129202.253601,143.740952,10.931900,123.478485
129202.294904,143.611313,10.858704,123.586227
129202.336208,143.666031,10.716705,123.351700
129202.377511,143.669769,10.644638,123.116867
129202.418813,143.636963,10.738571,123.389984
129202.460113,143.725128,10.441193,123.439133
129202.501416,143.575302,10.727295,123.416336
129202.542718,143.902618,10.661819,123.291061
129202.584023,143.946503,10.574326,123.496582
129202.625328,144.089264,10.821045,123.758652
129202.666629,143.903839,10.917191,123.492874
129202.707931,143.971802,10.928345,123.178955
129202.749234,143.984726,10.832352,123.337494
129202.790537,143.809143,10.807632,123.338074
129202.831843,143.852722,10.926849,123.208450
129202.873149,143.715256,10.766998,123.357071
129202.914454,143.773621,10.587204,123.301346
129202.955758,143.799515,10.544662,123.004456
129202.997061,143.611633,10.651215,123.093735
129203.038366,143.690338,10.735031,123.338486
129203.079671,143.750885,10.782715,123.267426
129203.120973,143.818375,10.819305,123.157196
129203.162277,143.806152,10.745422,123.300385
129203.203579,143.846130,10.707947,123.380295
129203.244882,143.903992,10.649277,123.105255
129203.286186,143.818436,10.647827,123.167404
129203.327488,143.705872,10.857956,122.818359
129203.368791,143.830109,10.525742,123.124176
129203.410093,143.750519,10.401718,122.942444
129203.451396,143.892258,10.784058,123.026062
129203.492698,143.872009,10.516312,122.843292
129203.534001,143.802216,10.647568,122.882446
129203.575304,143.598282,10.358902,123.002762
129203.616608,143.870712,10.341141,122.938995
129203.657912,143.708832,10.639297,123.138702
129203.699215,143.811737,10.596451,123.136353
129203.740519,143.646362,10.572159,123.379272
129203.781820,143.808884,10.456680,123.368195
129203.823120,143.612610,10.592896,123.215439
129203.864420,143.801788,10.845886,123.041504
129203.905719,143.892700,10.690308,123.370728
129203.947018,143.787888,10.724258,123.093781
129203.988319,143.762482,10.760300,123.557877
129204.029620,143.621078,10.542786,123.215271
129204.070923,143.729309,10.716812,123.341644
129204.112226,143.749863,10.617249,123.355896
129204.153529,143.717606,10.550934,123.035812
129204.194832,143.638947,10.445221,123.132889
129204.236134,143.562561,10.585297,122.937881
129204.277436,143.597000,10.559067,123.013824
129204.318738,143.654327,10.697342,122.962845
129204.360040,143.785767,10.587097,123.385498
129204.401340,143.673203,10.715591,123.308304
129204.442643,143.875793,10.563263,123.525269
129204.483946,143.555649,10.713867,123.361618
129204.525249,143.651276,10.515472,123.019043
129204.566552,143.583267,10.584122,123.392883
129204.607855,143.502121,10.556122,122.957489
129204.649157,143.633881,10.602051,123.011337
129204.690459,143.464172,10.894073,123.149033
129204.731762,143.564926,10.580704,123.118240
129204.773063,143.563797,10.545197,122.919357
129204.814366,143.488678,10.759995,122.956543
129204.855669,143.663193,10.632874,122.742813
129204.896970,143.510681,10.772232,123.058899
129204.938272,143.667389,10.565292,123.503189
129204.979573,143.812408,10.697861,123.128021
129205.020874,143.714188,10.675797,123.213531
129205.062177,143.595505,10.672943,123.602127
129205.103480,143.600235,10.699997,123.370575
129205.144782,143.680969,10.608444,123.194595
129205.186085,143.723709,10.598587,123.011429
129205.227388,143.736572,10.860245,123.062698
129205.268691,143.735779,10.837738,123.085205
129205.309992,143.607544,10.644470,123.024796
129205.351295,143.474091,10.817215,123.087555
129205.392598,143.376724,10.873428,123.033035
129205.433898,143.570999,10.690201,122.947220
129205.475200,143.525269,10.697342,123.278961
129205.516503,143.562958,10.698898,123.019867
129205.557804,143.609207,10.660782,123.272781
129205.599107,143.489700,10.986160,123.063278
129205.640408,143.477020,10.905350,122.998535
129205.681707,143.902832,10.947433,123.442200
129205.723010,143.631195,10.945801,123.524582
129205.764313,143.830826,11.045670,123.302475
129205.805617,143.911743,10.970581,123.292511
129205.846921,143.900345,10.917923,122.878922
129205.888221,143.919022,10.799591,123.224213
129205.929522,143.922287,10.988098,123.384399
129205.970825,143.736679,10.800980,123.155365
129206.012126,143.845139,10.696136,123.337311
129206.053428,143.711472,10.981323,123.248184
129206.094729,143.807510,10.663483,123.100082
129206.136028,143.636688,10.733810,123.038116
129206.177326,143.669647,10.583527,123.490402
129206.218629,143.817245,10.507797,123.435455
129206.259933,143.651581,10.663742,123.082932
129206.301237,143.718338,10.746567,123.141449
129206.342539,143.894943,10.769089,123.182068
129206.383844,143.799042,10.609070,123.159698
129206.425146,143.544098,10.681396,123.291306
129206.466447,143.742493,10.442856,123.260147
129206.507749,143.688461,10.849625,123.194641
129206.549052,143.675186,10.639008,123.076126
129206.590353,143.735657,10.573959,123.040680
129206.631656,143.652725,10.662186,122.980225
129206.672960,143.461655,10.500092,123.035217
129206.714263,143.551880,10.649094,123.106522
129206.755567,143.863251,10.570587,123.112717
129206.796873,143.663071,10.694565,123.268845
129206.838178,143.792145,10.580322,123.171585
129206.879480,143.684036,10.898712,123.309280
129206.920784,143.625412,10.607986,123.334244
129206.962088,143.664276,10.650604,123.326828
129207.003391,143.866409,10.787170,123.437881
129207.044693,143.656906,10.752319,123.169815
129207.085993,143.509537,10.673584,122.818924
129207.127293,143.708374,10.620010,123.375961
129207.168593,143.782242,10.429047,123.253952
129207.209896,143.616943,10.680695,123.076843
129207.251199,143.559464,10.713211,122.761627
129207.292500,143.510880,10.566269,122.842667
129207.333800,143.613220,10.646332,123.017273
129207.375101,143.882751,10.492188,122.914215
129207.416406,143.896149,10.630615,122.664139
129207.457709,143.675446,10.877747,123.105316
129207.499012,143.585312,10.745438,123.119598
129207.540317,143.776291,10.682159,123.111450
129207.581619,143.659363,10.896072,123.185959
129207.622924,143.705231,10.946136,122.990585
129207.664228,143.835052,10.937561,123.145142
129207.705533,143.547455,10.774780,122.967590
129207.746837,143.771500,10.828003,123.040329
129207.788141,143.811646,10.849060,123.023834
129207.829445,143.718216,10.807999,122.926727
129207.870748,143.845917,10.781754,122.921875
129207.912052,143.692520,10.612473,122.615204
129207.953355,143.629547,10.549713,122.504471
129207.994660,143.641602,10.782852,122.734756
129208.035965,143.983917,10.510605,122.486313
129208.077270,143.754868,10.774277,122.849426
129208.118575,143.791672,10.868027,123.276138
129208.159882,143.743073,10.933578,123.054321
129208.201187,143.634567,11.131577,122.905396
129208.242491,143.889954,11.081741,123.145859
129208.283795,143.812607,10.950333,122.709122
129208.325099,143.859863,10.953094,123.128952
129208.366406,144.048538,11.123215,122.726105
129208.407710,143.823959,11.008652,122.875366
129208.449014,143.699539,10.756897,122.850830
129208.490318,143.832397,10.751511,123.098785
129208.531623,143.529617,11.044174,122.975647
129208.572926,143.620804,10.805710,122.883621
129208.614232,143.729218,10.798691,122.711014
129208.655537,143.759476,10.827988,123.059158
129208.696843,143.680115,10.810532,122.927032
129208.738148,143.872177,10.968811,122.962555
129208.779453,143.772293,10.910645,123.037796
129208.820760,143.805725,11.120193,123.112762
129208.862066,143.619568,10.952744,122.643341
129208.903374,143.891510,10.959915,123.135437
129208.944683,143.652084,10.966156,122.936920
129208.985990,143.730576,10.846924,122.829742
129209.027298,143.545059,11.109482,122.866989
129209.068602,143.906647,10.884979,123.007767
129209.109904,143.714081,10.701309,122.626266
129209.151206,143.700790,10.648727,122.987564
129209.192507,143.403046,10.973022,123.048141
129209.233809,143.596085,10.844070,122.871597
129209.275115,143.640930,11.076706,123.058945
129209.316421,143.514603,10.955109,122.973801
129209.357725,143.717438,10.809677,122.831955
129209.399032,143.498901,11.205215,122.984970
129209.440336,143.709671,11.003159,123.287186
129209.481640,143.782318,11.041702,122.696930
129209.522947,143.688202,11.109772,122.908310
129209.564252,143.812775,11.048813,122.758606
129209.605554,143.747314,10.835678,122.904037
129209.646856,143.624786,11.111420,122.804916
129209.688161,143.676208,11.169373,123.134415
129209.729465,143.717407,10.816040,122.733719
129209.770768,143.752731,11.123245,122.740921
129209.812070,143.556946,11.035187,122.592850
129209.853372,143.706177,10.937561,123.079514
129209.894673,143.725159,10.838013,122.714432
129209.935975,143.570099,10.875961,122.896133
129209.977278,143.519699,11.050217,122.974213
129210.018582,143.407227,11.222519,122.963409
129210.059887,143.658020,10.884995,123.256165
129210.101193,143.757263,10.852219,122.757782
129210.142497,143.544952,11.089218,123.407913
129210.183802,143.622498,11.159088,123.085861
129210.225106,143.591187,11.272766,122.907791
129210.266410,143.663803,10.951675,123.128647
129210.307714,143.517090,10.848465,123.047668
129210.349018,143.662399,10.954544,123.256042
129210.390320,143.466675,10.811722,122.811325
129210.431622,143.308502,11.106003,123.046753
129210.472924,143.474564,11.060364,122.978241
129210.514226,143.246689,11.241547,122.915375
129210.555528,143.525635,11.094681,122.840851
129210.596829,143.469421,10.876587,122.893829
129210.638130,143.250565,11.015442,123.073456
129210.679432,143.193359,10.956055,122.783478
129210.720731,143.710068,10.951172,123.110657
129210.762032,143.682968,10.978958,123.142029
129210.803333,143.632080,10.719833,123.141342
129210.844638,143.524200,10.961945,123.058029
129210.885942,143.620255,10.995544,122.941772
129210.927244,143.673630,10.813065,122.890106
129210.968545,143.601242,10.708679,122.709915
129211.009846,143.742737,10.847275,123.184113
129211.051148,143.522034,10.644424,122.831741
129211.092453,143.539230,10.785812,122.630524
129211.133754,143.555649,10.878159,122.592606
129211.175057,143.385956,10.896057,122.827301
129211.216360,143.669693,10.925125,122.632690
129211.257663,143.720428,10.774841,122.871902
129211.298964,143.771393,11.110352,122.845932
129211.340266,143.817719,10.970337,123.080856
129211.381570,143.631348,10.886780,122.777832
129211.422875,143.678085,10.867722,122.968719
129211.464178,143.739914,10.768951,123.034134
129211.505482,143.744019,10.830185,122.758057
129211.546784,143.733246,10.792038,122.417892
129211.588087,143.569504,10.586349,122.637741
129211.629390,143.825592,10.493332,122.869263
129211.670693,143.795792,10.831589,122.898849
129211.711999,143.822968,10.708710,122.886902
129211.753302,143.736572,10.453415,122.821045
129211.794603,143.877960,10.560577,122.858688
129211.835907,143.637283,10.617294,122.886032
129211.877210,143.560791,10.744064,123.137039
129211.918512,143.848312,10.790100,122.873657
129211.959814,143.663651,11.005081,123.089432
129212.001115,143.643692,10.959473,123.098267
129212.042416,143.510376,10.844376,123.083557
129212.083718,143.677948,10.995300,122.713791
129212.125018,143.696396,10.831589,122.710129
129212.166319,143.553238,10.805725,122.561218
129212.207620,143.570374,10.688614,122.760300
129212.248920,143.499374,10.612366,122.701508
129212.290222,143.404404,10.799347,123.064026
129212.331523,143.524109,10.811310,122.957428
129212.372824,143.660110,10.782440,122.958450
129212.414123,143.454712,10.751022,123.028275
129212.455421,143.672531,10.649216,122.942917
129212.496720,143.526260,10.847351,123.024979
129212.538019,143.487869,10.703217,122.771545
129212.579320,143.510254,10.958725,123.076782
129212.620621,143.278305,10.830688,123.057053
129212.661921,143.605515,10.810181,122.872330
129212.703222,143.484558,10.857422,122.697784
129212.744521,143.466400,10.649857,122.635757
129212.785823,143.692474,11.041931,122.679703
129212.827122,143.261032,10.962234,123.011307
129212.868421,143.722244,10.651611,122.635132
129212.909718,143.517700,11.036591,122.795532
129212.951015,143.551834,11.005768,122.819885
129212.992316,143.499710,11.087662,123.165421
129213.033617,143.534683,11.073868,122.958984
129213.074919,143.669846,10.844070,123.283691
129213.116221,143.448105,10.882034,122.979935
129213.157523,143.443649,10.981720,123.285507
129213.198824,143.481171,11.118256,122.994186
129213.240126,143.486023,10.978073,123.119995
129213.281426,143.247803,10.787857,123.038239
129213.322727,143.461273,11.002289,122.925964
129213.364028,143.363037,10.811401,122.946960
129213.405329,143.479126,10.653610,122.809082
129213.446633,143.313522,10.832520,122.836105
129213.487935,143.299255,10.957153,123.059937
129213.529237,143.597839,10.540115,123.163147
129213.570538,143.703735,10.570801,123.020279
129213.611839,143.724411,10.614517,122.950592
129213.653140,143.448486,10.697174,123.025955
129213.694439,143.754822,10.831573,123.098267
129213.735737,143.902039,10.722153,123.194489
129213.777038,143.726807,10.740524,122.863571
129213.818339,143.685410,10.761902,123.254028
129213.859637,143.579880,10.931488,123.238708
129213.900937,143.642715,10.748825,122.864975
129213.942234,143.653397,10.786484,122.934097
129213.983533,143.486206,10.816727,122.892303
129214.024830,143.610107,10.582230,122.865341
129214.066127,143.507706,10.991898,123.036407
129214.107424,143.513535,10.735626,122.962433
129214.148724,143.690170,10.935638,122.793381
129214.190022,143.675095,10.740021,122.837402
129214.231320,143.524551,10.764496,123.188721
129214.272619,143.574387,10.784546,123.417877
129214.313920,143.429047,10.989822,123.221054
129214.355220,143.605194,10.856232,123.039124
129214.396521,143.650925,11.042191,123.102615
129214.437821,143.481384,10.723007,122.548065
129214.479119,143.518768,11.004745,122.734436
129214.520417,143.354614,11.008820,122.837677
129214.561715,143.339859,10.920242,122.610397
129214.603014,143.526917,10.857178,122.441437
129214.644312,143.563400,10.647476,122.669678
129214.685611,143.497543,10.846893,122.651901
129214.726911,143.467804,10.653748,122.677948
129214.768211,143.399429,10.816727,122.692261
129214.809513,143.506088,10.788635,122.581924
129214.850815,143.525848,10.598190,122.560120
129214.892116,143.734924,10.729767,122.961990
129214.933418,143.578583,10.660187,123.041870
129214.974718,143.707901,10.844788,122.715759
129215.016020,143.635727,10.791794,122.852310
129215.057320,143.835648,10.890869,122.817123
129215.098621,143.769806,10.895554,122.905487
129215.139920,143.754059,10.622559,122.894928
129215.181217,143.640823,10.599670,122.752335
129215.222515,143.887146,10.749374,122.501389
129215.263813,143.796692,10.926041,122.827637
129215.305113,143.673492,10.735367,122.599213
129215.346412,143.715515,10.627197,122.455719
129215.387713,143.608078,10.722137,122.406937
129215.429015,143.668076,10.541183,122.755325
129215.470317,143.680237,10.711700,122.622971
129215.511619,143.664642,10.704666,122.329391
129215.552922,143.635391,10.675354,122.853775
129215.594220,143.626541,10.577087,123.192032
129215.635522,143.827087,10.675018,123.021393
129215.676826,143.836945,10.568848,122.474655
129215.718129,143.560257,11.077377,122.841431
129215.759432,143.674316,10.648499,122.942215
129215.800736,143.649521,10.757294,122.788727
129215.842040,143.606735,10.554092,122.867813
129215.883344,143.719742,10.585281,122.496445
129215.924645,143.699158,10.486511,122.609161
129215.965947,143.610657,10.735107,123.123047
129216.007250,143.682602,10.773926,122.976944
129216.048553,143.835815,10.614517,122.680008
129216.089856,143.724686,10.763885,122.989487
129216.131159,143.714676,10.977753,122.939224
129216.172462,143.767471,10.659332,123.246140
129216.213765,143.975235,10.724045,122.891373
129216.255068,143.939636,10.636032,123.114822
129216.296371,144.035751,10.670624,122.838562
129216.337672,143.684128,10.708084,122.908417
129216.378972,143.800613,10.732498,122.941193
129216.420274,143.668457,10.695038,123.060379
129216.461578,143.542633,10.892334,122.780807
129216.502882,143.509735,10.715515,122.840469
129216.544185,143.385101,10.636383,122.900284
129216.585489,143.414688,10.702255,122.914413
129216.626791,143.342468,10.737869,122.950699
129216.668095,143.275818,10.939896,123.123505
129216.709401,143.319366,10.784851,122.994492
129216.750707,143.375000,10.937408,123.120773
129216.792011,143.476868,10.804413,123.067352
129216.833314,143.536011,10.910614,123.040924
129216.874617,143.475937,10.859360,123.164810
129216.915920,143.612579,11.209579,123.058487
129216.957222,143.382568,10.950958,123.289124
129216.998523,143.339355,11.035019,123.007874
129217.039824,143.296219,10.952332,123.128525
129217.081127,143.271454,10.922043,123.020386
129217.122430,143.310974,11.169434,122.746994
129217.163733,143.223206,11.326736,122.733734
129217.205034,143.181473,10.841248,122.874405
129217.246334,143.186951,10.765091,122.960953
129217.287634,143.379196,10.923996,123.013031
129217.328935,143.534836,10.513626,123.047974
129217.370235,143.516479,10.717361,123.024155
129217.411537,143.451569,10.813385,123.163361
129217.452839,143.446045,10.775681,122.975510
129217.494140,143.527557,11.079849,123.182007
129217.535444,143.372131,11.107224,123.192535
129217.576744,143.537170,11.019821,122.860565
129217.618046,143.342743,10.953964,122.960007
129217.659348,143.517334,11.042389,122.811676
129217.700651,143.093094,10.911957,122.870178
129217.741952,143.383408,10.832809,122.706177
129217.783254,143.455811,10.747864,122.921646
129217.824556,143.423172,10.781082,123.117035
129217.865858,143.352203,10.714249,123.081192
129217.907162,143.398010,10.737213,122.876831
129217.948464,143.385223,10.837158,123.135193
129217.989766,143.574097,10.661102,123.151810
129218.031068,143.783661,10.694229,123.113037
129218.072369,143.327789,10.812057,123.230377
129218.113673,143.483215,11.076752,123.016510
129218.154975,143.380753,10.978714,123.069901
129218.196275,143.611053,11.069885,123.147583
129218.237576,143.563248,10.876358,122.989746
129218.278879,143.525543,10.958389,122.911453
129218.320181,143.397232,10.899323,122.679214
129218.361483,143.666000,10.763855,122.959244
129218.402785,143.437332,10.668549,123.066330
129218.444087,143.481750,10.657196,122.783951
129218.485390,143.665237,10.688248,123.073883
129218.526691,143.580460,10.666046,122.964096
129218.567993,143.523590,10.611877,123.218674
129218.609295,143.601486,10.645477,122.940994
129218.650595,143.714874,10.928101,123.363892
129218.691896,143.425339,10.889023,123.356186
129218.733195,143.666077,10.979950,123.496643
129218.774494,143.657974,10.890274,123.210999
129218.815794,143.645584,10.878555,123.186005
129218.857095,143.665344,10.981323,123.120316
129218.898395,143.541473,10.702515,123.464539
129218.939697,143.618668,10.745789,122.863235
129218.981000,143.463501,10.802521,123.098328
129219.022302,143.475952,10.940948,123.119873
129219.063604,143.481857,10.918213,123.049240
129219.104904,143.521545,10.653900,123.082397
129219.146204,143.482819,10.623199,123.209518
129219.187508,143.573471,10.653046,123.193939
129219.228808,143.503830,10.871811,123.376358
129219.270111,143.470215,10.588593,123.704422
129219.311414,143.668198,10.683502,123.318848
129219.352719,143.601974,10.632965,123.644623
129219.394022,143.721313,10.668182,123.631760
129219.435323,143.596939,10.784271,123.531982
129219.476624,143.529831,10.595886,123.331619
129219.517927,143.597015,10.700668,123.263443
129219.559231,143.522903,10.638428,123.393951
129219.600533,143.413376,10.793488,123.131775
129219.641839,143.450592,10.601318,122.985550
129219.683144,143.470276,10.540588,123.560532
129219.724449,143.308746,10.456024,123.264191
129219.765753,143.513596,10.388687,123.285049
129219.807057,143.090897,10.465271,123.090302
129219.848361,143.475555,10.490280,123.078735
129219.889665,143.378311,10.339523,123.244980
129219.930967,143.466995,10.701996,123.525650
129219.972270,143.511002,10.581268,123.337570
129220.013572,143.474213,10.610657,123.367905
129220.054873,143.460678,10.610565,123.018829
129220.096172,143.527557,10.497421,123.344940
129220.137472,143.475113,10.771378,123.439301
129220.178770,143.374054,10.608414,123.159943
129220.220070,143.547134,10.530594,123.271484
129220.261371,143.366745,10.350830,123.098083
129220.302668,143.369400,10.619080,123.029480
129220.343970,143.250092,10.293457,123.166855
129220.385272,143.215515,10.740601,123.152664
129220.426573,143.245453,10.580597,123.368164
129220.467874,143.138641,10.706787,123.610550
129220.509174,143.423676,10.531296,123.382629
129220.550474,143.185547,10.671951,123.253845
129220.591774,143.288162,10.625702,123.196045
129220.633075,143.254761,10.534958,123.228592
129220.674377,143.244583,10.258377,123.238190
129220.715680,143.165314,10.474731,123.317917
129220.756981,143.392532,10.377655,123.214920
129220.798281,143.146896,10.435898,123.097473
129220.839584,143.085434,10.502548,123.149292
129220.880884,143.069336,10.348709,123.223984
129220.922186,143.118134,10.276169,123.216675
129220.963486,143.276642,10.293854,123.013321
129221.004788,143.141449,10.427094,123.428467
129221.046090,143.204559,10.156158,123.130951
129221.087394,143.259384,10.537537,123.065048
129221.128696,143.308655,10.294434,123.578232
129221.169999,143.514053,10.373398,123.153809
129221.211299,143.333282,10.452637,123.147308
129221.252598,143.470230,10.476624,122.985992
129221.293899,143.307785,10.445572,123.088531
129221.335202,143.388046,10.552307,123.175858
129221.376503,143.508194,10.474075,123.048843
129221.417804,143.454224,10.685699,123.072617
129221.459105,143.468491,10.636276,122.914551
129221.500407,143.468002,10.487778,123.058517
129221.541712,143.481354,10.283981,123.057648
129221.583016,143.549881,10.217163,122.906052
129221.624320,143.654984,10.084961,123.230667
129221.665624,143.823044,10.327347,123.262985
129221.706924,143.593353,10.322037,123.104706
129221.748224,143.516556,10.219208,123.291779
129221.789525,143.546326,10.186295,122.969666
129221.830826,143.587097,10.315201,122.887451
129221.872127,143.439163,10.586121,123.290222
129221.913427,143.486115,10.508728,123.204834
129221.954728,143.479675,10.492798,123.417664
129221.996031,143.465317,10.425308,123.366760
129222.037331,143.544785,10.514938,123.297195
129222.078630,143.260254,10.585129,122.974731
129222.119932,143.344864,10.764420,123.242676
129222.161231,143.321594,10.540543,123.270508
129222.202532,143.129044,10.662064,123.303543
129222.243836,143.419693,10.305832,123.211182
129222.285137,143.322296,10.490509,123.685013
129222.326438,143.308960,10.625839,123.155167
129222.367738,143.340057,10.421600,123.358185
129222.409039,142.963303,10.518173,123.409164
129222.450340,143.378067,10.454224,123.289886
129222.491641,143.380692,10.695908,123.645935
129222.532942,143.080078,10.570206,123.438629
129222.574242,143.281693,10.374588,123.360168
129222.615541,143.124390,10.465866,123.489243
129222.656841,143.352386,10.490311,123.111755
129222.698143,143.332474,10.330185,122.948318
129222.739447,143.098206,10.366821,123.274582
129222.780748,143.370346,10.428482,123.189896
129222.822051,143.567719,10.253387,122.883972
129222.863353,143.459900,10.389389,123.304626
129222.904653,143.393234,10.709930,123.050323
129222.945958,143.745758,10.608841,123.026413
129222.987260,143.545288,10.814102,123.206818
129223.028562,143.828094,10.587692,123.542389
129223.069864,143.902634,10.631012,123.423920
129223.111165,143.662964,10.678680,123.433578
129223.152468,143.892471,10.530655,123.518936
129223.193770,143.731308,10.624893,122.954346
129223.235074,143.867157,10.739075,123.049561
129223.276380,143.818680,10.625580,123.229309
129223.317687,143.506760,10.763916,123.268173
129223.358992,143.620193,10.742554,123.067871
129223.400297,143.708832,10.658508,123.063751
129223.441599,143.539185,10.684525,122.954636
129223.482901,143.896103,10.618683,122.948273
129223.524205,143.797348,10.571609,123.089630
129223.565507,143.843750,10.501602,123.180008
129223.606809,143.704010,10.899063,123.246429
129223.648112,143.788971,10.920959,123.532959
129223.689415,143.897568,10.802322,123.242889
129223.730719,143.818268,10.643951,123.372253
129223.772020,143.878967,10.562485,122.870941
129223.813322,143.742172,10.622498,123.086304
129223.854625,143.740829,10.827621,123.298309
129223.895924,143.586136,10.655304,123.187698
129223.937223,143.524933,10.640549,123.312546
129223.978523,143.560364,10.575760,123.196259
129224.019821,143.482376,10.605362,122.902542
129224.061123,143.540573,10.495270,122.904999
129224.102424,143.674683,10.784378,123.094360
129224.143725,143.674301,10.330551,123.105988
129224.185026,143.683212,10.580887,123.353638
129224.226325,143.637756,10.709518,123.377060
129224.267624,143.696548,10.766968,123.297409
129224.308921,143.893997,10.522659,123.107925
129224.350220,143.823059,10.777267,122.982239
129224.391521,143.579956,10.788605,123.116592
129224.432822,143.619659,10.975189,123.176620
129224.474123,143.541595,10.905273,123.166855
129224.515422,143.736481,10.803085,123.303772
129224.556722,143.524521,10.772400,122.960846
129224.598018,143.801285,10.581497,123.019272
129224.639314,143.652557,10.641525,123.138062
