131488.226492,158.862747,14.886078,119.172256
131488.267771,158.947968,15.015518,119.376526
131488.309051,159.005737,15.091812,118.930862
131488.350329,159.046936,14.821106,119.047928
131488.391605,159.005600,14.893555,119.139359
131488.432886,158.894501,15.062576,119.079651
131488.474166,158.930344,14.916183,118.933380
131488.515446,158.945419,14.809570,119.112030
131488.556724,158.859039,15.052628,119.043030
131488.598002,159.040710,14.872513,119.155579
131488.639281,159.086853,14.841431,118.943375
131488.680560,158.835297,14.834641,119.037262
131488.721840,158.938660,15.023621,119.120010
131488.763122,158.973145,14.885696,119.476410
131488.804399,159.081741,14.927963,119.280670
131488.845674,159.009827,15.071335,119.398636
131488.886953,158.927597,14.959991,119.089859
131488.928230,158.849564,15.027740,119.093872
131488.969509,158.978165,14.818130,119.128586
131489.010791,158.944656,14.917435,119.243073
131489.052072,158.982468,15.013397,119.012527
131489.093350,158.948349,14.782944,118.934875
131489.134629,158.888824,15.071823,119.040405
131489.175906,158.664734,15.089264,118.727783
131489.217184,158.837280,14.870056,118.803101
131489.258461,158.912186,14.847260,119.130096
131489.299735,158.966248,15.020279,118.944534
131489.341011,159.003067,15.025970,118.970978
131489.382286,158.836639,14.875946,118.884369
131489.423565,158.866882,14.908234,119.508331
131489.464839,159.003998,15.036209,118.827026
131489.506114,158.882492,15.147446,119.257736
131489.547389,158.837967,15.047791,119.175858
131489.588663,158.949951,15.115845,119.222336
131489.629939,159.044983,14.917923,119.149460
131489.671214,159.151901,15.084442,119.378693
131489.712490,159.039963,15.165558,119.539017
131489.753766,158.803864,15.167175,119.129974
131489.795044,159.020752,14.879669,119.162186
131489.836321,158.918884,15.022995,119.209686
131489.877597,159.026871,14.856888,118.968002
131489.918873,158.878632,14.990494,119.056885
131489.960147,158.719635,14.827652,119.378616
131490.001421,158.745453,14.953918,118.981903
131490.042695,158.910492,15.054382,119.172012
131490.083966,158.913620,15.056747,119.456329
131490.125238,158.881805,15.184113,119.007721
131490.166510,158.874924,15.033371,119.116501
131490.207783,159.005890,14.960617,119.256439
131490.249056,158.770370,14.993942,119.267990
131490.290329,158.942383,15.192047,119.014832
131490.331602,159.122452,14.891235,119.053207
131490.372877,159.055664,14.866394,118.892517
131490.414154,158.975281,14.973190,118.926895
131490.455428,158.839371,14.978775,119.310532
131490.496704,158.794037,14.949066,119.210815
131490.537979,158.564468,15.265762,119.428589
131490.579252,158.777466,15.164352,119.236816
131490.620525,158.793198,15.020203,119.129288
131490.661801,158.615494,15.349869,119.386566
131490.703075,158.778000,15.004364,119.317352
131490.744351,158.830627,15.117065,119.226746
131490.785626,158.693161,15.222031,119.035690
131490.826901,158.645279,15.054337,119.131989
131490.868177,158.903458,15.164017,118.927475
131490.909451,158.790695,15.164001,119.167755
131490.950725,158.927643,15.131653,119.226212
131490.991998,158.777466,15.226578,118.896225
131491.033275,158.823944,14.982147,118.954300
131491.074551,158.935684,14.946030,119.047821
131491.115824,158.993484,14.807129,119.266724
131491.157097,158.965561,14.943298,118.747162
131491.198372,159.013611,15.042664,119.007919
131491.239645,158.758713,14.893890,118.867996
131491.280919,158.822174,14.993362,119.043243
131491.322195,159.028732,15.114426,119.175797
131491.363471,158.848282,15.259857,119.293732
131491.404749,158.975479,15.189514,119.220566
131491.446028,158.889145,15.302490,119.297073
131491.487302,159.159317,15.036301,119.047974
131491.528579,159.205719,14.901886,119.219925
131491.569858,159.230927,14.996857,119.112701
131491.611136,159.228745,14.821777,118.888824
131491.652416,159.285660,15.033875,118.738663
131491.693693,159.439072,14.901993,119.022812
131491.734971,159.310974,14.889450,118.862732
131491.776251,159.099686,14.995255,118.783096
131491.817527,159.009933,15.075882,118.576065
131491.858805,159.184219,14.777725,118.890091
131491.900083,159.113159,14.984085,118.906723
131491.941361,159.014969,15.074051,118.913956
131491.982638,158.927292,14.999817,119.031601
131492.023914,159.193573,15.002808,119.251160
131492.065191,159.073090,14.962631,119.357437
131492.106466,158.932449,14.965103,119.254349
131492.147739,158.879715,15.038315,119.221237
131492.189015,159.435699,14.974808,118.784500
131492.230290,159.208435,14.890991,119.008560
131492.271567,159.188202,14.909164,118.898346
131492.312845,159.011993,15.159058,118.972000
131492.354122,158.994980,15.125366,118.682388
131492.395397,158.950531,14.950760,118.672180
131492.436673,158.905945,15.063599,118.866714
131492.477949,159.054413,15.009094,118.601456
131492.519224,158.944168,14.993683,119.046661
131492.560501,158.908127,15.159439,118.942291
131492.601774,158.795242,15.207870,119.008270
131492.643048,158.755951,15.139877,119.022430
131492.684324,158.895767,15.081451,118.725281
131492.725602,159.116302,15.149323,118.759216
131492.766877,158.776047,15.168167,119.123047
131492.808149,158.890839,15.075638,119.078705
131492.849422,159.052628,15.020126,118.812134
131492.890696,159.110764,14.926712,118.949219
131492.931970,159.088928,15.026718,118.615372
131492.973244,158.937454,15.007858,118.637360
131493.014515,159.074188,14.869217,118.714691
131493.055787,159.021805,14.843521,118.656647
131493.097058,159.189560,14.813461,119.082352
131493.138334,159.061340,14.925491,118.970032
131493.179609,159.116074,14.909149,118.959457
131493.220882,158.836380,14.864899,118.883667
131493.262155,159.131866,14.860870,118.902420
131493.303425,159.278809,14.921967,119.157928
131493.344696,159.077148,14.928757,119.020386
131493.385967,159.156296,14.699539,119.254501
131493.427237,159.076080,14.940948,119.177368
131493.468512,159.161560,14.946686,118.738373
131493.509787,159.055267,15.017548,118.751236
131493.551061,158.925232,14.867172,119.020844
131493.592336,158.847565,14.815186,118.566040
131493.633609,158.993622,14.824493,118.787704
131493.674886,159.051239,15.092224,118.942474
131493.716162,159.057404,14.995026,118.764587
131493.757435,158.964020,14.869537,119.138779
131493.798711,158.899918,14.816986,119.096191
131493.839984,158.977097,14.953232,119.302277
131493.881259,158.946747,15.139511,119.101791
131493.922532,159.037277,15.180634,119.170547
131493.963807,159.134872,14.974503,119.183975
131494.005083,159.070847,14.917068,119.449661
131494.046355,158.898849,14.971283,118.756134
131494.087627,159.300110,14.936279,118.727844
131494.128901,159.054108,15.047089,118.874451
131494.170175,159.024689,15.159164,119.004364
131494.211449,159.099640,14.919556,119.066467
131494.252723,159.204224,15.004501,119.100327
131494.293997,159.102615,14.946579,119.480545
131494.335268,159.045395,15.151291,119.166397
131494.376543,158.979294,15.098007,119.338058
131494.417816,158.915741,15.097809,119.319733
131494.459091,158.913956,14.987976,119.211288
131494.500366,159.163635,14.954681,119.509369
131494.541638,158.933838,15.167603,119.243881
131494.582910,159.010300,14.865158,119.116028
131494.624185,159.005051,15.039062,119.460449
131494.665457,158.774963,15.010025,119.028839
131494.706730,158.812408,15.074417,119.167953
131494.748004,159.149231,15.026306,119.081238
131494.789277,159.138351,14.757431,118.971817
131494.830551,158.865875,14.964249,119.182724
131494.871824,158.980972,14.983429,119.331284
131494.913100,158.887619,15.137787,118.931808
131494.954372,158.904327,14.900665,119.063507
131494.995644,158.714066,14.887436,119.077423
131495.036912,158.842316,14.917831,119.158020
131495.078183,158.777695,15.029175,119.047485
131495.119455,158.753799,15.159790,119.061859
131495.160725,158.922836,15.229706,119.006775
131495.201996,159.111801,15.130432,119.152267
131495.243267,158.908783,15.314026,119.193985
131495.284538,158.922501,15.224915,118.873032
131495.325811,158.972717,15.438477,119.059830
131495.367086,158.786789,15.309998,118.877396
131495.408360,158.828415,15.445938,118.702316
131495.449634,158.937576,15.218613,119.218582
131495.490911,158.659866,15.208344,119.068222
131495.532187,158.743301,15.378967,118.791290
131495.573462,158.864410,15.355408,119.006180
131495.614739,158.572586,15.363388,119.009644
131495.656016,158.714737,15.300613,119.209076
131495.697294,158.800262,15.231979,119.336151
131495.738573,158.569641,15.436493,119.050827
131495.779847,158.820465,15.430679,119.093185
131495.821120,158.815430,15.228882,119.422699
131495.862394,158.957199,15.182266,119.171875
131495.903671,158.930161,15.100037,119.252533
131495.944949,158.926010,14.960678,119.156174
131495.986231,158.846466,15.165344,118.862701
131496.027508,158.925125,15.296005,118.822708
131496.068786,158.948242,15.129120,119.252319
131496.110063,158.847351,15.370483,119.270050
131496.151339,158.788574,15.152557,118.987518
131496.192619,158.964188,15.219055,118.724152
131496.233898,158.886749,15.097992,118.641617
131496.275179,159.039932,15.111893,118.924927
131496.316458,158.803955,15.043686,119.353165
131496.357739,158.760559,15.172974,118.916489
131496.399020,158.875504,15.118011,118.782669
131496.440301,158.904251,15.310196,119.228226
131496.481581,159.100143,14.934875,118.957764
131496.522860,158.982269,14.961304,118.980927
131496.564138,158.876160,15.246597,118.794159
131496.605416,159.010513,14.992889,118.887207
131496.646692,159.046783,14.761063,119.083466
131496.687969,159.081100,14.675476,118.613968
131496.729245,159.103851,14.697556,118.696777
131496.770522,158.894821,15.072510,119.164261
131496.811797,158.937317,15.023422,119.013290
131496.853076,158.985977,15.000046,119.016479
131496.894353,158.948273,15.155121,119.170670
131496.935626,158.724808,14.988525,119.253448
131496.976902,158.711166,15.135468,118.874222
131497.018179,158.823471,15.157516,119.167709
131497.059455,158.622940,15.267227,118.982864
131497.100732,158.678528,15.097717,119.024628
131497.142010,158.903534,15.147629,119.071075
131497.183287,158.799164,14.952133,119.121811
131497.224567,158.879730,15.050507,118.903412
131497.265846,158.740295,15.187805,119.053238
131497.307126,158.957001,14.997772,119.329208
131497.348403,158.857849,15.102554,119.090469
131497.389684,158.860107,14.911255,119.259262
131497.430962,158.587402,15.036041,119.109482
131497.472239,158.804718,14.916672,118.788605
131497.513516,158.619415,15.134735,119.252396
131497.554795,158.582901,14.994965,119.264740
131497.596073,158.740219,15.002090,119.261078
131497.637351,158.757843,15.201538,119.319794
131497.678629,158.755585,15.108902,119.025696
131497.719907,158.709427,15.388428,118.875153
131497.761186,158.848068,15.371277,119.471878
131497.802462,158.789383,15.160187,119.278885
131497.843737,158.886475,15.146591,118.646454
131497.885015,158.865509,15.134811,119.027771
131497.926293,158.872467,15.135391,119.305054
131497.967570,158.786636,15.024002,119.062424
131498.008847,158.901413,15.043503,119.163239
131498.050126,158.686539,14.975784,119.333206
131498.091403,158.827316,15.146759,119.165955
131498.132682,158.618713,15.104340,119.058090
131498.173957,158.964584,15.158737,118.885178
131498.215232,158.785461,14.853653,119.240860
131498.256508,158.792892,15.108047,118.886932
131498.297783,158.758545,15.123077,119.275894
131498.339061,159.016220,14.823380,119.039246
131498.380335,158.794235,15.156479,119.274261
131498.421608,158.734665,15.206818,119.136475
131498.462882,158.742065,15.192856,118.883926
131498.504157,159.049332,14.954926,118.869354
131498.545432,158.962189,15.064026,119.179901
131498.586706,158.849045,14.904434,119.116135
131498.627981,158.959091,14.794235,119.033310
131498.669259,158.903259,14.802582,119.129196
131498.710536,158.856155,14.853470,118.854843
131498.751811,158.846832,14.856354,119.518555
131498.793089,158.778625,15.010513,119.118317
131498.834368,158.820038,14.993042,119.357880
131498.875646,158.985550,15.281906,118.959900
131498.916924,158.842926,14.995880,119.063065
131498.958203,158.773636,15.133469,119.099823
131498.999482,158.959427,15.000153,118.980545
131499.040760,158.974808,14.921783,119.154999
131499.082039,159.137024,15.010971,118.995300
131499.123317,158.999802,14.993011,118.824234
131499.164595,158.812134,14.865860,118.884583
131499.205874,158.976135,14.880661,118.905869
131499.247153,158.937302,14.882355,118.741165
131499.288432,159.063156,14.588440,118.907455
131499.329708,159.091202,14.832443,118.793411
131499.370986,158.935959,14.740356,118.744690
131499.412262,158.910538,14.953140,118.958832
131499.453537,159.001587,14.922867,118.914810
131499.494815,159.041504,15.028610,119.253448
131499.536094,158.917358,15.303497,119.190292
131499.577372,159.048187,15.083160,119.031448
131499.618649,158.950684,15.171112,118.932327
131499.659925,159.019333,15.192169,119.186218
131499.701201,158.854630,15.039963,118.929871
131499.742476,159.095535,15.029846,118.741745
131499.783752,159.091232,14.992905,119.011490
131499.825030,159.057510,14.846008,119.009491
131499.866307,159.012482,14.771713,118.763412
131499.907586,159.092422,14.852371,118.712952
131499.948862,158.913971,14.880096,118.603470
131499.990142,159.025879,15.083832,118.758209
131500.031422,158.896179,14.944824,119.064987
131500.072703,159.099274,15.024994,119.011765
131500.113982,159.192276,14.867172,119.041336
131500.155260,158.939499,14.869324,118.916306
131500.196539,158.993469,15.059280,118.733856
131500.237820,159.019531,14.994843,118.990723
131500.279099,158.993988,15.070694,119.014420
131500.320379,159.076279,14.980148,119.136124
131500.361658,159.086441,15.173355,118.903122
131500.402936,159.061737,15.117630,118.925201
131500.444216,158.973480,15.134598,118.878479
131500.485493,159.115219,14.854202,119.056488
131500.526770,159.013916,14.911621,119.203644
131500.568047,158.821014,15.224167,119.075470
131500.609324,159.162933,14.868668,119.084656
131500.650601,158.958603,14.818176,119.093399
131500.691880,159.021286,14.819138,119.326035
131500.733159,159.000854,14.806442,119.410248
131500.774437,158.718185,15.093048,119.487778
131500.815717,158.979401,14.904144,119.414658
131500.856994,158.935410,15.162140,119.121017
131500.898272,158.992340,15.055313,119.388855
131500.939550,158.814285,15.268082,119.362961
131500.980828,158.954468,15.179443,119.134140
131501.022106,158.849380,15.091949,119.216309
131501.063384,158.842636,15.053864,119.414627
131501.104661,159.010864,14.875443,119.436523
131501.145937,159.042709,14.883865,119.239258
131501.187215,158.902344,15.140137,119.357574
131501.228493,158.935043,15.205536,119.555237
131501.269770,158.991043,15.021225,119.329346
131501.311050,158.806427,15.192749,119.398300
131501.352326,158.790649,14.979965,119.504242
131501.393603,158.769623,15.095474,118.959503
131501.434882,158.842163,14.883286,119.042542
131501.476159,158.759491,14.985199,119.053268
131501.517434,158.994720,14.954193,118.928558
131501.558713,158.907791,14.956345,119.177841
131501.599989,158.893860,15.149475,119.364517
131501.641264,158.960571,15.260956,118.962769
131501.682541,158.754868,15.109909,118.931076
131501.723821,158.951309,15.048813,119.217072
131501.765096,158.812210,14.960754,119.131058
131501.806373,159.039642,14.856201,118.943283
131501.847650,158.901855,14.913452,118.868942
131501.888928,158.984650,14.978500,118.959702
131501.930209,158.901917,15.024445,119.316772
131501.971488,158.819031,14.878265,119.477402
131502.012770,158.988403,14.940445,119.195572
131502.054051,158.992966,14.903595,119.586777
131502.095330,158.838684,14.947449,119.115280
131502.136606,159.039246,14.761353,119.405396
131502.177882,158.745667,15.138931,119.277298
131502.219159,159.005814,14.885910,119.250870
131502.260437,158.872574,15.160889,119.259384
131502.301716,158.798264,15.198563,119.179810
131502.342994,158.822510,15.063293,119.326050
131502.384271,158.789001,14.986389,119.155060
131502.425548,158.796677,14.842834,119.044785
131502.466824,158.820541,15.013687,119.517380
131502.508101,158.829453,14.985153,119.480225
131502.549378,158.966400,14.868164,119.192963
131502.590655,158.903290,14.768280,118.980637
131502.631933,158.769974,14.887650,119.431870
131502.673209,158.644211,15.115784,119.255417
131502.714485,158.804581,15.117081,119.292679
131502.755762,158.791962,14.981659,118.970291
131502.797039,159.047974,15.069077,118.945694
131502.838316,158.899628,14.953140,118.849304
131502.879592,158.891602,15.299576,118.816498
131502.920869,158.970459,15.136612,118.567902
131502.962147,158.781036,15.310776,118.542679
131503.003425,158.824570,14.975433,118.702225
131503.044701,158.663483,15.015366,118.808624
131503.085975,158.739075,15.097961,119.285187
131503.127250,158.834488,15.217941,119.018463
131503.168526,158.741104,15.229218,118.890060
131503.209800,158.805008,14.866043,118.909698
131503.251077,158.593399,15.143539,119.124359
131503.292353,158.747864,15.156754,119.120132
131503.333628,158.661636,15.141968,118.985275
131503.374907,158.653076,15.169357,119.066223
131503.416185,158.887390,15.002060,119.240402
131503.457461,158.805481,14.813095,118.914169
131503.498734,158.932983,15.158737,118.921936
131503.540008,158.887421,14.923416,119.042404
131503.581286,158.854691,15.017715,118.685501
131503.622564,158.900894,14.739212,118.985779
131503.663843,158.674347,15.013809,119.183121
131503.705122,158.734985,14.815613,118.755310
131503.746400,158.899796,14.974594,119.172256
131503.787678,158.666092,14.809570,119.040695
131503.828955,158.868118,14.920502,118.923462
131503.870233,158.819687,15.003586,119.100510
131503.911513,158.867462,15.040131,118.721237
131503.952791,159.134567,15.168488,118.857956
131503.994069,158.951309,14.977325,118.703094
131504.035348,159.023865,15.160507,118.932114
131504.076625,158.586975,15.014008,118.818359
131504.117901,158.992691,15.068268,118.601395
131504.159179,159.082672,14.947495,118.681000
131504.200457,159.114883,14.765594,118.711960
131504.241735,158.838684,15.121826,118.600861
131504.283010,158.821960,15.074432,118.465347
131504.324288,158.839172,14.937820,118.743561
131504.365566,158.939178,15.080704,118.684158
131504.406843,158.828888,15.032089,118.802826
131504.448118,158.582520,15.119324,119.099777
131504.489394,158.765915,14.989655,119.015106
131504.530670,158.954300,15.012131,119.033417
131504.571945,158.884125,15.096115,119.135406
131504.613220,158.890137,15.100433,118.842957
131504.654495,158.923035,15.139297,118.905548
131504.695771,158.804169,15.176514,118.951889
131504.737047,158.786301,15.167572,118.734451
131504.778323,158.707870,15.320404,118.667770
131504.819600,158.813263,15.220795,118.677567
131504.860876,158.774475,15.153046,118.610321
131504.902150,158.917038,14.982330,118.821899
131504.943423,158.828949,15.043304,118.826035
131504.984698,158.547729,14.806763,118.634537
131505.025975,158.803314,15.035568,118.699265
131505.067251,158.649231,15.136169,118.920807
131505.108529,158.900543,14.788315,118.803223
131505.149806,158.846527,14.782822,118.824600
131505.191085,158.704437,14.972565,118.662277
131505.232363,158.855911,15.100510,118.775375
131505.273639,159.017883,14.868561,118.799225
131505.314918,158.772217,15.136490,119.147263
131505.356198,159.137909,14.939758,118.796341
131505.397478,159.104767,15.164185,118.871246
131505.438756,159.167557,14.922241,118.463226
131505.480036,158.996262,14.822006,118.660492
131505.521317,159.049484,14.690155,118.486679
131505.562596,159.020416,15.165024,118.547867
131505.603873,159.211136,14.793579,118.702057
131505.645150,159.300781,14.894958,118.580124
131505.686432,159.056000,14.812775,118.872192
131505.727711,159.024826,14.799942,118.693222
131505.768991,158.812103,15.033646,118.903839
131505.810270,159.018768,14.854034,118.764542
131505.851553,159.199097,15.054871,118.778809
131505.892832,158.805557,15.051208,118.709229
131505.934111,158.954346,15.123367,118.789825
131505.975390,158.925125,14.983536,118.590363
131506.016667,159.090439,14.978409,118.638474
131506.057948,158.930664,14.887192,118.541077
131506.099229,159.000244,14.947418,118.900528
131506.140508,158.887299,15.119888,118.579773
131506.181786,158.939148,15.310471,118.615936
131506.223063,158.827255,15.031616,118.727737
131506.264344,158.883698,15.439819,119.021194
131506.305627,159.057419,14.908249,118.806320
131506.346909,158.780228,15.220688,119.319870
131506.388191,159.054306,14.908585,118.810455
131506.429473,159.098953,15.033417,118.690811
131506.470753,159.093048,14.750061,118.853851
131506.512032,159.036285,15.147461,118.703629
131506.553312,158.902771,15.072693,119.182220
131506.594591,159.004028,14.793686,118.803772
131506.635873,159.099213,14.979324,118.898254
131506.677152,159.081161,14.749619,118.634109
131506.718432,159.148788,14.856049,118.816147
131506.759712,158.805801,14.829407,118.821198
131506.800993,158.966736,14.823257,118.682251
131506.842274,158.919434,14.764755,118.839844
131506.883552,158.766785,14.779327,118.700211
131506.924830,158.849869,14.747025,118.678421
131506.966109,158.793411,14.859283,118.517014
131507.007388,158.949829,14.981262,118.761261
131507.048667,158.847488,14.965347,119.161560
131507.089947,158.986069,14.865723,118.721313
131507.131225,158.805038,15.124756,118.820892
131507.172502,158.805542,15.132004,118.807877
131507.213783,158.737778,15.174988,118.625595
131507.255064,158.905533,15.088058,118.653290
131507.296345,158.760925,15.223663,118.777191
131507.337627,159.008530,14.900543,118.526825
131507.378909,158.978394,15.002853,118.541977
131507.420191,158.802551,14.830734,118.516006
131507.461470,158.586136,15.218109,118.902603
131507.502750,158.973541,14.968292,118.502930
131507.544027,158.837082,15.010422,118.704620
131507.585303,158.935287,14.996597,118.699631
131507.626579,158.956299,14.850845,119.125671
131507.667857,159.065781,14.905685,118.916855
131507.709135,158.999237,15.056503,118.938324
131507.750413,158.973328,14.978592,118.733582
131507.791693,159.036423,14.955566,118.732651
131507.832971,158.795319,15.071075,118.680710
131507.874246,158.900284,15.040924,118.691559
131507.915524,158.899155,14.920349,118.697800
131507.956804,158.996490,14.762909,118.840378
131507.998082,158.720139,15.090210,119.154343
131508.039361,159.045425,14.771973,119.012268
131508.080640,158.903107,14.902054,118.935791
131508.121918,158.868454,15.138763,118.594757
131508.163194,158.757690,15.085632,118.902679
131508.204471,158.781616,14.971558,118.833511
131508.245750,158.578674,15.145584,118.968628
131508.287029,159.007217,15.142654,118.797272
131508.328304,158.859253,15.136078,118.919144
131508.369580,158.936035,15.189590,119.033279
131508.410856,158.929474,15.067108,119.111130
131508.452133,158.983124,15.197723,118.890533
131508.493409,159.036346,15.203629,118.898453
131508.534683,158.855743,15.274277,118.801392
131508.575958,158.918533,15.264267,118.907669
131508.617234,158.698151,15.116333,119.119263
131508.658510,158.771118,15.219940,118.694443
131508.699789,158.943222,15.027893,118.758957
131508.741066,158.847839,15.172852,118.553299
131508.782343,158.785843,15.279953,119.012146
131508.823621,158.844086,14.995377,119.326050
131508.864902,158.534409,15.565369,119.200409
131508.906179,158.888016,15.338058,119.218506
131508.947455,158.751892,15.386917,119.045105
131508.988730,158.838608,15.308823,119.229538
131509.030007,158.621155,15.430878,118.984406
131509.071284,158.927124,15.223999,118.747238
131509.112564,159.046341,15.126175,118.686951
131509.153839,158.881546,15.357635,118.537872
131509.195115,158.916733,15.172546,118.420837
131509.236389,158.881607,15.315216,118.397766
131509.277666,158.805084,15.087097,118.769608
131509.318944,158.880264,15.164719,118.806458
131509.360220,158.592072,15.120667,118.801834
131509.401499,158.809143,15.104904,118.317764
131509.442777,158.829590,14.878754,118.863678
131509.484055,158.775467,14.972824,118.704803
131509.525333,158.755264,15.230240,118.970688
131509.566610,158.918930,15.054459,118.874451
131509.607889,158.704865,15.250549,119.233765
131509.649167,158.625870,15.202042,119.293762
131509.690447,158.721710,15.181366,118.845734
131509.731726,158.690552,15.141006,118.899017
131509.773006,158.890854,15.326630,119.056076
131509.814288,158.845551,15.140778,118.540131
131509.855567,158.849258,15.125244,118.785965
131509.896845,158.848099,15.167725,118.765579
131509.938122,158.626419,15.041260,119.316589
131509.979399,158.769073,15.263977,119.230637
131510.020676,158.789261,15.257858,119.073608
131510.061954,158.782715,14.938553,119.157196
131510.103234,158.798035,15.138321,119.101273
131510.144510,158.616623,14.910660,118.951813
131510.185788,158.656708,15.427063,119.224319
131510.227067,158.952591,15.119308,118.924896
131510.268348,158.768875,15.213150,119.222260
131510.309630,158.906174,15.066330,118.839386
131510.350909,158.787567,15.078415,119.079208
131510.392188,159.014465,15.173187,118.833908
131510.433469,158.936050,15.113998,118.892792
131510.474745,159.020187,14.899445,119.038620
131510.516021,158.911713,15.126129,118.859375
131510.557302,158.840271,14.964218,118.900909
131510.598581,158.692459,15.190842,119.200027
131510.639861,158.961258,14.881485,118.940613
131510.681139,158.907364,14.748886,118.856613
131510.722420,158.704102,14.999527,118.829224
131510.763700,158.728745,15.192154,118.857361
131510.804982,158.581085,15.234116,119.032181
131510.846263,158.980698,15.238129,119.075363
131510.887543,158.812393,14.963898,119.071136
131510.928823,158.722366,15.232849,118.976700
131510.970098,158.876694,15.141708,119.179565
131511.011378,158.816147,15.010849,119.096085
131511.052658,158.854797,15.007446,118.555435
131511.093937,158.910477,14.889618,118.606674
131511.135216,158.825470,14.959824,119.035233
131511.176497,158.899979,15.082214,118.836365
131511.217777,158.824387,15.254593,118.923492
131511.259054,158.710938,15.032486,118.933563
131511.300333,158.585327,15.228394,119.018784
131511.341612,158.710464,15.238068,118.705566
131511.382894,158.814468,15.117920,119.078064
131511.424176,158.815277,15.247757,118.536789
131511.465453,159.011536,15.102386,118.654831
131511.506729,158.959976,15.178268,119.086502
131511.548006,158.879791,15.335953,119.216599
131511.589283,158.965576,15.180099,118.838791
131511.630558,159.099503,15.013885,119.090027
131511.671834,158.812408,15.125427,118.837631
131511.713113,159.047302,14.995667,119.000412
131511.754392,158.944443,15.022781,119.009293
131511.795668,158.819656,15.014465,119.196228
131511.836942,158.902817,15.035629,119.026657
131511.878218,158.752655,15.203934,119.111877
131511.919495,158.757492,15.279755,119.037766
131511.960772,158.600998,14.932755,119.318451
131512.002046,158.539017,15.036133,119.370514
131512.043321,158.701782,15.261200,119.388306
131512.084596,158.677399,15.153214,119.210114
131512.125869,158.616028,15.101288,119.336563
131512.167143,158.742905,15.027512,119.084854
131512.208418,158.544662,15.243286,119.346451
131512.249695,158.768112,15.417160,118.798553
131512.290973,158.753113,15.213104,119.026047
131512.332251,158.715637,15.246277,119.025345
131512.373528,158.793106,15.001114,119.094055
131512.414803,159.029984,15.007446,119.137985
131512.456079,158.825668,14.968048,118.923752
131512.497355,158.812073,15.086090,118.989273
131512.538632,158.756195,15.137787,119.218353
131512.579912,158.667282,14.972183,119.160645
131512.621189,158.953781,14.947372,119.176422
131512.662468,158.872009,15.109894,119.052170
131512.703746,158.952255,15.209259,118.873123
131512.745024,158.973053,15.091995,119.067383
131512.786302,159.051895,15.125198,118.629623
131512.827579,158.777878,14.983322,119.036316
131512.868856,158.907623,15.083099,118.855972
131512.910132,158.932663,14.998749,119.223923
131512.951409,159.096191,15.132523,118.858749
131512.992687,159.074020,14.942230,118.794739
131513.033964,159.055115,14.761124,118.933701
131513.075242,159.120819,14.994675,119.000122
131513.116518,158.992462,14.973068,118.901108
131513.157796,159.036606,14.944702,118.831039
131513.199073,158.918213,14.983002,119.149445
131513.240355,159.055161,14.825439,119.217865
131513.281634,158.956268,15.007629,119.114517
131513.322914,159.000610,15.095932,119.214279
131513.364193,158.988083,14.965027,118.893143
131513.405474,158.841202,15.121719,119.051178
131513.446755,159.091690,15.015289,119.098511
131513.488030,159.040329,15.090942,118.841187
131513.529305,159.000259,15.148041,118.723236
131513.570582,158.895660,15.144012,118.742447
131513.611860,158.947388,15.054825,118.936234
131513.653137,158.705551,15.226761,118.795135
131513.694414,158.844650,15.146072,119.216354
131513.735691,158.845306,14.907623,119.284027
131513.776968,158.949432,15.118378,118.801910
131513.818246,158.950439,14.858353,119.181107
131513.859525,158.857513,14.944885,118.914322
131513.900803,159.063705,14.802170,118.839111
131513.942083,159.161896,15.088257,118.915115
131513.983362,159.102066,15.160919,118.988968
131514.024639,158.999435,15.102310,118.733353
131514.065916,159.167847,15.057190,119.148575
131514.107194,159.212463,15.040955,119.116043
131514.148470,159.172440,15.178131,118.856125
131514.189747,159.560684,15.053055,118.797180
131514.231025,159.331924,14.964722,118.671234
131514.272301,159.237915,14.841675,118.710449
131514.313579,159.042236,14.866455,118.917267
131514.354858,159.113998,14.922791,119.014282
131514.396136,159.202774,14.830963,118.907700
131514.437414,159.051468,14.991241,118.926437
131514.478692,159.065613,15.003113,118.731735
131514.519970,159.159607,14.824829,119.095078
131514.561248,159.087418,14.848999,118.874771
131514.602525,159.206818,14.994263,118.834625
131514.643805,158.921967,15.172699,119.198242
131514.685085,158.805893,15.186417,118.917450
131514.726364,159.012314,15.213791,118.969772
131514.767643,159.117218,15.150131,118.941437
131514.808921,159.073410,14.987228,118.928055
131514.850202,159.001144,15.183197,118.901199
131514.891482,159.195496,14.876770,118.908722
131514.932762,159.068176,14.972397,118.990189
131514.974044,158.907730,15.143616,119.010269
131515.015327,158.981827,15.276291,118.988586
131515.056605,159.041489,15.044922,119.061584
131515.097886,158.979584,15.000488,118.879929
131515.139165,159.043320,15.031281,119.181030
131515.180446,159.066528,14.985855,119.172867
131515.221726,159.022568,15.232620,118.812607
131515.263005,159.145096,15.165070,119.012802
131515.304285,159.103729,15.098709,119.100632
131515.345564,158.932159,15.158096,119.137161
131515.386841,159.190872,15.048798,118.833008
131515.428119,159.178696,14.857010,118.970413
131515.469396,159.107132,14.974396,118.977859
131515.510677,159.042038,14.984558,119.358002
131515.551954,159.018387,14.967697,119.357544
131515.593231,159.020172,14.964813,119.595444
131515.634506,159.120514,15.112900,119.270126
131515.675780,159.137115,15.183350,119.007767
131515.717055,158.856171,15.299881,119.448990
131515.758332,158.999954,15.319366,119.284454
131515.799609,158.886093,15.308777,119.268631
131515.840885,158.963898,15.126678,119.491882
131515.882161,159.037399,15.209671,119.538864
131515.923436,158.966919,15.216675,119.032486
131515.964711,158.996613,15.089005,119.145325
131516.005988,159.094421,15.119888,119.382721
131516.047266,159.125778,15.120071,118.847641
131516.088539,159.199066,15.088287,119.255600
131516.129813,159.007950,15.170425,118.918442
131516.171089,159.047348,15.236237,119.006195
131516.212364,158.965530,15.208115,118.720703
131516.253636,159.056946,15.083054,119.094208
131516.294910,159.172668,15.099579,118.952438
131516.336187,159.199463,14.900238,119.153458
131516.377465,158.912094,15.005478,119.110306
131516.418742,159.054352,14.956177,119.076965
131516.460017,158.934143,15.078156,118.912720
131516.501289,159.066208,14.986908,119.192871
131516.542565,159.051971,15.116852,119.070602
131516.583840,159.004974,15.279648,118.902756
131516.625114,159.050339,14.917465,118.849548
131516.666387,159.001099,15.156937,118.920670
131516.707661,159.168991,14.982681,118.724747
131516.748934,158.932907,15.099258,118.693329
131516.790205,159.093948,14.951569,118.825287
131516.831476,159.026443,14.787628,119.040741
131516.872749,159.039978,15.059219,118.741959
131516.914026,159.260681,14.882294,119.031403
131516.955301,159.160294,14.741943,118.963181
131516.996575,159.036926,14.906677,118.989136
131517.037850,159.020172,14.957977,118.898254
131517.079123,159.165863,14.831665,118.917847
131517.120397,159.016495,14.748856,119.082932
131517.161673,159.099091,15.025833,119.027878
131517.202947,159.012039,14.757736,118.745987
131517.244220,159.029556,14.877487,119.046722
131517.285495,158.981186,14.822067,118.817749
131517.326769,159.126083,14.989609,118.712921
131517.368044,159.055710,14.849426,118.735535
131517.409317,158.927872,14.866928,118.746841
131517.450590,158.666107,14.926895,119.135208
131517.491865,158.791397,14.832642,118.924515
131517.533141,159.006744,14.752457,119.057175
131517.574415,159.097076,14.814941,118.839035
131517.615693,158.911240,14.834412,119.006821
131517.656969,158.968719,14.823242,119.045654
131517.698245,158.939438,14.793594,118.983368
131517.739519,159.000931,14.720169,118.837021
131517.780795,159.000092,14.785263,118.929489
131517.822069,158.909042,14.770081,118.986465
131517.863345,159.093628,14.675751,118.919876
131517.904621,159.181610,14.624771,118.895187
131517.945897,159.023544,14.898636,118.971069
131517.987173,158.808884,14.863586,118.708496
131518.028449,159.040878,14.877518,118.705444
131518.069725,158.908295,14.841980,118.848511
131518.111003,158.839539,14.842484,119.117325
131518.152279,158.777481,14.954834,118.946838
131518.193557,158.642258,14.905716,118.961548
131518.234832,158.961639,14.850784,119.132004
131518.276110,158.888733,14.828018,118.980240
131518.317389,158.852493,15.265579,119.129456
131518.358669,158.780746,15.079559,118.944305
131518.399946,158.767563,15.071411,118.786667
131518.441224,158.897171,14.915573,119.403351
131518.482501,158.774628,15.064148,118.937988
131518.523777,158.797348,15.020004,119.042496
131518.565054,158.890778,14.951248,118.406372
131518.606329,159.121414,14.784546,118.593933
131518.647605,159.010986,14.691376,118.865631
131518.688882,158.737640,14.752228,118.800995
131518.730159,158.975037,14.745270,118.808624
131518.771437,159.040100,14.826477,118.914062
131518.812712,158.924805,14.994949,118.415955
131518.853989,158.910156,15.024643,118.900146
131518.895265,158.870850,14.943695,118.939743
131518.936540,158.694626,14.970001,118.913849
131518.977817,158.920166,14.827454,118.993210
131519.019093,158.846024,14.820496,118.849045
131519.060369,158.885040,14.957458,118.769470
131519.101644,158.659180,14.953445,118.625122
131519.142920,158.723618,15.083359,118.760132
131519.184194,158.908295,14.978394,118.604156
131519.225471,158.868393,15.052124,118.858734
131519.266747,158.869232,15.107498,118.735138
131519.308023,158.853088,14.899536,118.705811
131519.349301,158.850418,14.959152,118.557800
131519.390580,158.768265,14.955124,118.759460
131519.431857,158.767120,15.085388,118.657883
131519.473134,158.732468,14.811523,118.223068
131519.514409,158.710861,14.723724,118.889145
131519.555685,158.861984,15.006546,119.001694
131519.596962,159.011169,14.873917,118.823853
131519.638238,158.849899,15.016159,118.582474
131519.679515,158.853638,14.949814,118.904572
131519.720793,159.084259,14.752502,118.980148
131519.762071,158.888290,14.889359,118.790573
131519.803350,159.043076,14.824463,118.661133
131519.844628,159.099411,14.782089,118.853210
131519.885902,159.109833,14.688766,118.821503
131519.927179,159.003677,14.734650,118.970596
131519.968457,158.988922,14.823807,118.683945
131520.009738,158.884430,14.872269,119.014404
131520.051011,158.973694,14.962357,118.497345
131520.092287,158.982956,14.668716,118.774918
131520.133561,158.895020,15.100281,118.990585
131520.174837,159.069656,14.903946,118.931427
131520.216112,159.044846,15.005341,118.438675
131520.257389,158.936462,14.999313,118.740021
131520.298665,158.945663,15.014709,118.735489
131520.339938,159.068390,14.864639,118.509750
131520.381214,159.030197,14.982834,118.431213
131520.422491,159.063690,14.825409,118.652573
131520.463769,159.082474,14.725632,118.522003
131520.505046,158.819931,14.775085,118.526474
131520.546323,158.894730,14.941116,118.587921
131520.587602,158.783508,14.980728,118.610764
131520.628878,158.905869,14.759445,118.436157
131520.670153,158.473328,15.045090,118.340012
131520.711426,158.610428,15.072937,118.789490
131520.752700,158.834549,14.980850,118.625793
131520.793974,158.827362,15.055618,118.769180
131520.835249,158.846024,14.955032,118.529083
131520.876522,158.624527,15.099426,118.529968
131520.917795,158.971161,14.856781,118.314423
131520.959069,158.857727,14.771423,118.781830
131521.000345,159.132782,14.883987,118.623749
131521.041619,158.912109,14.904388,118.623215
131521.082893,158.939117,14.818405,118.601837
131521.124168,159.110336,14.858582,118.576385
131521.165443,159.217361,14.765976,118.512268
131521.206723,159.348007,14.613098,118.266830
131521.248001,159.090927,14.927277,118.624588
131521.289278,159.145752,14.855042,118.836166
131521.330555,159.033783,14.931931,118.841797
131521.371832,159.022003,14.785126,118.762573
131521.413112,159.009613,14.626358,118.831512
131521.454388,158.968811,14.967468,118.656906
131521.495664,159.117325,14.906082,118.708740
131521.536941,159.178604,14.844101,118.792450
131521.578217,159.207428,14.728073,118.672287
131521.619495,158.888992,14.980637,118.711411
131521.660772,159.241913,14.733856,118.219437
131521.702049,159.270767,14.691147,118.402008
131521.743327,159.328186,14.656738,118.541855
131521.784607,158.969421,14.680450,118.551193
131521.825887,158.895126,14.576294,118.635696
131521.867165,158.937302,14.878784,118.446548
131521.908440,159.046875,14.682755,118.682739
131521.949717,158.936310,14.829224,118.514236
131521.990995,158.851517,14.780548,118.485947
131522.032272,159.051361,14.717285,118.445404
131522.073550,158.970581,14.822983,118.506516
131522.114829,158.826828,14.767715,118.481216
131522.156105,158.933472,14.697845,118.685715
131522.197381,158.756424,14.777664,118.571838
131522.238657,158.902344,14.785233,118.442871
131522.279934,158.711441,14.936920,118.385178
131522.321215,158.988831,14.694260,118.257660
131522.362492,158.862076,15.024765,118.293655
131522.403769,158.916245,14.814285,118.320541
131522.445046,158.946625,14.693085,118.399811
131522.486325,158.878952,14.796463,118.119751
131522.527605,158.961182,14.802811,118.543701
131522.568881,158.825943,14.949783,118.623260
131522.610159,158.801056,14.766235,118.433945
131522.651440,158.889709,14.871292,118.306671
131522.692719,158.846680,14.844559,118.743118
131522.733996,159.002930,15.077408,119.093018
131522.775274,159.112946,14.980927,118.750214
131522.816551,159.015121,14.932556,118.768509
131522.857827,158.992401,14.740631,119.030716
131522.899105,158.847015,15.135681,118.970535
131522.940382,158.904694,15.030151,118.630371
131522.981657,158.977615,14.824936,118.333847
131523.022934,159.044495,14.945831,118.564148
131523.064212,158.948395,14.971878,118.339600
131523.105491,158.935455,14.977173,118.246277
131523.146770,158.876007,14.937256,118.433716
131523.188050,159.010956,14.768387,118.615265
131523.229327,158.927582,14.816803,118.676315
131523.270600,159.207001,14.707397,118.702209
131523.311875,159.123322,14.840759,118.643005
131523.353148,158.875076,14.927765,118.670944
131523.394423,159.175644,14.634903,118.930069
131523.435699,158.923264,14.860947,118.848083
131523.476973,158.949844,14.832947,118.843597
131523.518249,159.151718,14.984802,118.709396
131523.559525,159.121765,14.756302,118.711624
131523.600798,159.095306,14.780365,118.689301
131523.642068,159.072784,14.755188,118.555801
131523.683341,159.104980,14.693405,118.839310
131523.724610,159.090363,14.632767,118.898926
131523.765883,158.999542,14.709976,118.770111
131523.807157,158.867401,14.961838,118.807785
131523.848433,159.001648,14.783218,118.863297
131523.889708,158.881958,14.928116,118.858231
131523.930984,158.859528,14.939072,119.089066
131523.972261,158.904999,14.982544,118.669907
131524.013537,158.999588,14.980881,118.506332
131524.054811,159.113449,15.214752,118.726089
131524.096086,158.952805,15.012817,118.805344
131524.137360,158.902145,15.019302,118.765137
131524.178632,158.817932,15.147888,118.275620
131524.219906,158.997345,15.005875,118.508377
131524.261179,158.962921,14.999634,118.462585
131524.302453,158.874802,14.980576,118.770111
131524.343730,158.942413,14.763351,118.501450
131524.385007,159.017654,15.085144,118.762253
131524.426287,159.040344,14.957611,118.647430
131524.467563,159.128845,14.982925,118.541351
131524.508839,159.084930,14.700607,118.886124
131524.550115,159.109695,14.924484,119.017303
131524.591391,158.931473,14.949860,119.236404
131524.632670,158.948425,15.059341,118.832932
131524.673946,158.912964,14.961731,119.010651
131524.715219,159.112076,14.984009,118.600800
131524.756493,159.007477,14.901596,118.887039
131524.797767,159.064880,14.801590,118.955490
131524.839042,159.159180,15.099670,118.629974
131524.880316,159.096375,14.991684,118.656387
131524.921590,159.098068,14.903305,118.551514
131524.962862,158.990723,14.930344,118.588913
131525.004135,159.279694,14.896332,118.723053
131525.045410,159.185760,15.063477,118.908646
131525.086685,159.090057,15.020981,119.210205
131525.127959,158.966721,14.812531,118.956512
131525.169233,158.857651,14.945953,119.026947
131525.210509,159.010910,15.101562,118.669205
131525.251783,158.852402,15.145416,118.808212
131525.293057,159.234421,14.861816,118.797195
131525.334332,159.154114,14.800964,118.598297
131525.375606,159.224854,14.816467,118.663834
131525.416881,159.171799,15.009430,118.639389
131525.458156,159.070099,14.820999,118.589905
131525.499428,159.099304,14.847061,118.336594
131525.540699,159.137604,14.865036,118.602600
131525.581970,159.224503,14.714386,118.286575
131525.623241,158.986725,15.035645,119.017944
131525.664514,158.918015,14.841980,118.817337
131525.705786,158.876434,15.141891,118.623596
131525.747060,158.910492,15.005753,118.644058
131525.788332,158.894150,15.046219,118.583450
131525.829608,158.813400,14.837570,119.141068
131525.870883,158.840210,14.857849,119.100815
131525.912158,158.848450,14.762604,119.104492
131525.953433,158.938110,15.109863,118.748123
131525.994707,158.936111,14.867935,118.787308
131526.035980,158.892120,15.048355,118.759186
131526.077255,159.205612,14.923523,118.743530
131526.118530,159.062576,15.157257,118.602615
131526.159805,159.061035,14.980957,118.683502
131526.201078,159.058823,14.754425,118.959839
131526.242351,159.099258,14.909348,118.534012
131526.283625,158.867523,15.223419,118.818436
131526.324898,158.986298,15.180679,118.502563
131526.366170,158.875931,15.213409,118.609436
131526.407442,159.105103,14.978775,118.965530
131526.448714,159.060699,14.985413,118.510559
131526.489987,158.982971,15.068634,118.634140
131526.531263,158.936691,15.195999,118.457825
131526.572536,159.040253,15.068268,118.733017
131526.613809,158.754333,15.231583,118.506271
131526.655082,158.923813,15.066605,118.907776
131526.696354,158.990204,14.973892,118.799835
131526.737628,159.037903,15.284897,118.776566
131526.778903,158.873032,15.204025,118.660355
131526.820179,158.914398,15.356384,118.925674
131526.861455,158.806335,14.976547,118.841553
131526.902732,158.871979,15.112366,118.808945
131526.944008,159.040939,15.084549,118.911255
131526.985286,158.840714,15.036880,118.751587
131527.026563,159.138229,14.918472,118.731750
131527.067836,158.594696,15.190536,118.731201
131527.109109,158.807938,15.040237,118.938354
131527.150383,158.777939,15.306244,118.773117
131527.191657,158.917435,15.171356,118.988937
131527.232933,159.111359,14.993256,118.513245
131527.274207,159.064514,15.186508,118.558441
131527.315482,159.045151,15.036911,118.943100
131527.356758,159.151749,15.045868,118.748764
131527.398034,159.035950,14.905319,118.794418
131527.439310,158.977768,14.957657,118.725388
131527.480585,158.903549,14.757980,118.771835
131527.521861,158.820648,14.914978,118.733200
131527.563140,158.794693,15.013794,118.853622
131527.604418,158.881439,15.327469,118.718048
131527.645695,158.921143,14.818604,118.931870
131527.686973,158.889648,14.996414,118.824448
131527.728249,158.920609,14.757599,118.786255
131527.769525,158.779617,15.124802,118.865143
131527.810799,158.944351,14.966415,118.340576
131527.852074,159.130447,14.950470,118.578308
131527.893348,158.891907,14.898758,118.745865
131527.934626,158.858475,14.944748,118.478867
131527.975901,158.929001,15.029449,118.715820
131528.017180,159.332886,14.765121,118.412689
131528.058455,158.990463,14.972183,118.399963
131528.099732,158.644638,15.121170,118.422028
131528.141009,158.976395,15.011444,118.216263
131528.182288,158.642548,15.084122,118.576218
131528.223564,158.836456,14.929382,118.682480
131528.264838,158.978790,14.964600,118.652618
131528.306113,158.910217,14.942123,118.868561
131528.347388,158.930389,15.148651,119.220322
131528.388663,158.955750,15.023575,119.060852
131528.429939,158.899048,15.113953,118.848419
131528.471215,158.698517,15.384613,118.723312
131528.512491,159.026962,15.039062,118.748474
131528.553765,158.878830,15.221008,118.923477
131528.595041,159.016327,15.058792,118.597336
131528.636317,158.906250,14.926300,118.648682
131528.677590,159.027283,15.014572,118.829056
131528.718864,158.904221,14.967300,118.885696
131528.760140,158.977127,15.048630,118.682617
131528.801414,158.839294,15.075653,118.676819
131528.842688,158.889175,15.066895,118.566483
131528.883962,158.863983,15.096725,118.603821
131528.925236,158.877441,14.615448,118.829224
131528.966511,158.845337,14.774780,119.018814
131529.007784,159.087891,14.811066,118.857468
131529.049059,158.997742,14.940506,118.582535
131529.090335,159.018280,14.853836,118.833023
131529.131608,158.881744,15.048767,118.773804
131529.172882,158.808594,15.149429,119.135651
131529.214157,158.759109,15.364258,118.724106
131529.255429,158.900009,15.208527,118.780090
131529.296701,159.048706,14.912369,119.097366
131529.337972,159.043579,14.980469,118.967209
131529.379246,158.976364,14.814697,118.773041
131529.420521,158.861359,15.003571,118.926163
131529.461800,158.778778,15.000320,119.143173
131529.503076,158.999603,14.740143,119.080017
131529.544354,158.977615,15.056610,119.130142
131529.585629,158.855713,15.109451,119.233566
131529.626904,158.899521,14.890274,119.216827
131529.668178,159.192886,14.826355,119.157150
131529.709454,159.057144,14.957947,118.939362
131529.750729,158.991119,14.885269,119.020721
131529.792008,159.079483,15.005051,118.977341
131529.833286,159.111816,14.941818,118.886612
131529.874563,159.159988,15.030441,118.572769
131529.915841,159.120590,14.756104,118.969910
131529.957117,158.980103,15.116821,119.146469
131529.998393,159.093445,14.755920,118.834717
131530.039671,159.035583,14.895355,118.880402
131530.080948,158.843613,14.951920,119.158112
131530.122224,159.005615,15.044861,119.125412
131530.163500,159.098724,14.697235,118.906021
131530.204775,158.795944,15.023514,119.368607
131530.246052,158.914642,14.997223,119.100098
131530.287330,158.928406,15.078583,118.947891
131530.328603,159.245499,14.747391,118.759415
131530.369877,159.061493,14.845352,118.970062
131530.411154,158.882004,14.643326,118.954468
131530.452430,158.831848,15.001465,119.039459
131530.493706,158.860489,15.073288,118.954147
131530.534983,158.948441,14.973068,118.963654
131530.576263,159.118896,14.996719,119.002594
131530.617541,158.980759,15.131897,118.812744
131530.658818,158.813217,15.000046,118.875946
131530.700095,158.929550,14.882492,118.944244
131530.741372,159.148407,14.636444,119.043610
131530.782648,158.905273,14.569519,119.185486
131530.823925,158.822052,14.852707,119.267456
131530.865201,158.818787,14.806198,118.966629
131530.906482,158.794998,15.081741,118.981339
131530.947762,158.905548,14.916367,119.048279
131530.989042,158.842789,14.996872,119.100204
131531.030319,159.035416,14.931168,118.995148
131531.071598,159.179855,14.999832,119.027405
131531.112875,158.835281,14.829849,118.993652
131531.154155,158.903091,14.833923,118.716171
131531.195432,158.842834,14.752335,118.706146
131531.236710,158.778091,14.928940,118.700500
131531.277989,158.979141,15.000946,119.016586
131531.319265,158.878830,14.887192,118.969650
131531.360539,159.068649,14.731003,119.187836
131531.401817,158.822052,14.789459,119.165161
131531.443097,158.867783,15.018326,118.938126
131531.484374,158.860886,14.862503,119.116180
131531.525651,158.968872,14.643234,119.273895
131531.566928,158.910080,14.809967,119.244125
131531.608204,159.116592,15.053635,119.034027
131531.649480,158.825577,15.052109,119.172073
131531.690759,158.931122,15.087311,119.080887
131531.732036,159.088013,15.105331,119.150314
131531.773313,158.934433,15.018143,119.124771
131531.814590,159.002945,14.883530,118.877808
131531.855869,158.908752,14.922302,118.829483
131531.897146,158.855728,14.672287,118.997726
131531.938426,158.993622,14.876236,119.057816
131531.979704,158.983902,14.709274,118.801086
131532.020978,158.904099,14.950851,118.995804
131532.062251,158.905884,14.735397,119.200592
131532.103526,158.977982,15.037064,119.298843
131532.144805,158.921082,14.979019,118.878830
131532.186081,159.115433,14.868423,119.025558
131532.227360,159.127335,15.017975,119.156738
131532.268639,159.201935,15.147720,118.963867
131532.309916,159.106293,14.985275,118.856201
131532.351193,159.058548,14.822601,119.095428
131532.392470,159.072769,15.008118,118.955750
131532.433748,159.190002,14.870209,118.818665
131532.475027,159.276108,14.852905,118.827225
131532.516307,159.278915,14.723068,119.089859
131532.557587,159.093140,14.608124,118.811508
131532.598865,159.045029,14.815643,118.923279
131532.640142,159.190369,14.672684,118.898926
131532.681422,159.367706,14.818695,118.979980
131532.722701,159.038284,14.872086,119.086731
131532.763977,159.056412,14.911377,118.994339
131532.805255,159.002472,15.029541,118.799194
131532.846531,158.979218,15.069916,118.728790
131532.887807,159.169235,14.904129,119.009811
131532.929084,159.145203,14.887512,119.020386
131532.970360,158.931259,15.200348,118.686111
131533.011636,158.875656,14.879120,118.653961
131533.052915,159.088684,15.005386,118.698868
131533.094192,158.999863,14.788223,118.822540
131533.135468,159.076981,14.813873,118.878815
131533.176746,159.057343,14.683990,118.683289
131533.218023,159.033661,15.079361,118.715775
131533.259301,159.015289,14.841110,118.583954
131533.300578,159.135345,14.739716,118.600098
131533.341856,159.041595,14.726685,118.696365
131533.383132,158.834625,14.881989,118.739975
131533.424409,159.028763,14.850388,118.913208
131533.465688,158.970230,15.058609,118.857895
131533.506969,158.843277,15.000137,118.784866
131533.548247,158.842010,15.056580,118.695724
131533.589527,158.756409,15.014343,118.809402
131533.630807,159.177475,14.891968,119.025192
131533.672084,158.955460,15.065643,118.726898
131533.713362,158.710037,15.231171,118.573151
131533.754640,158.891937,14.879730,118.704102
131533.795916,158.673004,14.896912,118.975128
131533.837191,158.600876,14.995758,118.515121
131533.878466,158.836975,14.894730,118.674561
131533.919742,158.609497,15.120316,118.750443
131533.961021,158.611145,15.155487,118.689301
131534.002299,158.764755,14.980621,118.517502
131534.043579,159.007599,15.165329,118.864746
131534.084860,158.667175,15.178940,119.007477
131534.126138,158.546021,15.187302,118.621246
131534.167420,158.637680,15.018936,118.651138
131534.208698,158.655075,15.135513,118.580460
131534.249977,158.982941,15.200897,118.569855
131534.291256,159.038315,14.864471,118.619385
131534.332537,159.088028,14.750397,119.046463
131534.373813,159.009933,14.742035,118.884796
131534.415090,158.997726,14.684067,119.098557
131534.456368,158.752625,14.778534,119.021698
131534.497648,158.487961,14.894562,118.593430
131534.538926,158.396942,14.905304,118.674484
131534.580204,158.472229,14.813522,118.745544
131534.621481,158.282898,15.027954,118.828400
131534.662760,158.326782,15.013596,118.774872
131534.704037,158.629059,14.777588,118.599747
131534.745313,158.791412,14.952545,118.774124
131534.786590,158.705338,14.933014,118.450638
131534.827869,158.767456,15.060425,118.514999
131534.869148,158.916351,14.987488,118.627060
131534.910428,158.845596,15.033401,118.855606
131534.951706,158.836838,15.117538,118.619904
131534.992988,158.958084,15.018494,118.708969
131535.034265,159.062759,14.896545,118.531708
131535.075543,158.857086,14.951492,118.618790
131535.116820,158.952637,15.008728,118.903793
131535.158095,159.014267,14.884216,118.787857
131535.199372,158.813568,15.121979,118.621506
131535.240650,158.606964,15.095642,118.786850
131535.281928,158.897720,14.907227,118.624542
131535.323207,158.920258,14.972931,118.537811
131535.364485,158.820038,15.037109,118.649338
131535.405762,158.849884,15.088470,118.490067
131535.447039,158.802719,14.985855,118.640839
131535.488316,158.839249,15.026337,118.922226
131535.529592,159.056824,14.958969,118.476089
131535.570866,158.548340,15.103867,118.529633
131535.612139,158.703339,15.082596,118.505417
131535.653412,158.942566,14.681915,118.788544
131535.694689,158.889328,15.035355,118.999008
131535.735964,158.828278,14.790344,118.679428
131535.777242,158.826019,14.989792,118.441345
131535.818517,158.896210,14.962769,118.707748
131535.859791,158.998840,14.686401,118.655914
131535.901067,158.983429,14.690948,118.943512
131535.942342,158.902847,15.024353,118.813782
131535.983619,158.785843,14.894485,118.266251
131536.024897,158.976852,14.971375,118.571060
131536.066174,158.912155,14.882858,118.650558
131536.107451,158.779953,15.061874,118.586243
131536.148728,158.929398,15.093750,118.821762
131536.190003,159.031784,14.902847,118.412720
131536.231277,158.984314,14.937225,118.263489
131536.272557,158.872955,15.155106,118.631683
131536.313836,158.880325,14.797379,118.744858
131536.355113,158.703934,14.990479,118.238007
131536.396388,158.838043,15.144653,118.633240
131536.437664,158.648148,15.186630,118.731491
131536.478939,158.414444,15.272354,118.918900
131536.520215,158.580795,14.981628,118.509491
131536.561489,158.743820,15.178848,118.516449
131536.602765,158.549728,15.099106,118.528549
131536.644042,158.741760,15.274582,118.528748
131536.685319,158.556686,15.364410,118.447830
131536.726597,158.753952,15.302078,118.602509
131536.767871,158.800812,15.205826,118.473373
131536.809147,158.745712,15.146042,118.377396
131536.850427,158.834534,15.131210,118.315292
131536.891704,158.530533,15.118378,118.696121
131536.932981,158.480118,15.064850,118.394379
131536.974257,158.533340,15.261002,118.267899
131537.015533,158.471863,15.263840,118.489349
131537.056809,158.549637,15.087051,118.322998
131537.098087,158.555405,15.158096,118.715134
131537.139368,158.773956,15.231354,118.772644
131537.180646,158.698929,15.153229,118.796539
131537.221925,158.595337,15.295975,118.578033
131537.263207,158.844894,15.405869,118.748245
131537.304486,158.497528,15.250946,118.506897
131537.345765,158.725967,15.050766,118.490509
131537.387046,158.605438,15.393936,118.434860
131537.428326,158.836380,15.315140,118.440628
131537.469607,158.564774,15.016068,118.541245
131537.510886,158.824448,14.919693,118.425140
131537.552165,158.679550,15.223862,118.690338
131537.593446,158.424118,15.157593,118.299011
131537.634725,158.737259,15.084061,118.417969
131537.676002,158.601440,15.128860,118.477188
131537.717281,158.494492,15.142105,118.315414
131537.758559,158.619202,15.027206,118.693634
131537.799835,158.552551,15.038437,118.771545
131537.841111,158.768890,15.312363,118.589813
131537.882387,158.710236,15.205811,118.769440
131537.923663,158.553818,15.240997,118.936508
131537.964939,158.473633,15.203079,118.928726
131538.006215,158.627136,15.274658,118.538528
131538.047492,158.829651,15.163925,118.670959
131538.088768,158.569275,15.371323,118.588455
131538.130045,158.563232,15.336731,118.626602
131538.171322,158.630203,15.215302,118.641266
131538.212601,158.616821,15.074188,118.687363
131538.253877,158.614471,14.943787,118.581253
131538.295155,158.579041,14.896652,118.428146
131538.336431,158.555725,14.997284,118.789337
131538.377708,158.832123,14.897369,119.302490
131538.418985,158.696762,14.956039,118.504440
131538.460263,158.620865,15.052139,118.542587
131538.501541,158.670532,15.189255,118.568558
131538.542819,158.786087,15.292374,118.484222
131538.584098,158.913361,15.036331,118.668655
131538.625377,158.754227,15.346146,118.682587
131538.666657,158.816574,15.119308,118.741425
131538.707937,158.714554,15.142548,118.362671
131538.749218,158.824890,15.055786,118.406921
131538.790497,158.874969,15.070679,118.648605
131538.831775,158.748062,15.086349,118.702576
131538.873052,158.571533,15.288940,118.593582
131538.914329,158.546234,15.305435,118.851562
131538.955607,158.822617,14.914551,118.647842
131538.996886,158.955246,14.737198,118.786835
131539.038165,158.719772,15.173370,118.681366
131539.079444,158.825714,15.141266,118.737427
131539.120723,158.997803,14.993393,118.633423
131539.161999,158.754715,15.246063,118.813522
131539.203275,158.905914,15.012955,118.876068
131539.244551,158.929642,15.198166,118.312424
131539.285829,158.738510,15.328674,118.332169
131539.327105,158.909225,15.105347,118.435440
131539.368383,158.906921,15.168854,118.753525
131539.409661,158.839813,15.102905,118.394104
131539.450939,158.862457,14.982819,118.448715
131539.492216,158.745956,15.238068,118.722198
131539.533494,158.723022,15.082855,118.667114
131539.574770,158.818970,15.038086,118.765640
131539.616047,158.641876,15.040405,118.829865
131539.657322,158.512863,15.026260,118.548248
131539.698600,158.772400,15.090744,118.812561
131539.739877,158.618362,15.253342,118.623123
131539.781155,158.831314,15.058167,118.575424
131539.822433,158.667038,15.215866,119.114883
131539.863713,158.625717,15.147690,118.635193
131539.904992,158.608994,15.164734,118.815598
131539.946268,158.870926,14.966125,118.793961
131539.987548,158.772232,14.837753,118.423096
131540.028825,158.657288,15.164703,118.410446
131540.070101,158.682495,14.952423,118.727921
131540.111377,158.614395,14.981445,118.552185
131540.152659,158.730804,14.956146,118.857437
131540.193939,158.614380,14.986679,118.767700
131540.235219,158.612137,14.968582,118.718033
131540.276500,158.439941,15.099716,119.056274
131540.317779,158.673706,15.273407,118.680771
131540.359059,158.832886,15.000351,118.896942
131540.400340,158.810440,15.196518,118.878189
131540.441619,158.711105,15.276016,118.675705
131540.482898,158.590988,15.218124,118.841415
131540.524177,158.846893,14.909271,118.828079
131540.565457,158.839157,15.010208,118.594330
131540.606739,158.811676,15.049377,118.958710
131540.648020,158.739014,15.025345,118.474625
131540.689302,158.645386,15.074234,118.660294
131540.730581,158.708298,14.908020,118.601105
131540.771858,158.769638,14.993851,118.772202
131540.813137,158.740433,14.964111,118.527145
131540.854413,158.526978,15.043106,118.801147
131540.895690,158.563248,14.981308,118.785172
131540.936964,158.666885,15.097656,118.725464
131540.978241,158.533630,15.239273,118.516907
131541.019517,158.676178,15.322067,118.912506
131541.060794,158.664337,15.066498,118.674042
131541.102070,158.658279,15.084076,118.661835
131541.143345,158.894089,14.900131,118.473572
131541.184621,158.663971,14.962692,118.426117
131541.225896,158.694626,15.077606,118.183334
131541.267169,158.726944,15.036179,118.540985
131541.308446,158.651840,15.134476,118.456314
131541.349722,158.838501,15.081787,118.654373
131541.390999,158.607208,15.257645,118.494751
131541.432275,158.758011,15.112427,118.363174
131541.473550,158.818481,15.124512,118.699310
131541.514824,158.788483,15.071960,118.339340
131541.556100,158.847122,14.957413,118.548828
131541.597377,158.673065,15.081055,118.198990
131541.638656,158.762680,15.054321,118.483383
131541.679934,158.656677,15.191803,118.571487
131541.721212,158.588028,15.349487,118.296082
131541.762492,158.914093,15.108810,118.410828
131541.803769,158.811691,15.064590,118.829956
131541.845044,158.869843,14.807663,118.291840
131541.886320,158.948120,15.207626,118.291916
131541.927596,158.867416,14.819580,118.701141
131541.968875,158.874832,14.892700,118.641495
131542.010152,158.938004,15.026657,118.622910
131542.051430,158.795166,14.939011,118.427261
131542.092712,158.775375,15.029266,118.559174
131542.133992,158.805389,15.098526,118.789612
131542.175271,158.982941,14.977051,118.652298
131542.216551,158.868073,15.041656,118.500198
131542.257830,158.766937,15.058823,118.577499
131542.299108,158.975098,14.883530,118.627441
131542.340388,158.649353,14.982254,118.718979
131542.381666,158.773849,14.851593,119.236801
131542.422945,158.964951,14.841049,118.859955
131542.464222,158.953690,14.824295,118.805618
131542.505500,159.115906,14.550186,118.944824
131542.546773,158.985748,14.586502,118.821808
131542.588044,159.105240,14.729263,118.835693
131542.629316,159.085739,14.576767,118.874557
131542.670591,159.090744,14.554779,118.942352
131542.711867,158.883606,14.893204,118.758987
131542.753145,159.039505,14.814056,118.860352
131542.794422,159.001175,14.796341,118.987106
