171905.960837,0.033450,-0.005219,0.025232,0.115181,-0.940532,-0.319582,0.013908,-0.002614,0.014300,206.515274
171905.970841,0.018237,0.000735,0.022330,0.114920,-0.940642,-0.319352,0.013147,-0.004701,0.015534,206.502853
171905.980845,0.005252,0.000419,0.021373,0.114680,-0.940714,-0.319227,0.010473,-0.004736,0.015578,206.489273
171905.990850,-0.000406,0.011993,0.024686,0.114470,-0.940759,-0.319171,0.010972,-0.006706,0.014590,206.472473
171906.000854,-0.003932,0.009006,0.017311,0.114317,-0.940779,-0.319166,0.008195,-0.007631,0.010863,206.455917
171906.010858,0.000086,0.001061,0.018436,0.114209,-0.940797,-0.319151,0.008579,-0.007155,0.006270,206.445160
171906.020862,0.003519,-0.017704,0.031888,0.113989,-0.940831,-0.319129,0.020410,-0.009059,-0.002023,206.437012
171906.030866,0.005581,-0.027252,0.048210,0.113573,-0.940893,-0.319094,0.029478,-0.007578,-0.002943,206.425522
171906.040870,0.005390,-0.011486,0.056243,0.113044,-0.940974,-0.319043,0.020486,-0.003041,0.001446,206.406357
171906.050874,0.013025,0.012922,0.053667,0.112569,-0.941069,-0.318930,0.008463,0.001464,0.002860,206.376984
171906.060878,0.022492,0.037458,0.043271,0.112227,-0.941191,-0.318693,-0.004225,0.008696,0.004774,206.339981
171906.070883,0.025226,0.033016,0.034597,0.112009,-0.941317,-0.318397,-0.005274,0.011004,0.005882,206.304993
171906.080887,0.026606,0.016423,0.036851,0.111759,-0.941448,-0.318097,-0.000157,0.011241,0.007093,206.276627
171906.090891,0.030193,0.021199,0.035328,0.111481,-0.941580,-0.317803,0.000153,0.009436,0.010445,206.251007
171906.100895,0.034511,0.039612,0.030051,0.111308,-0.941717,-0.317458,-0.006693,0.009741,0.012221,206.223846
171906.110899,0.036052,0.053753,0.020314,0.111287,-0.941856,-0.317052,-0.013509,0.008720,0.014775,206.194778
171906.120903,0.026455,0.058658,0.007951,0.111375,-0.941970,-0.316683,-0.016618,0.009505,0.019473,206.166748
171906.130907,0.006014,0.057284,-0.002644,0.111553,-0.942021,-0.316467,-0.018398,0.011052,0.023224,206.142502
171906.140912,-0.013382,0.044864,-0.012527,0.111792,-0.942002,-0.316441,-0.017767,0.009187,0.024922,206.125702
171906.150916,-0.032585,0.023510,-0.014637,0.112033,-0.941915,-0.316614,-0.013034,0.010763,0.023538,206.118591
171906.160920,-0.041336,0.007136,-0.010660,0.112205,-0.941788,-0.316932,-0.004875,0.009033,0.023124,206.117691
171906.170924,-0.045537,-0.001126,-0.005472,0.112289,-0.941645,-0.317327,0.004807,0.006159,0.017385,206.119263
171906.180928,-0.048223,-0.002273,-0.002925,0.112298,-0.941508,-0.317731,0.012305,0.001261,0.010632,206.119598
171906.190932,-0.044067,-0.009598,0.005285,0.112244,-0.941373,-0.318148,0.016982,-0.002734,0.005038,206.118179
171906.200936,-0.040161,-0.006831,0.004379,0.112145,-0.941260,-0.318517,0.016533,-0.004297,0.001363,206.115524
171906.210940,-0.029291,0.005298,0.010231,0.112034,-0.941183,-0.318784,0.016781,-0.006907,-0.002734,206.108398
171906.220945,-0.016075,0.014006,0.014669,0.111910,-0.941145,-0.318939,0.017881,-0.007906,-0.004654,206.094925
171906.230949,-0.003641,0.015870,0.027766,0.111727,-0.941162,-0.318952,0.020155,-0.008865,-0.006380,206.075394
171906.240953,0.002031,0.017700,0.040259,0.111454,-0.941212,-0.318903,0.023770,-0.007183,-0.005408,206.048599
171906.250957,0.003946,0.020489,0.047340,0.111114,-0.941283,-0.318810,0.023606,-0.007173,-0.005393,206.015778
171906.260961,0.008801,0.029285,0.041908,0.110795,-0.941362,-0.318689,0.011901,-0.009032,-0.002997,205.981461
171906.270965,0.012155,0.036025,0.034000,0.110588,-0.941441,-0.318527,0.002937,-0.008556,0.000854,205.948578
171906.280969,0.011444,0.034180,0.032127,0.110432,-0.941509,-0.318381,0.005352,-0.005101,0.001990,205.916794
171906.290973,0.009094,0.017830,0.043912,0.110198,-0.941578,-0.318257,0.015367,-0.008099,0.002156,205.886734
171906.300978,0.012992,0.015427,0.084571,0.109692,-0.941679,-0.318133,0.034809,-0.007433,0.002734,205.845612
171906.310982,0.005836,0.021327,0.159902,0.108667,-0.941826,-0.318049,0.068686,-0.009926,0.005320,205.771362
171906.320986,-0.002514,0.032726,0.219818,0.106996,-0.942028,-0.318019,0.087798,-0.010029,0.011729,205.652954
171906.330990,-0.017630,0.047941,0.238760,0.104977,-0.942235,-0.318078,0.063709,-0.010295,0.016534,205.505432
171906.340994,-0.042290,0.067930,0.228377,0.102985,-0.942382,-0.318291,0.025677,-0.011246,0.023766,205.346817
171906.350998,-0.064680,0.077525,0.202317,0.101202,-0.942432,-0.318716,-0.004736,-0.007031,0.028845,205.191345
171906.361002,-0.090111,0.080327,0.166832,0.099744,-0.942372,-0.319351,-0.022001,-0.003306,0.033005,205.051178
171906.371007,-0.108386,0.065294,0.141461,0.098562,-0.942210,-0.320196,-0.026343,0.001384,0.028723,204.930161
171906.381011,-0.122012,0.035410,0.116609,0.097562,-0.941964,-0.321224,-0.017286,0.003579,0.021587,204.832779
171906.391015,-0.131971,0.012772,0.099116,0.096686,-0.941654,-0.322397,-0.011893,0.005542,0.017451,204.758469
171906.401019,-0.139485,0.000720,0.091695,0.095881,-0.941299,-0.323672,-0.004572,0.009719,0.012804,204.698807
171906.411023,-0.137065,-0.002972,0.100814,0.095022,-0.940944,-0.324955,0.003977,0.008494,0.006230,204.640839
171906.421027,-0.117934,0.007986,0.112999,0.094037,-0.940633,-0.326141,0.012058,0.006322,0.003036,204.574509
171906.431031,-0.102727,0.032103,0.116938,0.093016,-0.940389,-0.327135,0.006349,0.005300,-0.001662,204.496613
171906.441036,-0.080230,0.063572,0.105492,0.092128,-0.940202,-0.327920,-0.003993,0.008959,-0.002280,204.409882
171906.451040,-0.061073,0.084052,0.090101,0.091430,-0.940074,-0.328482,-0.011901,0.012859,0.000571,204.320312
171906.461044,-0.048807,0.100191,0.064340,0.091009,-0.939976,-0.328880,-0.019949,0.010350,0.002357,204.235535
171906.471048,-0.041026,0.100113,0.045954,0.090831,-0.939885,-0.329189,-0.025172,0.009389,0.004787,204.161194
171906.481052,-0.052715,0.085202,0.033815,0.090765,-0.939773,-0.329529,-0.019690,0.009109,0.012512,204.098373
171906.491056,-0.066216,0.067431,0.030966,0.090725,-0.939611,-0.330000,-0.013256,0.007803,0.014005,204.046967
171906.501060,-0.076069,0.043116,0.028980,0.090672,-0.939399,-0.330617,-0.007084,0.008064,0.010732,204.006363
171906.511065,-0.080347,0.033995,0.037304,0.090514,-0.939166,-0.331322,0.000611,0.005466,0.006218,203.969757
171906.521069,-0.077439,0.031974,0.046460,0.090221,-0.938941,-0.332040,0.008794,0.004462,-0.000159,203.929260
171906.531073,-0.063501,0.035142,0.055388,0.089834,-0.938750,-0.332683,0.012613,0.002288,-0.008412,203.882355
171906.541077,-0.047450,0.040489,0.061508,0.089368,-0.938623,-0.333166,0.010867,0.000620,-0.014979,203.829803
171906.551081,-0.030233,0.056812,0.069189,0.088857,-0.938565,-0.333467,0.012141,-0.001026,-0.016859,203.769073
171906.561085,-0.021054,0.077107,0.069333,0.088403,-0.938558,-0.333608,0.011313,-0.002086,-0.014689,203.700165
171906.571090,-0.014040,0.093922,0.070188,0.088015,-0.938575,-0.333663,0.008604,-0.003549,-0.010957,203.624344
171906.581094,-0.015226,0.097921,0.067836,0.087692,-0.938592,-0.333698,0.007629,-0.003943,-0.005093,203.545563
171906.591098,-0.014227,0.084995,0.069599,0.087369,-0.938605,-0.333749,0.012698,-0.002847,-0.005866,203.469086
171906.601102,-0.013119,0.062075,0.076426,0.086953,-0.938616,-0.333825,0.015373,-0.002897,-0.007987,203.397583
171906.611106,-0.011681,0.043339,0.074576,0.086453,-0.938633,-0.333907,0.018222,-0.000851,-0.006745,203.334503
171906.621110,0.008088,0.032513,0.073498,0.085897,-0.938678,-0.333925,0.013712,0.000842,-0.009153,203.278000
171906.631114,0.019586,0.022570,0.064382,0.085362,-0.938775,-0.333790,0.003856,-0.000022,-0.017086,203.229309
171906.641119,0.032538,0.022011,0.047971,0.084948,-0.938901,-0.333540,-0.004015,0.007870,-0.011354,203.190277
171906.651123,0.042518,0.019302,0.039445,0.084618,-0.939059,-0.333178,-0.008141,0.010242,-0.008100,203.159225
171906.661127,0.049963,0.018872,0.032775,0.084361,-0.939242,-0.332727,-0.009562,0.010592,-0.006765,203.132492
171906.671131,0.047352,0.019286,0.021726,0.084198,-0.939416,-0.332278,-0.010193,0.011330,-0.003537,203.112167
171906.681135,0.039230,0.031643,0.021447,0.084109,-0.939567,-0.331872,-0.011188,0.013496,0.003442,203.092041
171906.691139,0.034916,0.040008,0.022059,0.084075,-0.939696,-0.331515,-0.007888,0.013045,0.007327,203.068359
171906.701144,0.035442,0.050387,0.018923,0.084077,-0.939815,-0.331177,-0.007509,0.010418,0.005203,203.041107
171906.711148,0.045038,0.046359,0.022950,0.084059,-0.939949,-0.330801,-0.002043,0.008355,0.000311,203.010849
171906.721152,0.049269,0.035182,0.029431,0.083949,-0.940116,-0.330355,0.005116,0.004874,-0.002805,202.981094
171906.731156,0.058892,0.023617,0.033334,0.083744,-0.940308,-0.329861,0.008969,0.004517,-0.002400,202.953125
171906.741160,0.061880,0.024108,0.034620,0.083491,-0.940525,-0.329305,0.007512,0.004749,-0.000254,202.925430
171906.751164,0.068300,0.034244,0.031318,0.083259,-0.940761,-0.328689,0.004739,0.003765,0.001617,202.895996
171906.761168,0.081653,0.030599,0.024530,0.083084,-0.941029,-0.327966,0.002350,0.001744,-0.000556,202.868164
171906.771173,0.082616,0.031370,0.018385,0.082975,-0.941316,-0.327168,-0.003660,-0.000288,-0.001170,202.845932
171906.781177,0.075445,0.035713,0.014803,0.082918,-0.941587,-0.326402,-0.003634,0.002668,0.003389,202.825653
171906.791181,0.063939,0.040155,0.012736,0.082912,-0.941818,-0.325737,-0.002406,0.005004,0.008385,202.804459
171906.801185,0.048764,0.039935,0.015049,0.082934,-0.942009,-0.325179,0.002225,0.004860,0.011001,202.782959
171906.811189,0.041037,0.029430,0.026437,0.082879,-0.942170,-0.324727,0.008430,0.004914,0.012044,202.759430
171906.821193,0.034899,0.019391,0.036085,0.082680,-0.942314,-0.324358,0.016456,0.003365,0.009539,202.733948
171906.831198,0.031119,0.019173,0.046747,0.082370,-0.942453,-0.324033,0.016842,0.002466,0.009260,202.704849
171906.841202,0.029400,0.023889,0.045420,0.082009,-0.942586,-0.323738,0.010139,0.002385,0.012322,202.670624
171906.851206,0.028339,0.036859,0.041215,0.081693,-0.942712,-0.323451,0.003817,0.001351,0.011119,202.634491
171906.861210,0.029879,0.046320,0.029027,0.081501,-0.942836,-0.323139,-0.003131,0.000025,0.008137,202.599014
171906.871214,0.031509,0.044089,0.031237,0.081367,-0.942955,-0.322822,-0.000679,-0.000068,0.006767,202.564011
171906.881218,0.032910,0.034351,0.027579,0.081229,-0.943086,-0.322477,0.002878,-0.001220,0.003843,202.531631
171906.891223,0.033577,0.024434,0.024535,0.081100,-0.943216,-0.322129,0.003952,0.000268,0.000550,202.507950
171906.901227,0.029251,0.021707,0.028157,0.080957,-0.943340,-0.321800,0.006415,0.002239,0.001884,202.486450
171906.911231,0.036066,0.023485,0.030443,0.080792,-0.943462,-0.321483,0.006916,0.002438,0.002101,202.464188
171906.921235,0.039544,0.033956,0.029957,0.080613,-0.943612,-0.321089,0.003752,0.002923,0.001646,202.437332
171906.931239,0.050224,0.050795,0.029261,0.080475,-0.943786,-0.320612,0.005905,0.002532,0.002177,202.404800
171906.941243,0.059692,0.059651,0.027505,0.080376,-0.943988,-0.320041,0.003837,0.000476,0.003910,202.367676
171906.951248,0.061097,0.072167,0.029414,0.080315,-0.944206,-0.319411,0.003669,-0.000084,0.002944,202.326950
171906.961252,0.059483,0.086070,0.040010,0.080254,-0.944427,-0.318773,0.011680,0.000107,0.005022,202.277527
171906.971256,0.051911,0.079933,0.049981,0.080087,-0.944638,-0.318189,0.017188,-0.000644,0.005521,202.218872
171906.981260,0.045999,0.076335,0.057512,0.079842,-0.944831,-0.317679,0.015358,0.002387,0.008506,202.158524
171906.991264,0.041528,0.078326,0.057779,0.079554,-0.945012,-0.317212,0.007482,0.004033,0.007703,202.096237
171907.001268,0.046627,0.066047,0.048893,0.079286,-0.945191,-0.316745,0.001311,0.005280,0.004627,202.037766
171907.011273,0.047457,0.068482,0.035455,0.079144,-0.945369,-0.316251,-0.009045,0.011393,0.004178,201.988205
171907.021277,0.047846,0.058810,0.030748,0.079039,-0.945544,-0.315752,-0.010878,0.012591,0.003267,201.945465
171907.031281,0.042711,0.059852,0.020523,0.078998,-0.945709,-0.315267,-0.008899,0.012115,0.006307,201.908722
171907.041285,0.044140,0.065720,0.020025,0.079038,-0.945859,-0.314807,-0.003980,0.006040,0.006625,201.875168
171907.051289,0.050176,0.063520,0.023758,0.079063,-0.946018,-0.314322,-0.000633,0.004612,0.003028,201.838928
171907.061293,0.051808,0.069478,0.026877,0.079057,-0.946207,-0.313755,0.005934,0.003596,0.002002,201.800079
171907.071298,0.058218,0.088896,0.024671,0.079072,-0.946406,-0.313151,0.000869,0.004023,0.005351,201.755783
171907.081302,0.058301,0.107016,0.012151,0.079191,-0.946603,-0.312523,-0.008344,0.003565,0.006523,201.706757
171907.091306,0.054987,0.119010,-0.006012,0.079491,-0.946779,-0.311914,-0.017509,0.003603,0.008065,201.658813
171907.101310,0.050047,0.119630,-0.016216,0.079958,-0.946929,-0.311340,-0.018053,0.002715,0.006194,201.616943
171907.111314,0.046261,0.108762,-0.019180,0.080471,-0.947067,-0.310786,-0.010219,0.002747,0.002055,201.581192
171907.121319,0.046392,0.090591,-0.016246,0.080941,-0.947192,-0.310283,-0.000435,0.001727,-0.000005,201.551483
171907.131323,0.043106,0.071307,-0.006529,0.081297,-0.947319,-0.309803,0.006747,0.002434,-0.000332,201.525940
171907.141327,0.042840,0.064251,0.012031,0.081491,-0.947448,-0.309356,0.015814,0.002166,0.002120,201.498672
171907.151331,0.045157,0.064154,0.024551,0.081504,-0.947597,-0.308895,0.019753,-0.000309,0.001355,201.462219
171907.161335,0.046378,0.061628,0.024792,0.081434,-0.947761,-0.308411,0.017321,-0.002312,0.001709,201.422363
171907.171339,0.036542,0.062485,0.019390,0.081384,-0.947914,-0.307956,0.007041,-0.003167,0.003222,201.383377
171907.181344,0.026539,0.065788,0.013397,0.081394,-0.948020,-0.307626,0.001873,-0.002664,0.005746,201.346710
171907.191348,0.015002,0.072017,0.010083,0.081481,-0.948093,-0.307379,-0.001403,0.000247,0.008520,201.311646
171907.201352,0.004598,0.072790,0.002419,0.081636,-0.948125,-0.307238,-0.001664,0.002934,0.007601,201.278351
171907.211356,-0.002109,0.062773,0.004947,0.081823,-0.948127,-0.307182,0.003550,0.002509,0.005943,201.248306
171907.221360,0.003967,0.049390,0.007730,0.081970,-0.948128,-0.307138,0.007690,0.002999,0.001261,201.222473
171907.231364,0.014746,0.042524,0.012832,0.082048,-0.948163,-0.307009,0.010390,0.003705,-0.003156,201.199097
171907.241369,0.029976,0.041365,0.015337,0.082074,-0.948241,-0.306763,0.012973,0.005034,-0.004287,201.175491
171907.251373,0.035344,0.048350,0.008012,0.082107,-0.948355,-0.306400,0.008240,0.002341,-0.003933,201.151321
171907.261377,0.041364,0.049278,0.006311,0.082195,-0.948481,-0.305988,0.003071,0.001947,0.000293,201.128433
171907.271381,0.039790,0.049461,0.003346,0.082292,-0.948609,-0.305565,0.000929,0.000794,0.003869,201.106369
171907.281385,0.031736,0.044209,0.006433,0.082378,-0.948727,-0.305174,0.002919,-0.000278,0.006696,201.084961
171907.291390,0.022494,0.038664,0.008240,0.082438,-0.948820,-0.304869,0.000921,0.000700,0.010374,201.064789
171907.301394,0.018978,0.034337,0.005508,0.082498,-0.948887,-0.304644,0.001501,0.002857,0.011309,201.047592
171907.311398,0.013796,0.032459,0.007168,0.082570,-0.948934,-0.304476,-0.000570,0.001730,0.011218,201.031479
171907.321402,0.021960,0.028367,0.008781,0.082602,-0.948995,-0.304280,0.002175,0.001302,0.009419,201.015381
171907.331406,0.020464,0.013949,0.007646,0.082580,-0.949061,-0.304079,0.004334,0.004816,0.005465,201.002899
171907.341410,0.019726,0.009426,0.007896,0.082542,-0.949128,-0.303879,0.000588,0.004762,0.006760,200.994492
171907.351415,0.010937,0.009175,0.011282,0.082488,-0.949178,-0.303738,0.001985,0.003911,0.010388,200.986298
171907.361419,-0.000743,0.015333,0.010477,0.082421,-0.949204,-0.303676,0.007179,0.002121,0.013652,200.974579
171907.371423,-0.008918,0.016784,0.009397,0.082362,-0.949204,-0.303692,0.006596,-0.002289,0.013454,200.960892
171907.381427,-0.016560,0.017145,0.006912,0.082347,-0.949173,-0.303791,0.001958,-0.004440,0.010899,200.949310
171907.391431,-0.026632,0.023974,-0.002203,0.082395,-0.949117,-0.303953,-0.001111,-0.001826,0.008573,200.939636
171907.401436,-0.030302,0.026177,-0.007895,0.082526,-0.949029,-0.304194,-0.004889,0.000558,0.006862,200.931198
171907.411440,-0.017486,0.024704,-0.010224,0.082710,-0.948950,-0.304389,-0.002799,0.001456,0.001548,200.925369
171907.421444,0.000897,0.021556,-0.009416,0.082885,-0.948918,-0.304441,0.002366,0.005208,-0.003130,200.921631
171907.431448,0.017718,0.021145,-0.000794,0.083007,-0.948950,-0.304309,0.006196,0.007040,-0.006483,200.916092
171907.441452,0.031664,0.019265,0.010045,0.083044,-0.949031,-0.304045,0.015726,0.005855,-0.005602,200.906326
171907.451457,0.033943,0.015332,0.016645,0.082984,-0.949151,-0.303689,0.017526,0.004632,-0.004020,200.893845
171907.461461,0.023060,0.013011,0.016596,0.082891,-0.949257,-0.303381,0.012370,0.001839,0.004263,200.880203
171907.471465,0.006404,0.013751,0.010063,0.082815,-0.949321,-0.303202,0.004953,0.000179,0.009714,200.867920
171907.481469,-0.008225,0.010927,0.005785,0.082774,-0.949329,-0.303188,-0.001918,-0.001553,0.013668,200.857727
171907.491473,-0.015856,0.011778,-0.000338,0.082783,-0.949294,-0.303296,-0.002507,-0.001604,0.014005,200.850693
171907.501478,-0.009329,0.016857,-0.000349,0.082844,-0.949248,-0.303422,0.000438,-0.000062,0.009385,200.845093
171907.511482,0.003565,0.019145,0.000542,0.082920,-0.949231,-0.303454,0.005779,-0.000934,0.000201,200.837906
171907.521486,0.011173,0.019943,0.005178,0.082983,-0.949250,-0.303379,0.009531,-0.000717,0.000263,200.829819
171907.531490,0.015076,0.019290,0.007601,0.083018,-0.949292,-0.303238,0.008000,-0.000293,0.001465,200.820358
171907.541494,0.010778,0.022113,0.005644,0.083050,-0.949341,-0.303076,0.005146,-0.000137,0.005880,200.809341
171907.551498,0.002464,0.022666,0.011084,0.083048,-0.949368,-0.302990,0.007467,-0.000018,0.009792,200.796234
171907.561503,-0.005676,0.017821,0.023063,0.082963,-0.949381,-0.302973,0.011367,0.001383,0.010996,200.778748
171907.571507,-0.013315,0.016571,0.028004,0.082774,-0.949377,-0.303036,0.014211,0.001807,0.009228,200.756256
171907.581511,-0.007637,0.020432,0.034832,0.082530,-0.949373,-0.303116,0.012029,-0.000441,0.003998,200.729889
171907.591515,0.007687,0.028306,0.033698,0.082297,-0.949401,-0.303093,0.009378,0.000579,-0.001732,200.701019
171907.601519,0.013275,0.030615,0.027235,0.082119,-0.949459,-0.302959,0.002384,0.000744,-0.004063,200.671997
171907.611524,0.014852,0.028728,0.019686,0.082003,-0.949522,-0.302794,-0.003390,0.004087,-0.000077,200.646667
171907.621528,0.002699,0.022165,0.006898,0.081967,-0.949561,-0.302680,-0.005490,0.008094,0.006308,200.628845
171907.631532,-0.010638,0.021624,-0.003897,0.082047,-0.949555,-0.302677,-0.008881,0.009141,0.010532,200.620285
171907.641536,-0.017111,0.022755,0.002256,0.082155,-0.949521,-0.302756,-0.003892,0.008175,0.012015,200.612823
171907.651541,-0.012685,0.022634,0.018233,0.082152,-0.949485,-0.302869,0.010209,0.007606,0.007261,200.598206
171907.661545,-0.003889,0.027241,0.024464,0.082035,-0.949483,-0.302907,0.014798,0.003468,0.001638,200.576447
171907.671549,0.007230,0.034691,0.020900,0.081933,-0.949504,-0.302868,0.006813,0.000880,-0.001148,200.551422
171907.681553,0.011993,0.036994,0.012552,0.081888,-0.949546,-0.302747,-0.000894,-0.002816,-0.000399,200.527328
171907.691557,0.012350,0.034738,0.001557,0.081920,-0.949598,-0.302575,-0.005245,-0.001970,0.000283,200.507706
171907.701561,0.009743,0.033394,-0.004454,0.082018,-0.949634,-0.302437,-0.007982,-0.000256,0.002419,200.494690
171907.711566,0.003343,0.029294,-0.009181,0.082160,-0.949658,-0.302323,-0.006186,0.001828,0.005112,200.485962
171907.721570,0.004498,0.031209,-0.005893,0.082329,-0.949672,-0.302234,-0.000680,0.002086,0.005023,200.477936
171907.731574,0.004283,0.033875,0.003745,0.082462,-0.949684,-0.302161,0.006970,0.002220,0.003790,200.466400
171907.741578,0.008897,0.039509,0.019121,0.082488,-0.949706,-0.302083,0.015794,0.001784,0.002064,200.445908
171907.751583,0.010385,0.040792,0.026979,0.082391,-0.949749,-0.301976,0.015113,0.001766,0.004368,200.416367
171907.761587,0.006366,0.045297,0.026035,0.082260,-0.949797,-0.301861,0.007233,0.000181,0.002895,200.382874
171907.771591,0.002459,0.047214,0.024537,0.082137,-0.949835,-0.301773,0.002900,0.000052,0.004379,200.347534
171907.781595,0.000304,0.048466,0.019060,0.082048,-0.949861,-0.301714,0.002318,-0.000410,0.003695,200.313782
171907.791599,-0.000030,0.044276,0.011937,0.082029,-0.949878,-0.301666,0.001589,0.000660,0.001663,200.284988
171907.801604,0.005727,0.045289,0.009890,0.082067,-0.949897,-0.301596,-0.000463,0.001838,0.000921,200.260406
171907.811608,0.012854,0.045829,0.006106,0.082137,-0.949936,-0.301455,0.001374,0.002320,-0.001676,200.237503
171907.821612,0.020778,0.050997,0.006604,0.082254,-0.949992,-0.301248,0.003729,0.004114,-0.002036,200.215408
171907.831616,0.025111,0.066832,0.011734,0.082370,-0.950068,-0.300976,0.004148,0.002924,0.000347,200.188858
171907.841620,0.028278,0.098821,0.024446,0.082457,-0.950169,-0.300631,0.007936,0.002141,0.000963,200.144196
171907.851625,0.026222,0.110797,0.028410,0.082520,-0.950281,-0.300260,0.012038,0.003367,0.002118,200.085739
171907.861629,0.014486,0.120753,0.032248,0.082588,-0.950373,-0.299950,0.008400,0.003794,0.007363,200.021133
171907.871633,0.004932,0.121040,0.038648,0.082622,-0.950429,-0.299764,0.009175,0.005132,0.010397,199.950684
171907.881637,-0.000738,0.113176,0.040056,0.082593,-0.950463,-0.299664,0.008716,0.005746,0.009884,199.877640
171907.891641,0.011095,0.116175,0.042279,0.082553,-0.950510,-0.299525,0.006452,0.005381,0.002238,199.805710
171907.901646,0.022205,0.118178,0.040684,0.082500,-0.950592,-0.299282,0.002949,0.001296,-0.000477,199.734924
171907.911650,0.031675,0.140276,0.037005,0.082516,-0.950702,-0.298926,0.000599,0.000217,0.006079,199.659103
171907.921654,0.050864,0.157923,0.043403,0.082599,-0.950854,-0.298420,0.002454,-0.004316,0.002369,199.575851
171907.931658,0.067861,0.142908,0.048492,0.082613,-0.951073,-0.297718,0.006758,-0.010414,-0.005199,199.487198
171907.941663,0.081788,0.136964,0.040825,0.082619,-0.951332,-0.296887,0.007545,-0.007470,-0.003482,199.408096
171907.951667,0.097232,0.114140,0.047298,0.082582,-0.951637,-0.295917,0.010756,-0.000862,-0.008679,199.333893
171907.961671,0.095732,0.105602,0.043869,0.082482,-0.951968,-0.294879,0.006706,0.000888,-0.004896,199.265259
171907.971675,0.073624,0.121086,0.031431,0.082474,-0.952245,-0.293985,-0.004120,0.008077,0.015635,199.198807
171907.981679,0.054815,0.120643,0.018753,0.082595,-0.952447,-0.293298,-0.011886,0.014168,0.018624,199.136612
171907.991684,0.047783,0.120353,0.009687,0.082820,-0.952607,-0.292712,-0.013881,0.010606,0.015765,199.078873
171908.001688,0.033701,0.122552,-0.001197,0.083148,-0.952726,-0.292233,-0.006839,0.005643,0.011746,199.026276
171908.011692,0.022985,0.111126,-0.002033,0.083515,-0.952801,-0.291881,0.000347,0.006482,0.009151,198.978851
171908.021696,0.002614,0.100748,0.002145,0.083827,-0.952831,-0.291695,0.004964,0.007595,0.011101,198.935928
171908.031700,-0.013629,0.096354,0.004269,0.084096,-0.952809,-0.291691,0.006694,0.006718,0.013584,198.893341
171908.041705,-0.015386,0.107692,-0.005467,0.084385,-0.952756,-0.291778,0.006511,0.005018,0.010528,198.851181
171908.051709,-0.019688,0.098279,0.005656,0.084677,-0.952712,-0.291837,0.002603,0.005065,0.005369,198.807373
171908.061713,-0.020267,0.097687,0.004998,0.084889,-0.952663,-0.291935,-0.001637,0.003506,0.004582,198.760635
171908.071717,-0.003628,0.100687,0.002906,0.085129,-0.952639,-0.291945,-0.000504,0.004534,0.002730,198.715286
171908.081722,0.010329,0.107599,0.005753,0.085375,-0.952656,-0.291819,0.001035,0.006199,-0.002859,198.668213
171908.091726,0.023699,0.106534,0.007079,0.085611,-0.952718,-0.291546,0.004339,0.003866,-0.008503,198.619324
171908.101730,0.032536,0.109723,0.009861,0.085856,-0.952815,-0.291158,0.002813,0.002177,-0.006831,198.570786
171908.111734,0.033008,0.115248,0.007365,0.086114,-0.952931,-0.290702,0.001868,0.001835,-0.003853,198.521103
171908.121738,0.026840,0.119815,-0.000974,0.086426,-0.953025,-0.290299,-0.000015,0.003044,-0.000122,198.471558
171908.131743,0.010840,0.114325,-0.002721,0.086792,-0.953081,-0.290007,-0.001785,0.001680,0.004942,198.423599
171908.141747,-0.001239,0.106120,-0.001925,0.087132,-0.953090,-0.289876,0.000484,0.000331,0.003881,198.378799
171908.151751,0.001795,0.104786,-0.002213,0.087455,-0.953085,-0.289795,0.000863,-0.002604,0.003617,198.335464
171908.161755,0.011363,0.101486,-0.002580,0.087771,-0.953098,-0.289655,0.003202,-0.004162,-0.002154,198.292664
171908.171760,0.028392,0.099489,-0.002403,0.088106,-0.953146,-0.289396,0.004988,-0.003458,-0.007555,198.253006
171908.181764,0.042654,0.091287,0.000380,0.088404,-0.953246,-0.288976,0.009175,-0.000169,-0.008037,198.214828
171908.191768,0.046191,0.085452,0.007046,0.088620,-0.953379,-0.288470,0.012195,0.002726,-0.007978,198.176651
171908.201772,0.041711,0.082124,0.011581,0.088757,-0.953514,-0.287980,0.011310,0.004051,-0.001235,198.137604
171908.211777,0.032757,0.092929,0.013093,0.088889,-0.953633,-0.287547,0.004052,0.004460,0.007197,198.094955
171908.221781,0.023444,0.100807,0.012900,0.089031,-0.953728,-0.287187,-0.000393,0.005181,0.008348,198.046951
171908.231785,0.010916,0.104445,0.001238,0.089248,-0.953785,-0.286929,-0.004836,0.003468,0.011050,197.999969
171908.241789,0.007213,0.104285,-0.002281,0.089562,-0.953808,-0.286755,-0.004067,0.002865,0.010281,197.956741
171908.251793,0.008293,0.087128,0.008677,0.089816,-0.953827,-0.286614,0.007902,0.001755,0.005272,197.913956
171908.261798,0.013362,0.059317,0.021867,0.089871,-0.953870,-0.286452,0.022204,0.001401,0.000243,197.874680
171908.271802,0.024248,0.045081,0.030512,0.089778,-0.953941,-0.286247,0.020635,0.002876,-0.001900,197.839478
171908.281806,0.025268,0.047286,0.028138,0.089648,-0.954035,-0.285974,0.013776,0.002741,0.001123,197.804825
171908.291810,0.024242,0.065038,0.020602,0.089586,-0.954133,-0.285666,0.004621,0.001404,0.004690,197.768814
171908.301815,0.027097,0.082100,0.019542,0.089598,-0.954231,-0.285335,-0.000044,-0.004082,0.004863,197.727203
171908.311819,0.026660,0.088107,0.022613,0.089630,-0.954335,-0.284976,-0.002167,-0.007335,0.005222,197.679489
171908.321823,0.025539,0.077280,0.025437,0.089634,-0.954436,-0.284638,0.000988,-0.004015,0.003586,197.631409
171908.331827,0.020774,0.069389,0.017929,0.089663,-0.954523,-0.284336,-0.000277,0.002496,0.007144,197.590363
171908.341832,0.016554,0.060559,0.007224,0.089759,-0.954584,-0.284101,-0.005043,0.002710,0.008893,197.557404
171908.351836,0.013307,0.050570,-0.002982,0.089937,-0.954627,-0.283900,-0.005434,0.003272,0.006526,197.534454
171908.361840,0.004318,0.039106,-0.009743,0.090162,-0.954641,-0.283780,-0.003950,0.000585,0.005216,197.521362
171908.371844,-0.002430,0.036097,-0.000626,0.090314,-0.954644,-0.283721,0.007205,-0.000846,0.007903,197.509094
171908.381849,-0.007886,0.029985,0.022231,0.090309,-0.954641,-0.283733,0.016961,-0.000635,0.006389,197.489471
171908.391853,-0.014512,0.022005,0.038293,0.090079,-0.954644,-0.283796,0.021234,0.002038,0.005415,197.459610
171908.401857,-0.016450,0.023337,0.042745,0.089750,-0.954643,-0.283904,0.013674,0.006813,0.005812,197.426025
171908.411861,-0.016195,0.024573,0.030742,0.089466,-0.954633,-0.284028,-0.000385,0.008527,0.003022,197.393646
171908.421866,-0.018896,0.024966,0.014288,0.089309,-0.954610,-0.284155,-0.016082,0.009892,0.002401,197.368439
171908.431870,-0.016075,0.030639,-0.007105,0.089344,-0.954566,-0.284290,-0.023808,0.008552,0.001468,197.354126
171908.441874,-0.014890,0.029031,-0.019097,0.089562,-0.954513,-0.284400,-0.023614,0.007278,0.002295,197.348526
171908.451878,-0.018463,0.022633,-0.019248,0.089840,-0.954450,-0.284525,-0.010693,0.007962,0.004663,197.349030
171908.461882,-0.026137,0.014720,-0.014569,0.090092,-0.954372,-0.284707,0.002620,0.007884,0.005013,197.351913
171908.471887,-0.031153,0.011023,-0.012902,0.090282,-0.954282,-0.284949,0.008000,0.005154,0.004065,197.354691
171908.481891,-0.031409,0.007040,-0.003884,0.090413,-0.954179,-0.285250,0.014125,0.004869,0.002108,197.355057
171908.491895,-0.029575,0.008965,-0.001112,0.090459,-0.954088,-0.285541,0.011042,0.001314,-0.000729,197.351105
171908.501899,-0.023999,0.009786,0.009988,0.090430,-0.954016,-0.285790,0.014077,-0.000849,-0.003471,197.343307
171908.511904,-0.014037,0.010496,0.022001,0.090251,-0.953983,-0.285958,0.021397,0.000125,-0.004753,197.327011
171908.521908,-0.004560,0.014429,0.022630,0.090017,-0.953985,-0.286022,0.014628,0.001211,-0.005817,197.306671
171908.531912,-0.001423,0.020927,0.012557,0.089889,-0.953998,-0.286022,0.003785,0.002337,-0.004536,197.288925
171908.541916,-0.000108,0.029961,0.004053,0.089889,-0.954006,-0.285993,-0.004928,0.000851,-0.001101,197.273026
171908.551921,0.003501,0.035020,0.000312,0.089963,-0.954014,-0.285943,-0.007779,0.002125,0.002038,197.258713
171908.561925,0.005439,0.034494,-0.003465,0.090109,-0.954023,-0.285867,-0.009802,0.004683,-0.000037,197.246719
171908.571929,0.009110,0.035921,-0.010388,0.090290,-0.954038,-0.285763,-0.007709,0.005154,0.003002,197.235962
171908.581933,0.018051,0.024455,-0.009953,0.090493,-0.954063,-0.285612,-0.004922,0.004371,0.001890,197.230331
171908.591938,0.021279,0.011540,-0.011611,0.090691,-0.954101,-0.285422,-0.000161,0.006775,-0.001321,197.231293
171908.601942,0.020104,0.012843,-0.002648,0.090823,-0.954151,-0.285213,0.007260,0.002812,0.001171,197.233368
171908.611946,0.018455,0.013460,0.008757,0.090833,-0.954207,-0.285025,0.013858,-0.001497,0.005942,197.227066
171908.621951,0.009736,0.025101,0.008000,0.090802,-0.954255,-0.284874,0.007648,-0.000305,0.009651,197.215164
171908.631955,0.007345,0.039598,0.002036,0.090835,-0.954286,-0.284759,-0.002776,0.000459,0.011352,197.197937
171908.641959,-0.005982,0.051563,0.000307,0.090947,-0.954287,-0.284719,-0.005529,0.000735,0.010854,197.177902
171908.651963,-0.017317,0.048383,-0.007836,0.091112,-0.954258,-0.284763,-0.006990,0.001682,0.011371,197.157486
171908.661968,-0.017198,0.046514,-0.008501,0.091312,-0.954200,-0.284893,-0.005237,0.006782,0.010662,197.139908
171908.671972,-0.004261,0.045013,-0.007041,0.091520,-0.954157,-0.284971,-0.001722,0.008982,0.002988,197.123978
171908.681976,0.013005,0.047441,-0.002647,0.091716,-0.954163,-0.284887,0.002645,0.005814,-0.005640,197.108459
171908.691980,0.027600,0.040912,-0.004547,0.091908,-0.954219,-0.284637,0.002895,0.006298,-0.006653,197.094528
171908.701985,0.036753,0.034249,-0.007219,0.092077,-0.954315,-0.284261,0.005228,0.005127,-0.003718,197.083160
171908.711989,0.037740,0.032546,-0.010692,0.092254,-0.954418,-0.283857,0.003556,0.003323,0.000502,197.075668
171908.721993,0.024479,0.027654,-0.011904,0.092437,-0.954507,-0.283500,0.002229,-0.000983,0.007773,197.069870
171908.731997,0.000401,0.010113,-0.010062,0.092574,-0.954539,-0.283346,0.006684,-0.006032,0.011922,197.067474
171908.742002,-0.029538,-0.015274,-0.004628,0.092632,-0.954494,-0.283479,0.004108,-0.006382,0.016221,197.072174
171908.752006,-0.046254,-0.012283,0.000774,0.092614,-0.954377,-0.283880,0.005165,-0.004623,0.017797,197.078934
171908.762010,-0.044531,0.005675,0.000273,0.092598,-0.954247,-0.284322,0.004265,-0.007393,0.009267,197.078156
171908.772014,-0.027816,0.031338,-0.008202,0.092682,-0.954133,-0.284676,-0.004898,-0.003402,0.001641,197.071487
171908.782019,0.002561,0.037525,-0.008809,0.092906,-0.954083,-0.284771,-0.005152,-0.000888,-0.002827,197.057404
171908.792023,0.036908,0.037160,-0.009980,0.093105,-0.954131,-0.284545,0.003041,0.001937,-0.018052,197.051010
171908.802027,0.043636,0.047363,-0.008826,0.093305,-0.954245,-0.284096,0.001574,0.011679,-0.007347,197.040543
171908.812032,0.041178,0.071746,-0.002368,0.093538,-0.954368,-0.283605,-0.000932,0.013099,0.005407,197.020706
171908.822036,0.034555,0.083092,-0.003105,0.093799,-0.954484,-0.283131,-0.002719,0.012497,0.012593,196.992035
171908.832040,0.025173,0.085524,0.004413,0.094046,-0.954575,-0.282738,-0.000159,0.010392,0.014626,196.956757
171908.842044,0.007945,0.068650,0.017396,0.094171,-0.954628,-0.282520,0.008886,0.006370,0.013508,196.918182
171908.852049,-0.007911,0.052846,0.025529,0.094130,-0.954648,-0.282466,0.013261,0.004071,0.017543,196.879517
171908.862053,-0.015013,0.048769,0.028019,0.094008,-0.954635,-0.282549,0.008485,-0.000336,0.017809,196.840866
171908.872057,-0.013284,0.051330,0.020870,0.093914,-0.954608,-0.282674,0.003772,-0.001508,0.012273,196.805389
171908.882062,-0.005599,0.053594,0.007017,0.093928,-0.954583,-0.282752,-0.004939,-0.000541,0.006522,196.775223
171908.892066,-0.004400,0.057464,-0.005553,0.094067,-0.954570,-0.282750,-0.009625,0.003489,0.005514,196.750412
171908.902070,-0.002807,0.054987,-0.009042,0.094298,-0.954558,-0.282713,-0.009413,0.007491,0.005689,196.730942
171908.912074,-0.015020,0.051642,-0.014745,0.094576,-0.954529,-0.282720,-0.006639,0.009964,0.006398,196.715622
171908.922079,-0.031154,0.043310,-0.010144,0.094843,-0.954462,-0.282856,0.002172,0.014246,0.007709,196.702347
171908.932083,-0.036261,0.037231,-0.006925,0.095065,-0.954365,-0.283107,0.008206,0.011281,0.008250,196.689819
171908.942087,-0.038178,0.036215,0.000251,0.095225,-0.954261,-0.283403,0.011419,0.007286,0.003694,196.675293
171908.952092,-0.032953,0.033594,0.003009,0.095307,-0.954175,-0.283668,0.010559,0.001950,0.000754,196.657944
171908.962096,-0.021394,0.030864,-0.000172,0.095365,-0.954112,-0.283860,0.006792,-0.002065,-0.002350,196.640823
171908.972100,-0.013587,0.021286,-0.006528,0.095452,-0.954061,-0.284000,0.003380,-0.001154,-0.005307,196.630356
171908.982104,-0.015174,0.009634,-0.014417,0.095569,-0.954015,-0.284116,-0.001529,-0.001963,-0.005344,196.627396
171908.992109,-0.021917,-0.002557,-0.021894,0.095747,-0.953955,-0.284258,-0.005369,0.000433,-0.000761,196.635117
171909.002113,-0.031851,-0.017218,-0.026068,0.095968,-0.953860,-0.284504,-0.007910,0.003176,0.005314,196.652954
171909.012117,-0.035438,-0.018679,-0.028887,0.096195,-0.953738,-0.284833,-0.007969,0.004855,0.004514,196.675720
171909.022122,-0.031866,-0.014559,-0.025428,0.096425,-0.953617,-0.285162,-0.003728,0.002979,0.000341,196.697510
171909.032126,-0.023929,0.003486,-0.020413,0.096636,-0.953517,-0.285424,-0.001772,-0.000554,-0.003089,196.712311
171909.042130,-0.012424,0.022425,-0.012548,0.096826,-0.953455,-0.285566,0.001792,-0.001974,-0.005236,196.715988
171909.052134,-0.008821,0.030010,-0.010796,0.097013,-0.953415,-0.285638,0.000079,-0.004486,-0.003104,196.710876
171909.062139,-0.010779,0.029050,-0.006821,0.097173,-0.953379,-0.285702,0.000956,-0.003179,0.000225,196.702316
171909.072143,-0.023707,0.018876,-0.002641,0.097286,-0.953330,-0.285827,0.007923,-0.003472,0.001510,196.694092
171909.082147,-0.039541,0.008309,0.007667,0.097283,-0.953255,-0.286078,0.013831,-0.003257,0.004202,196.685318
171909.092152,-0.054110,0.004085,0.018167,0.097164,-0.953134,-0.286522,0.016544,-0.001303,0.006386,196.673279
171909.102156,-0.067444,-0.000442,0.020622,0.096970,-0.952979,-0.287103,0.012726,0.000174,0.006891,196.657608
171909.112160,-0.067169,0.002102,0.012304,0.096808,-0.952798,-0.287755,0.005075,0.003580,0.003957,196.644226
171909.122165,-0.056973,0.005364,0.004607,0.096737,-0.952623,-0.288361,-0.003078,0.005922,-0.003692,196.635284
171909.132169,-0.035230,0.013071,-0.006339,0.096779,-0.952494,-0.288771,-0.004174,0.005091,-0.010653,196.630386
171909.142173,-0.005163,0.020466,-0.011306,0.096915,-0.952426,-0.288950,-0.000861,0.005359,-0.014257,196.628204
171909.152177,0.022973,0.031183,-0.013625,0.097124,-0.952441,-0.288832,0.002882,0.005511,-0.012743,196.624924
171909.162182,0.043042,0.044782,-0.008257,0.097359,-0.952525,-0.288475,0.007347,0.004390,-0.010201,196.617981
171909.172186,0.051463,0.058552,-0.005449,0.097594,-0.952663,-0.287937,0.009370,-0.000050,-0.002056,196.603012
171909.182190,0.048314,0.065524,0.001932,0.097813,-0.952813,-0.287369,0.015133,-0.001060,0.005264,196.581223
171909.192195,0.042311,0.068978,0.009255,0.097963,-0.952951,-0.286859,0.014967,-0.001197,0.012720,196.551758
171909.202199,0.024915,0.064244,0.011290,0.098056,-0.953054,-0.286486,0.011518,-0.000911,0.017244,196.518845
171909.212203,0.017870,0.050425,0.010087,0.098112,-0.953121,-0.286241,0.010790,-0.000339,0.019457,196.488998
171909.222208,0.005656,0.027073,0.013618,0.098105,-0.953155,-0.286132,0.012399,-0.000306,0.018524,196.465363
171909.232212,-0.001860,0.008725,0.009219,0.098043,-0.953165,-0.286118,0.005931,-0.000356,0.015961,196.450974
171909.242216,-0.007920,-0.006225,0.002571,0.098003,-0.953149,-0.286185,0.000645,-0.001120,0.015738,196.446518
171909.252221,-0.015504,-0.010637,0.000500,0.097980,-0.953116,-0.286304,-0.000812,0.000479,0.016300,196.449677
171909.262225,-0.021354,-0.009742,-0.000372,0.097983,-0.953057,-0.286501,-0.000006,-0.001732,0.016527,196.455017
171909.272229,-0.029195,-0.002801,-0.000038,0.097987,-0.952985,-0.286738,0.004979,-0.005527,0.014704,196.457809
171909.282233,-0.033235,-0.004295,0.005244,0.097970,-0.952903,-0.287015,0.008032,-0.003701,0.013502,196.457214
171909.292238,-0.036402,0.001879,0.011236,0.097904,-0.952816,-0.287325,0.011654,-0.002841,0.012224,196.452713
171909.302242,-0.040309,0.005456,0.012184,0.097830,-0.952725,-0.287653,0.010431,-0.003345,0.006556,196.444687
171909.312246,-0.032084,0.009995,0.011105,0.097761,-0.952639,-0.287963,0.006152,-0.003370,0.004287,196.432816
171909.322251,-0.026109,0.012568,0.013633,0.097685,-0.952573,-0.288207,0.003161,-0.001407,0.000411,196.420044
171909.332255,-0.017899,0.014456,0.012099,0.097598,-0.952530,-0.288377,0.001218,0.004272,0.000536,196.405975
171909.342259,-0.013851,0.020299,0.009536,0.097567,-0.952498,-0.288492,-0.001513,0.001739,-0.002325,196.392639
171909.352264,-0.009364,0.027301,0.003922,0.097585,-0.952477,-0.288556,-0.002767,0.007989,-0.003299,196.377823
171909.362268,0.005028,0.033399,0.003135,0.097642,-0.952484,-0.288514,-0.001542,0.006393,-0.003235,196.363693
171909.372272,0.020770,0.048950,0.001671,0.097748,-0.952529,-0.288330,-0.003876,0.007384,-0.005371,196.345749
171909.382277,0.033333,0.058384,-0.003127,0.097921,-0.952607,-0.288012,-0.004293,0.010362,-0.005003,196.325058
171909.392281,0.042975,0.060659,-0.004414,0.098140,-0.952714,-0.287586,-0.003398,0.008271,-0.003247,196.303818
171909.402285,0.045726,0.063804,0.001452,0.098330,-0.952842,-0.287095,0.003507,0.003928,-0.000976,196.279831
171909.412290,0.035518,0.062854,-0.000278,0.098510,-0.952959,-0.286643,0.004701,0.002398,0.006797,196.254486
171909.422294,0.022252,0.067523,0.002427,0.098685,-0.953044,-0.286300,0.004358,0.000682,0.011993,196.226868
171909.432298,0.005766,0.064024,0.008496,0.098820,-0.953087,-0.286112,0.005718,-0.000816,0.014490,196.196304
171909.442303,-0.013241,0.051329,0.007077,0.098901,-0.953085,-0.286090,0.004691,-0.000437,0.017947,196.165787
171909.452307,-0.024132,0.037508,0.005960,0.098943,-0.953035,-0.286242,0.004801,-0.000181,0.016482,196.141159
171909.462311,-0.023156,0.031379,0.008453,0.098966,-0.952967,-0.286459,0.001758,0.000941,0.013800,196.121674
171909.472316,-0.016665,0.024707,0.009164,0.098951,-0.952910,-0.286655,0.003390,0.000014,0.009312,196.103531
171909.482320,-0.010414,0.021276,0.004937,0.098943,-0.952880,-0.286757,0.001490,0.000015,0.007445,196.089218
171909.492324,-0.013130,0.021931,-0.006364,0.099015,-0.952850,-0.286833,-0.001481,0.002319,0.008162,196.080917
171909.502329,-0.022630,0.024412,-0.015038,0.099202,-0.952793,-0.286957,-0.002018,0.001743,0.011399,196.076569
171909.512333,-0.036281,0.020653,-0.015474,0.099427,-0.952701,-0.287186,0.001724,-0.001431,0.014206,196.075333
171909.522337,-0.056681,0.015833,-0.010148,0.099605,-0.952560,-0.287591,0.008427,-0.003174,0.019388,196.073654
171909.532342,-0.078832,0.015321,-0.010214,0.099748,-0.952361,-0.288200,0.009444,0.000655,0.019081,196.070236
171909.542346,-0.086484,0.015396,-0.013147,0.099909,-0.952114,-0.288958,0.007482,-0.000217,0.013964,196.067001
171909.552350,-0.084506,0.007504,-0.006730,0.100037,-0.951861,-0.289747,0.007949,-0.001966,0.005797,196.064285
171909.562355,-0.067033,-0.003737,-0.002723,0.100079,-0.951643,-0.290447,0.009754,-0.002657,-0.004292,196.062363
171909.572359,-0.046572,-0.010234,-0.003423,0.100083,-0.951482,-0.290974,0.010925,-0.001277,-0.009777,196.064331
171909.582363,-0.030645,-0.003577,-0.008233,0.100115,-0.951373,-0.291318,0.009702,0.000812,-0.010928,196.068192
171909.592368,-0.012745,0.002984,-0.004786,0.100159,-0.951313,-0.291498,0.006286,0.000660,-0.009406,196.070038
171909.602372,-0.000837,0.014834,-0.000788,0.100223,-0.951310,-0.291488,0.006589,-0.000839,-0.009949,196.067307
171909.612376,0.002528,0.020906,0.004546,0.100272,-0.951325,-0.291422,0.010782,-0.001510,-0.006628,196.059464
171909.622381,0.001282,0.025260,0.005661,0.100299,-0.951346,-0.291344,0.005231,-0.002619,-0.002601,196.047501
171909.632385,-0.000756,0.026140,-0.000971,0.100350,-0.951353,-0.291303,-0.000145,0.000563,-0.000018,196.034821
171909.642390,0.004001,0.022218,-0.003803,0.100458,-0.951353,-0.291265,-0.004434,0.002653,0.000829,196.026474
171909.652394,0.009868,0.013662,-0.004984,0.100568,-0.951363,-0.291194,-0.004178,0.003167,0.001307,196.022446
171909.662398,0.017576,0.012555,-0.011907,0.100698,-0.951390,-0.291063,-0.002630,0.003361,-0.001601,196.022980
171909.672403,0.020586,0.018970,-0.015286,0.100879,-0.951429,-0.290870,-0.005832,0.004087,0.002601,196.025696
171909.682407,0.027995,0.035331,-0.017526,0.101127,-0.951481,-0.290616,-0.005851,0.003285,0.004040,196.025787
171909.692411,0.030329,0.047973,-0.015359,0.101433,-0.951542,-0.290308,-0.003274,0.003758,0.003702,196.020752
171909.702416,0.024327,0.052280,-0.012099,0.101732,-0.951602,-0.290007,-0.000795,0.007709,0.006148,196.008514
171909.712420,0.011730,0.038724,-0.010906,0.101966,-0.951643,-0.289791,0.002022,0.009428,0.009899,195.995728
171909.722424,0.001243,0.037089,-0.011020,0.102171,-0.951648,-0.289701,-0.000884,0.011035,0.010572,195.986191
171909.732429,0.012614,0.041404,-0.013409,0.102388,-0.951656,-0.289600,-0.003099,0.007946,0.005893,195.976974
171909.742433,0.025930,0.039979,-0.022276,0.102686,-0.951690,-0.289382,-0.005717,0.006255,0.003494,195.970505
171909.752437,0.034629,0.027728,-0.029828,0.103020,-0.951753,-0.289055,-0.003243,0.005373,0.004524,195.970947
171909.762442,0.028282,0.003282,-0.020249,0.103302,-0.951823,-0.288725,0.009506,0.001124,0.008299,195.979843
171909.772446,0.015082,-0.028206,-0.020787,0.103458,-0.951867,-0.288524,0.015377,-0.002448,0.012432,195.996368
171909.782451,-0.006330,-0.061610,-0.025392,0.103550,-0.951859,-0.288515,0.012538,-0.006011,0.020083,196.029343
171909.792455,-0.027287,-0.068610,-0.031875,0.103642,-0.951783,-0.288734,0.003169,-0.006454,0.024941,196.073456
