165030.120629,146.102051,15.661011,129.472992
165030.161931,146.090897,15.656097,129.428970
165030.203234,145.948090,15.670212,129.281342
165030.244543,146.230835,15.714447,129.622238
165030.285846,146.009659,15.722824,129.375793
165030.327144,146.097198,15.612793,129.547424
165030.368450,146.022873,15.558044,129.672623
165030.409754,145.829453,15.767761,129.660965
165030.451061,146.059769,15.696625,129.387634
165030.492365,146.283554,15.494400,129.718048
165030.533667,145.922241,15.731094,129.599228
165030.574977,146.321976,15.567627,129.576447
165030.616275,146.077194,15.645020,129.394989
165030.657579,145.996429,15.889679,129.622482
165030.698883,146.101425,15.569443,129.831238
165030.740189,145.941559,15.692657,129.658981
165030.781498,146.142853,15.831741,129.486053
165030.822801,146.210129,15.632141,129.402435
165030.864105,146.028305,15.466904,129.336945
165030.905407,146.195084,15.627762,129.417511
165030.946705,146.123413,15.531784,129.303833
165030.988013,146.240799,15.557587,129.670837
165031.029314,146.350891,15.476318,129.696884
165031.070617,146.341049,15.710602,129.668274
165031.111920,146.153214,15.728912,129.191513
165031.153217,146.223709,15.346634,129.516998
165031.194525,145.930069,15.585342,129.863968
165031.235821,146.302170,15.695282,129.738739
165031.277128,146.235901,15.692657,129.639023
165031.318439,146.226547,15.623718,129.511398
165031.359741,146.370178,15.627090,129.559708
165031.401046,146.407806,15.255188,129.424637
165031.442348,146.365372,15.353851,129.516342
165031.483651,146.312637,15.383072,129.512497
165031.524947,146.341492,15.206879,129.646851
165031.566255,146.273560,15.373978,129.595001
165031.607550,146.323578,15.260666,129.478119
165031.648857,146.312653,15.392746,129.638962
165031.690155,146.035858,15.768448,129.893433
165031.731462,146.167023,15.705505,129.777313
165031.772760,145.986938,15.504288,129.524490
165031.814069,146.159149,15.670303,130.128586
165031.855371,146.279877,15.753448,129.698456
165031.896668,146.061035,15.598312,129.485550
165031.937975,146.067184,15.620071,129.419434
165031.979271,145.865265,15.817215,129.457794
165032.020573,146.098297,15.662094,129.395157
165032.061879,146.098602,15.737320,129.233887
165032.103180,146.095398,15.699310,129.103531
165032.144481,146.098129,15.602188,129.219055
165032.185776,146.119858,15.700394,129.399368
165032.227081,146.114777,15.663361,129.450821
165032.268391,146.106552,15.602524,129.432190
165032.309684,146.094757,15.580215,129.563950
165032.350985,146.139267,15.565552,129.649002
165032.392289,145.971878,15.628510,129.877655
165032.433596,146.014679,15.777176,129.477188
165032.474889,145.882904,15.805313,129.636887
165032.516188,145.881180,15.849884,129.618286
165032.557495,146.038940,15.717499,129.692230
165032.598796,146.127014,15.690933,129.120163
165032.640091,146.052750,15.785492,129.284927
165032.681390,145.771530,15.735580,129.530151
165032.722692,145.839752,15.829514,129.588455
165032.764001,145.900192,15.873672,129.291733
165032.805297,145.888916,15.874237,129.620499
165032.846599,145.940094,15.864273,129.451675
165032.887906,145.763672,15.739304,129.662933
165032.929204,145.795502,15.739716,129.766617
165032.970510,145.993256,15.532074,129.444107
165033.011812,146.052475,15.825180,129.703476
165033.053120,146.005386,15.997910,129.640472
165033.094416,145.937500,15.715424,129.701080
165033.135726,145.804352,15.708618,129.647003
165033.177028,145.992874,15.668472,129.401794
165033.218325,145.921661,15.767532,129.663864
165033.259630,145.938232,15.892288,129.238083
165033.300938,145.724426,15.899368,129.368439
165033.342231,146.093460,15.657394,129.670685
165033.383533,146.120148,15.865005,129.539581
165033.424836,146.226395,15.758972,129.573318
165033.466139,146.069443,15.720917,129.526520
165033.507443,146.113037,15.723862,129.366837
165033.548746,146.232803,15.695389,129.347504
165033.590048,146.197418,15.524261,129.647079
165033.631356,146.256531,15.607330,129.446335
165033.672654,146.031967,15.719284,129.294739
165033.713951,146.175049,15.529907,129.478699
165033.755249,146.093582,15.686005,129.705704
165033.796549,146.162628,15.843704,129.498215
165033.837842,146.244202,15.705933,129.379547
165033.879142,146.260452,15.871063,129.285355
165033.920442,146.128433,15.724884,129.512756
165033.961749,146.123367,15.569473,129.540604
165034.003049,145.934311,15.722702,129.301544
165034.044350,146.180771,15.881836,129.139877
165034.085644,146.069199,15.960602,129.357895
165034.126950,146.171799,15.623062,129.166214
165034.168242,146.034912,15.673904,129.517120
165034.209541,145.957565,15.923706,129.219818
165034.250840,145.864746,15.861969,129.630936
165034.292149,146.098984,15.699097,129.369629
165034.333444,145.879044,16.007477,129.632782
165034.374746,145.851776,15.949005,129.444168
165034.416049,145.854050,15.969406,129.313110
165034.457352,146.018677,15.930191,129.304794
165034.498655,145.954895,15.887955,129.353394
165034.539966,145.835526,15.998062,129.523819
165034.581269,146.100464,15.768814,129.272949
165034.622565,146.357422,15.843094,129.516953
165034.663867,146.179413,15.882568,129.210815
165034.705176,146.158005,15.835052,129.557800
165034.746478,146.353745,15.845474,129.096222
165034.787771,146.142120,15.922928,129.438339
165034.829073,146.254700,15.756989,129.380173
165034.870375,146.129288,15.854752,129.096909
165034.911684,146.095306,15.893890,129.392899
165034.952980,146.150787,15.831268,129.289108
165034.994283,146.278198,15.787949,129.347260
165035.035587,145.979843,15.937500,129.185593
165035.076892,145.986420,15.820358,129.437012
165035.118194,145.642059,15.793533,129.442261
165035.159498,146.037704,15.806396,129.817566
165035.200801,146.086014,15.610062,129.583878
165035.242109,145.909760,15.799271,129.165649
165035.283408,146.126465,15.717590,129.095093
165035.324701,146.014236,15.814270,129.524460
165035.366003,146.035172,15.726334,129.729919
165035.407309,145.886688,15.878784,129.052765
165035.448603,145.893631,15.730560,129.202896
165035.489911,145.731277,15.926697,129.300583
165035.531207,146.126785,15.827148,129.422760
165035.572509,145.992630,15.672150,129.332657
165035.613811,146.129959,15.653809,129.632401
165035.655115,146.045761,15.569748,129.737701
165035.696417,145.847626,15.853622,129.519409
165035.737720,145.966354,15.733124,129.575974
165035.779027,146.257080,15.699051,129.399460
165035.820322,145.919266,15.804886,129.441940
165035.861627,146.076233,15.713364,129.260239
165035.902931,145.915970,15.859344,129.780884
165035.944233,145.864716,15.843613,129.591278
165035.985536,146.120911,15.615906,129.419479
165036.026840,146.248383,15.727615,129.362488
165036.068143,146.101761,15.794571,129.244263
165036.109446,145.877869,16.020370,129.475067
165036.150748,145.923569,15.667068,129.158127
165036.192050,145.895844,15.736511,129.079865
165036.233358,146.082581,15.687180,129.565506
165036.274654,145.854813,15.834473,129.771652
165036.315959,146.046173,15.714417,129.555603
165036.357264,146.113876,15.576126,129.491867
165036.398570,145.980759,15.605850,129.439011
165036.439876,146.059769,15.857819,129.665009
165036.481180,146.076675,15.708084,129.839096
165036.522485,145.846466,15.532196,129.765854
165036.563788,146.116364,15.721588,129.795715
165036.605087,145.863678,15.735077,129.204590
165036.646390,146.177795,15.570251,129.604599
165036.687701,145.694305,15.824783,129.689911
165036.728999,145.710617,15.810410,129.540665
165036.770303,145.805145,15.693695,129.714218
165036.811604,145.829544,15.669983,129.630524
165036.852911,145.780182,15.899689,129.664307
165036.894212,145.770111,15.906143,129.209610
165036.935513,146.172577,15.597488,129.121033
165036.976806,145.860291,15.839371,129.240936
165037.018105,146.022232,15.696548,129.431152
165037.059411,145.963470,15.896698,129.566986
165037.100709,145.977783,15.914032,129.079529
165037.142008,145.774429,15.881516,129.395966
165037.183308,145.981033,15.801071,129.721924
165037.224607,146.051971,15.951477,129.306976
165037.265907,145.712952,15.878738,129.474991
165037.307208,145.835571,15.890717,129.633835
165037.348502,145.965591,15.703842,129.344360
165037.389803,145.872009,15.733749,129.211426
165037.431108,145.946304,15.885162,129.134262
165037.472409,145.752045,15.869308,129.416626
165037.513710,145.734344,15.910965,129.463013
165037.555011,145.575348,15.921051,129.208176
165037.596303,145.666397,15.929230,129.176346
165037.637604,145.786880,15.973236,129.550919
165037.678910,145.739578,16.063278,129.396179
165037.720208,145.552292,15.943420,129.303329
165037.761506,145.693359,15.743195,129.236694
165037.802805,145.768051,15.945709,129.492691
165037.844105,145.803970,15.785126,129.755463
165037.885404,145.850586,15.733948,129.616928
165037.926698,145.564758,15.889343,129.502869
165037.968005,145.755280,16.014999,129.588943
165038.009301,145.822662,16.037155,129.866547
165038.050607,145.669052,15.805069,129.564667
165038.091901,145.747467,15.910400,129.874237
165038.133203,145.835678,15.737457,129.861298
165038.174510,145.708832,15.920410,129.507431
165038.215810,145.794022,15.913086,129.677734
165038.257108,145.948181,15.865555,129.612961
165038.298410,145.820419,15.943710,129.425659
165038.339718,145.638748,15.885086,129.345352
165038.381011,145.888748,15.802170,129.554214
165038.422317,145.823090,15.979599,129.419189
165038.463617,145.631027,15.946732,129.585617
165038.504915,145.880920,15.807724,129.507172
165038.546211,145.824631,15.662003,129.242950
165038.587509,146.124268,15.654541,129.507950
165038.628808,145.983810,15.810013,129.275986
165038.670100,145.993164,15.701080,129.519012
165038.711401,145.905411,15.834030,129.750687
165038.752701,145.837784,16.017120,129.638199
165038.794008,145.911484,15.952881,129.588333
165038.835305,145.948837,15.657181,129.773682
165038.876595,145.852127,15.906937,129.764984
165038.917899,145.774124,15.952560,129.956314
165038.959196,145.683273,15.942871,129.969559
165039.000496,145.793091,15.764069,129.160248
165039.041793,145.842087,16.193314,129.368729
165039.083092,145.799820,16.153030,129.536789
165039.124384,145.817902,16.066666,129.828674
165039.165688,145.897308,16.030029,129.638779
165039.206985,145.699158,16.055054,129.616531
165039.248285,145.713593,16.097412,129.654327
165039.289577,145.933487,15.699341,129.768478
165039.330877,145.855469,15.964645,129.620697
165039.372177,145.796494,15.959457,129.664810
165039.413483,145.777084,15.970520,129.708267
165039.454781,145.627914,15.820038,129.642181
165039.496072,145.793106,15.782730,129.772995
165039.537378,145.801590,15.981979,129.656738
165039.578673,145.689407,15.829987,129.686493
165039.619976,145.757751,15.920975,129.578583
165039.661285,145.870834,15.989410,129.612640
165039.702578,146.135971,15.808273,129.594559
165039.743885,145.786606,16.015472,129.548431
165039.785180,146.200775,15.879074,129.674042
165039.826480,145.984726,16.047272,129.776260
165039.867783,145.934067,15.982697,129.773621
165039.909092,145.871063,15.948547,129.774063
165039.950392,145.827728,15.547424,129.693817
165039.991687,145.767014,15.959961,129.664764
165040.032990,146.004395,15.670090,129.942673
165040.074298,145.951538,15.906067,129.866821
165040.115595,146.056946,15.863647,129.847656
165040.156902,145.864609,15.978104,129.939438
165040.198197,146.104385,15.871429,130.077911
165040.239507,145.950150,16.026718,129.506485
165040.280810,146.251419,15.729630,130.086563
165040.322114,146.171097,15.711731,129.703903
165040.363415,146.073212,15.773560,129.956573
165040.404714,146.050659,15.901199,130.018967
165040.446014,145.965225,15.997498,129.760925
165040.487309,146.109589,15.791122,129.892883
165040.528609,145.950012,15.821716,129.857285
165040.569910,145.968628,15.907043,129.637634
165040.611218,146.043777,16.007294,129.675949
165040.652512,146.011414,15.806107,129.186249
165040.693818,146.044662,15.895630,129.597595
165040.735111,146.040787,15.892548,129.596268
165040.776411,146.075378,15.850983,129.358978
165040.817718,146.044586,15.793686,129.317932
165040.859019,145.783188,16.032074,129.540649
165040.900318,145.937500,16.147217,129.388321
165040.941611,146.019836,15.810425,129.136963
165040.982918,146.011719,15.993240,129.285522
165041.024219,146.119339,15.738007,129.473999
165041.065512,146.034698,15.588501,129.362534
165041.106817,146.054657,15.562180,129.510818
165041.148115,146.010132,15.662674,129.492386
165041.189414,145.845383,15.942566,129.792877
165041.230712,146.024429,16.162186,129.683075
165041.272009,145.944061,15.882233,129.556946
165041.313309,146.061646,16.092590,129.559830
165041.354610,146.144516,15.828995,129.307587
165041.395911,145.846893,15.975616,129.644547
165041.437204,146.130707,16.055359,129.180481
165041.478511,145.729874,15.882019,129.613037
165041.519811,145.799149,16.009033,129.280807
165041.561107,145.960114,15.887924,129.215576
165041.602409,145.820465,15.939926,129.387558
165041.643710,145.868729,16.048264,129.371445
165041.685011,145.893265,15.873077,129.214005
165041.726318,145.808014,16.042755,129.393021
165041.767612,146.058014,15.682281,129.283569
165041.808917,145.959595,16.056915,129.296036
165041.850227,145.814346,16.042892,129.243713
165041.891522,145.885651,15.900131,129.238373
165041.932828,146.035995,15.898376,129.084824
165041.974122,145.917511,16.009445,129.337402
165042.015429,146.090744,16.115799,128.965088
165042.056729,145.988663,15.894180,129.406158
165042.098023,145.845337,15.958374,129.087952
165042.139328,145.919159,15.935715,129.295273
165042.180623,145.961716,15.884857,129.343338
165042.221931,145.880035,15.951019,129.490219
165042.263227,145.964050,15.749481,129.324295
165042.304526,146.063553,15.792038,129.263550
165042.345820,145.974640,15.783051,129.321274
165042.387122,145.675537,15.874832,129.789322
165042.428428,145.974884,15.934341,129.326324
165042.469721,145.825546,16.024719,129.505814
165042.511022,145.699478,15.893219,129.625320
165042.552332,145.860367,15.874146,129.627548
165042.593628,145.875198,15.947342,129.794098
165042.634936,145.825394,16.014023,129.543976
165042.676230,145.869278,15.912888,129.090210
165042.717531,145.975876,15.823334,129.328354
165042.758833,145.941544,15.915176,129.343506
165042.800135,145.880203,16.050598,129.396027
165042.841443,145.847031,15.962769,129.412521
165042.882743,145.941422,15.900009,129.390549
165042.924037,146.054214,15.975449,129.190628
165042.965339,145.767990,15.905716,129.184708
165043.006644,146.024765,15.902847,129.095779
165043.047956,146.078766,15.690445,129.088669
165043.089253,146.005936,15.854126,129.551392
165043.130557,145.967453,15.809067,129.230453
165043.171867,145.931931,15.804550,129.301590
165043.213171,146.057312,15.986954,129.690369
165043.254470,145.887436,15.948303,129.450851
165043.295773,145.889969,15.834213,129.582458
165043.337076,145.824753,16.061218,129.561356
165043.378377,145.889023,16.054520,129.433289
165043.419678,145.958542,16.111801,129.596863
165043.460980,146.002899,15.924088,129.385056
165043.502283,145.822021,16.106735,129.362305
165043.543584,145.714661,15.871109,129.564972
165043.584892,145.888275,15.734802,129.491089
165043.626194,145.931610,15.806747,129.533539
165043.667487,145.910538,15.602905,129.453674
165043.708789,145.935867,15.899124,129.546555
165043.750090,145.938858,16.023453,129.627228
165043.791391,145.900513,16.075592,129.595108
165043.832699,145.777664,15.973602,129.492874
165043.873993,145.888702,16.066879,129.481583
165043.915300,146.069397,15.752426,129.266968
165043.956596,145.884491,15.971390,129.302460
165043.997905,146.030807,16.018463,129.520691
165044.039205,146.007965,15.750565,129.195541
165044.080505,145.843719,15.839752,129.264526
165044.121799,145.893051,16.036987,129.738892
165044.163100,146.057877,15.686584,129.707596
165044.204401,146.132278,15.781677,129.830902
165044.245700,145.798264,15.754654,129.565811
165044.287008,145.953308,15.682465,129.546722
165044.328308,145.953644,15.658096,129.849792
165044.369609,145.855682,15.987000,129.877228
165044.410904,146.124832,15.975006,129.217331
165044.452206,146.095734,15.742783,129.333939
165044.493508,146.186127,15.848770,129.302017
165044.534811,146.259903,15.791168,129.411774
165044.576116,146.067703,15.824661,129.273773
165044.617419,146.344116,15.694229,128.907135
165044.658723,146.112961,15.704803,129.272232
165044.700026,145.988983,15.766083,129.317154
165044.741330,146.190170,15.865601,129.141357
165044.782633,146.197464,15.963699,129.211258
165044.823936,146.088348,16.029190,128.999969
165044.865238,146.085175,15.825027,129.178055
165044.906540,146.121719,15.887680,129.227280
165044.947845,145.935684,16.085876,129.002228
165044.989148,145.960770,16.027557,129.021652
165045.030452,145.980637,15.920898,129.347702
165045.071758,145.886780,16.084396,129.037216
165045.113055,146.074417,16.326950,129.139297
165045.154359,146.008774,16.124161,129.351761
165045.195669,145.876099,16.174240,129.339691
165045.236963,146.017822,15.962189,129.328445
165045.278261,146.011246,16.114792,129.356720
165045.319563,146.039093,15.801804,129.431702
165045.360867,145.952637,16.139343,129.284790
165045.402169,145.977768,16.034164,129.626770
165045.443473,145.956497,15.824463,129.137100
165045.484779,146.045990,15.838181,129.568161
165045.526083,145.895325,15.746109,129.236664
165045.567385,146.047592,15.976318,129.512589
165045.608690,146.028091,15.945679,129.361908
165045.649995,145.993988,15.906204,128.914581
165045.691299,145.850937,15.911942,129.450455
165045.732602,146.028122,15.807007,129.503204
165045.773905,145.876099,15.921555,129.057571
165045.815208,145.828903,16.006088,129.395142
165045.856510,145.842865,15.730576,129.473709
165045.897813,145.858215,15.731628,129.256393
165045.939116,145.935379,15.843063,129.293640
165045.980418,146.020920,15.936523,129.100815
165046.021723,145.844788,15.853302,128.993561
165046.063030,145.878937,15.987991,129.487167
165046.104335,145.918747,15.820999,129.883850
165046.145637,146.041809,15.922150,129.401367
165046.186939,146.089203,15.872177,129.416077
165046.228244,145.822128,16.022629,129.261871
165046.269543,146.038101,15.931107,129.419769
165046.310842,146.126984,15.603058,129.607010
165046.352136,146.159927,15.852051,129.193436
165046.393439,146.088745,15.871994,129.469681
165046.434746,146.173096,15.818680,129.256775
165046.476040,146.100754,15.984909,129.423798
165046.517347,145.700119,15.818878,129.416534
165046.558643,146.104431,15.659485,129.573441
165046.599951,145.806824,15.971222,129.554977
165046.641250,145.991730,15.952759,129.296417
165046.682548,146.023712,15.882645,129.485870
165046.723844,145.895752,15.816666,129.874588
165046.765153,146.201523,15.881210,129.363190
165046.806448,145.862701,16.088058,129.528687
165046.847748,145.905075,16.042511,129.292664
165046.889052,145.959137,16.152740,129.723999
165046.930347,145.962204,16.114868,129.361832
165046.971650,145.825668,16.132660,129.371063
165047.012947,146.000595,15.799820,129.114944
165047.054239,145.861862,16.049011,129.586365
165047.095544,145.894684,15.874344,129.448837
165047.136839,145.970322,15.899536,129.795563
165047.178140,146.031433,16.019119,129.377960
165047.219445,146.053329,15.800400,129.374619
165047.260734,145.916473,16.090195,129.493896
165047.302039,145.841644,15.888947,129.534256
165047.343332,146.025574,15.751831,129.417099
165047.384637,145.945099,15.877884,129.489975
165047.425935,145.937714,15.881912,129.347412
165047.467233,146.064804,15.617493,129.419922
165047.508533,145.941269,15.935654,129.718033
165047.549827,146.008759,15.896210,129.434036
165047.591135,145.927582,15.877060,129.295074
165047.632435,146.138153,15.869751,129.445648
165047.673731,145.924545,15.935471,129.434509
165047.715039,146.052002,15.754639,129.505966
165047.756334,145.957001,16.115829,129.412582
165047.797638,146.142044,15.998535,129.471313
165047.838947,146.336731,15.757401,129.392197
165047.880242,146.104538,15.534988,129.450760
165047.921553,146.247955,15.653702,129.601517
165047.962846,146.115005,15.920059,129.650330
165048.004155,146.151764,15.623199,129.674240
165048.045454,145.997147,15.798172,129.370026
165048.086749,146.021347,15.946716,129.206253
165048.128057,146.154022,15.772217,129.570328
165048.169358,146.221405,15.548721,129.566406
165048.210658,146.064453,15.625168,129.285492
165048.251952,146.249329,15.667999,129.286224
165048.293260,146.100052,15.746323,129.707153
165048.334554,145.932327,15.839600,129.433273
165048.375855,145.930176,15.796661,129.529877
165048.417162,146.019211,15.873932,129.579269
165048.458455,146.298752,15.778473,129.211823
165048.499756,146.257111,15.659317,129.444473
165048.541057,146.088699,15.916199,128.986389
165048.582357,146.167023,15.608887,129.739120
165048.623658,146.232147,15.780945,129.344101
165048.664960,145.892822,15.852997,129.440659
165048.706263,146.013184,15.783478,129.630325
165048.747566,146.046051,15.812637,129.555115
165048.788876,145.969086,16.039505,129.338440
165048.830171,146.132660,15.912735,129.277985
165048.871482,146.159607,15.918304,129.542542
165048.912786,145.919540,16.149582,129.601471
165048.954087,146.165939,15.961548,129.592178
165048.995387,145.813095,16.065704,129.596558
165049.036685,146.001602,15.933884,129.635910
165049.077978,145.887466,15.790512,129.448318
165049.119281,146.012817,15.880234,129.459518
165049.160591,145.819504,16.006927,129.634964
165049.201886,145.853775,16.070450,129.526505
165049.243188,145.644470,16.119568,129.666962
165049.284490,146.125946,15.992096,129.561050
165049.325797,146.117676,15.911209,129.622620
165049.367091,145.839722,15.879593,129.720642
165049.408393,146.143890,15.797104,129.555435
165049.449700,146.150208,15.802719,129.582306
165049.490995,145.975555,15.987228,129.772690
165049.532295,146.145615,15.786713,129.877518
165049.573600,146.216995,15.885849,129.576859
165049.614899,146.220383,15.777878,129.910461
165049.656201,146.357971,15.613449,129.534271
165049.697502,146.110382,15.914047,129.584122
165049.738796,145.883362,15.977036,129.611572
165049.780105,146.125595,16.127396,129.587387
165049.821407,146.083313,15.946045,129.608582
165049.862702,146.091629,15.959366,129.839951
165049.904004,146.092102,15.929321,129.345291
165049.945312,145.986008,15.958923,129.608185
165049.986615,145.857849,16.017700,129.530746
165050.027912,145.853241,16.050369,129.107239
165050.069214,146.092224,16.062042,129.435059
165050.110519,146.106888,16.033432,129.726990
165050.151823,146.075607,15.783340,129.324600
165050.193129,145.983200,15.942780,129.616882
165050.234433,145.944824,16.024948,129.559387
165050.275741,145.833221,16.051620,129.583755
165050.317039,145.861069,15.948288,129.440903
165050.358341,145.929993,15.734222,129.551193
165050.399645,145.963974,15.920456,129.457138
165050.440948,146.057678,15.878510,129.471451
165050.482255,145.876266,15.962448,129.770386
165050.523563,145.961670,16.161896,129.596313
165050.564869,146.142883,16.020081,129.435898
165050.606171,146.282303,15.924271,129.451401
165050.647474,146.056854,15.932724,129.637939
165050.688776,145.947937,15.942627,129.599411
165050.730080,145.857788,16.029694,129.739426
165050.771389,146.071732,15.878036,129.399460
165050.812684,146.109558,15.968933,129.544144
165050.853997,146.192825,15.992981,129.862778
165050.895299,146.141205,15.879288,129.715775
165050.936595,146.183487,15.914185,129.557358
165050.977898,146.054764,15.945129,129.765854
165051.019207,146.153778,16.006073,129.603378
165051.060501,146.210846,15.996460,129.431595
165051.101810,145.942139,15.939163,129.532227
165051.143113,146.101562,16.042038,129.514771
165051.184411,145.983170,16.133469,129.788559
165051.225720,146.042236,15.958710,129.700348
165051.267022,145.919800,16.001343,129.825058
165051.308316,146.129761,16.236069,129.762543
165051.349622,145.784851,15.985672,129.494293
165051.390922,146.084534,16.091248,129.573486
165051.432224,145.986603,15.908173,129.289581
165051.473521,145.812805,16.119019,129.602493
165051.514824,145.840729,15.997696,129.455780
165051.556132,145.696609,16.021729,129.654144
165051.597430,146.055054,16.233200,129.619324
165051.638733,146.010406,16.031143,129.939362
165051.680036,146.140381,16.051971,129.374573
165051.721346,145.827194,16.069565,130.054382
165051.762644,145.998505,16.224579,129.422943
165051.803951,145.932205,16.073990,129.664169
165051.845258,146.035156,16.209412,129.049072
165051.886564,146.037140,15.916443,129.595871
165051.927870,145.975601,15.892609,129.537369
165051.969175,146.035278,15.937256,129.286850
165052.010478,146.008698,15.807816,129.493896
165052.051781,145.905472,16.005173,129.474945
165052.093092,145.856949,15.964828,129.878006
165052.134395,146.001297,15.705276,129.573853
165052.175694,145.916321,15.913162,129.449020
165052.217006,145.970459,16.062347,129.280884
165052.258305,145.833206,16.000107,129.567230
165052.299617,145.860977,16.053619,129.404953
165052.340914,145.864227,15.988464,129.109268
165052.382223,145.928619,15.739075,129.236664
165052.423527,146.120560,15.747620,128.973373
165052.464830,146.106186,15.788956,129.507004
165052.506132,145.835938,15.978851,129.390701
165052.547430,146.081131,15.843170,129.172287
165052.588735,146.051651,15.663559,129.341354
165052.630047,146.019531,15.935181,129.380066
165052.671346,146.146317,15.738678,129.851456
165052.712653,146.178635,15.723083,129.725769
165052.753956,146.067429,15.774109,129.493317
165052.795261,146.235123,15.900681,129.504181
165052.836569,146.281891,15.775726,129.267288
165052.877874,146.214188,15.842880,129.572357
165052.919182,146.113052,16.156693,129.581894
165052.960488,146.354202,15.830353,129.117279
165053.001792,146.174591,15.704819,129.301102
165053.043096,146.166428,15.614929,129.277588
165053.084401,146.040741,15.557510,129.364639
165053.125703,145.954559,15.771774,129.784241
165053.167006,146.280487,15.645935,128.992859
165053.208308,145.794479,15.879837,129.157440
165053.249614,146.016876,15.808929,129.511887
165053.290919,146.353500,15.696609,129.284943
165053.332224,146.052475,15.599762,129.193573
165053.373528,146.196762,15.798355,129.058685
165053.414832,146.314148,15.818878,129.365707
165053.456134,146.263565,15.760666,129.174850
165053.497439,146.085205,15.743317,129.315262
165053.538744,146.159103,15.763901,129.411255
165053.580048,146.097168,15.743713,129.467636
165053.621358,146.064423,15.930298,129.174133
165053.662654,146.081650,15.914062,129.336365
165053.703955,146.276596,15.643661,129.314392
165053.745260,146.071716,15.791061,129.361969
165053.786565,146.192810,15.785980,129.561691
165053.827869,146.219131,15.837906,129.699615
165053.869172,146.007935,15.900146,129.806671
165053.910477,146.262192,15.710358,129.575363
165053.951781,146.020325,16.000290,129.247711
165053.993084,146.291809,15.880707,129.312393
165054.034387,146.052322,15.892883,129.409393
165054.075696,146.173569,15.852676,129.651047
165054.116990,146.021698,15.882797,129.049591
165054.158297,146.114395,15.811234,129.362885
165054.199590,146.002853,15.966095,129.228104
165054.240890,146.097260,15.765442,129.425247
165054.282187,146.136444,15.628967,129.214218
165054.323492,146.080490,15.811356,129.176270
165054.364787,145.749405,15.962845,129.343414
165054.406090,145.771088,16.053238,129.610962
165054.447394,145.765991,15.804077,129.531052
165054.488698,145.843323,15.562805,129.372314
165054.530002,145.812790,15.987869,129.381042
165054.571303,145.965546,16.092972,129.460220
165054.612604,145.862991,16.053436,129.644852
165054.653906,146.124573,15.975662,129.192413
165054.695209,146.161438,15.838425,129.774582
165054.736508,146.017761,15.929459,129.254425
165054.777809,146.247467,15.773087,128.991776
165054.819110,146.124039,15.955978,129.002380
165054.860411,145.985260,15.743637,129.220520
165054.901714,146.033325,15.890747,129.287079
165054.943015,146.255951,15.787918,129.343460
165054.984318,146.133347,15.798706,129.320221
165055.025622,146.131622,15.700729,129.591568
165055.066931,146.145416,15.696991,129.563049
165055.108234,146.393845,15.589951,129.222778
165055.149535,146.168777,15.626602,129.679504
165055.190831,146.311096,15.671112,129.437912
165055.232134,146.137131,15.587997,129.525757
165055.273438,146.344025,15.709427,129.632614
165055.314741,146.106644,15.916779,129.165024
165055.356043,146.375839,15.795670,129.362350
165055.397348,146.191833,15.898621,129.578262
165055.438651,146.260513,15.375153,129.526932
165055.479955,146.098969,15.630280,129.660034
165055.521258,145.904175,15.796021,129.881439
165055.562563,146.134354,15.849640,129.923706
165055.603872,146.129486,15.762283,129.394241
165055.645168,146.185730,15.605850,129.770233
165055.686470,146.185852,15.681961,129.668381
165055.727775,146.087738,15.652405,129.713455
165055.769079,145.816818,15.808533,129.505875
165055.810382,146.051483,15.914047,129.469971
165055.851685,146.163010,15.714874,129.499847
165055.892987,146.173920,15.736694,129.724869
165055.934288,146.096771,15.819244,129.600601
165055.975591,146.062286,15.942413,129.245880
165056.016895,145.799805,15.752243,129.395294
165056.058199,145.991562,15.765015,129.428970
165056.099504,145.956940,15.904922,129.631424
165056.140815,146.057922,15.754929,129.490677
165056.182118,145.766068,15.717407,129.668564
165056.223413,145.748825,15.927612,129.834656
165056.264714,145.888931,15.956833,129.950256
165056.306016,145.995804,15.582016,129.464859
165056.347324,145.950546,15.491287,129.765747
165056.388618,146.106979,15.616791,129.579514
165056.429926,145.943924,15.774521,129.787704
165056.471227,145.694778,15.779266,129.775314
165056.512530,145.916382,15.675156,129.740417
165056.553834,146.017242,15.621246,129.305466
165056.595129,145.949875,15.690933,129.820099
165056.636434,145.960556,15.652512,129.506546
165056.677738,145.906555,15.534363,129.636581
165056.719041,146.095856,15.728119,129.471924
165056.760345,145.797287,15.757690,129.491516
165056.801649,145.993149,15.782288,129.321915
165056.842952,145.873123,15.819794,129.493591
165056.884253,145.968018,15.445450,129.533920
165056.925560,146.034683,15.593369,129.506897
165056.966856,145.895370,15.772049,129.501511
165057.008165,145.995789,15.643967,129.500153
165057.049461,146.100052,15.721771,129.329010
165057.090764,146.264267,15.564804,129.509796
165057.132066,146.082596,15.768799,129.279633
165057.173371,145.988373,15.876221,129.481689
165057.214674,145.969604,15.711319,129.380524
165057.255978,146.004578,15.574524,129.334137
165057.297288,145.709946,15.820480,129.565582
165057.338588,145.621887,16.050339,129.870636
165057.379889,145.830582,16.022949,129.343353
165057.421191,145.770416,16.039108,129.622879
165057.462486,145.857254,15.848221,129.496994
165057.503795,145.846497,15.913300,129.563553
165057.545091,145.840729,15.878357,129.559769
165057.586398,145.800491,16.117691,129.333649
165057.627692,145.734406,15.930725,129.715424
165057.668993,145.912491,15.973526,129.664917
165057.710299,145.787750,15.903854,129.792770
165057.751598,145.772797,16.035370,129.616333
165057.792893,146.180923,15.775391,129.879318
165057.834203,145.956238,15.729935,129.745865
165057.875500,145.864548,15.948532,129.587296
165057.916805,145.867126,16.034424,129.681412
165057.958115,145.841003,15.969467,130.134308
165057.999413,145.814590,16.045288,129.586227
165058.040716,146.004120,15.993057,129.875565
165058.082019,145.772461,15.907700,130.053253
165058.123323,145.873199,16.050385,129.697250
165058.164625,146.072144,16.094406,129.487457
165058.205934,145.914734,16.153946,129.171234
165058.247237,145.969543,16.098373,129.313828
165058.288534,145.880676,16.100433,129.562225
165058.329836,146.207260,16.110275,129.725342
165058.371138,146.042084,16.157791,129.835510
165058.412441,146.065826,16.007416,129.675079
165058.453744,146.011490,15.923401,129.467285
165058.495047,146.079620,15.879593,129.483383
165058.536357,145.796951,16.045532,129.776199
165058.577653,146.071182,15.913681,129.646530
165058.618962,145.768402,15.974411,129.556915
165058.660264,146.000473,16.006744,129.660706
165058.701565,146.021439,15.747482,129.836060
165058.742861,145.746811,15.964569,129.316330
165058.784170,145.825699,15.964294,129.431564
165058.825467,146.120926,15.780121,129.455734
165058.866773,146.055557,15.738251,129.215164
165058.908080,146.118881,15.822876,129.227264
165058.949379,145.833664,16.049591,129.590302
165058.990682,146.002716,15.759003,129.804535
165059.031986,145.819244,15.964554,129.426956
165059.073290,146.116699,15.622803,129.841629
165059.114592,145.981995,15.903961,129.632141
165059.155897,145.838837,15.945206,129.801422
165059.197202,146.126328,15.809830,129.827347
165059.238514,146.130417,15.943024,129.623093
165059.279810,146.062378,16.090302,129.598175
165059.321114,145.992340,15.921631,129.852966
165059.362420,145.795517,15.948318,129.449188
165059.403730,145.998047,15.986694,129.646881
165059.445039,145.853561,15.985245,129.671341
165059.486344,145.901306,15.923431,129.850571
165059.527649,145.890411,16.082092,129.872742
165059.568952,146.125107,15.720566,129.754257
165059.610258,146.115997,15.775116,129.455383
165059.651561,146.222031,15.502014,129.806213
165059.692865,146.138275,15.754349,129.424347
165059.734172,146.171875,15.594284,129.707886
165059.775479,146.175156,15.832550,129.642975
165059.816785,146.060287,15.766541,129.871033
165059.858091,146.150024,15.692764,129.486328
165059.899393,145.937775,15.814163,130.170181
165059.940697,146.140320,15.675201,130.061478
165059.982002,145.976700,15.862808,129.893524
165060.023307,145.958191,15.779556,129.539932
165060.064611,145.797043,15.812943,129.672089
165060.105921,146.117767,15.610168,129.347321
165060.147216,145.795731,15.983826,129.555710
165060.188520,146.129929,15.500092,129.567108
165060.229830,146.319611,15.548325,129.676727
165060.271125,146.215836,15.564987,129.816284
165060.312428,146.272705,15.690430,129.784103
165060.353731,146.409729,15.697632,129.776611
165060.395041,146.388214,15.479370,129.813034
165060.436336,146.055618,15.591766,130.031235
165060.477639,146.224792,15.772339,129.578674
165060.518947,146.144791,15.683029,129.943558
165060.560244,146.276901,15.907288,129.595596
165060.601547,146.209671,15.803192,129.691635
165060.642850,146.060287,15.795212,129.902435
165060.684158,145.890656,16.026794,129.835236
165060.725453,146.135635,15.779724,129.525497
165060.766760,146.012894,15.791916,129.640564
165060.808056,146.109650,15.702423,129.760605
165060.849360,146.182495,15.744080,129.697205
165060.890662,145.861832,15.778763,129.825500
165060.931973,146.022324,15.726135,129.975845
165060.973270,146.118729,15.805237,129.753128
165061.014575,145.985992,15.801727,130.053253
165061.055885,146.039261,15.942886,129.975220
165061.097185,146.045609,15.857559,129.921585
165061.138497,146.118469,15.793762,129.745026
165061.179796,145.798340,16.044205,129.893158
165061.221101,146.075104,15.853577,129.900940
165061.262408,146.032394,15.824814,129.550293
165061.303714,145.928238,15.718201,129.669373
165061.345026,146.150375,15.581207,129.693207
165061.386324,145.910370,15.782288,130.099915
165061.427629,146.109116,15.477417,129.885910
165061.468936,146.031570,15.679504,129.928452
165061.510247,145.978683,15.610275,130.231155
165061.551550,146.045395,15.637848,129.991440
165061.592854,146.046021,15.600342,129.815033
165061.634160,146.145370,15.617706,130.147598
165061.675458,146.018753,15.882919,129.621765
165061.716769,145.974335,16.092361,129.955933
165061.758071,145.882034,15.998856,130.108337
165061.799373,146.138168,16.188751,129.691544
165061.840675,145.928055,15.840164,129.896759
165061.881972,146.047699,15.838852,129.780960
165061.923282,145.977692,15.997040,129.828781
165061.964584,146.087265,15.803772,129.971130
165062.005882,145.893799,15.902664,129.993698
165062.047187,145.901779,15.771225,129.662796
165062.088495,146.006256,15.863251,130.104736
165062.129802,145.794373,15.967331,129.820892
165062.171108,145.960205,15.833588,130.164215
165062.212412,145.722443,15.904999,129.861282
165062.253724,145.949875,15.963760,129.973267
165062.295027,145.771790,15.987320,129.714462
165062.336323,145.797043,15.889755,129.943726
165062.377631,145.825760,15.920715,129.921173
165062.418927,146.038437,15.928543,129.590820
165062.460229,145.691177,15.927597,129.713867
165062.501539,145.713791,15.933594,129.817795
165062.542837,145.951294,15.750992,129.741135
165062.584143,145.866577,16.075912,129.714294
165062.625448,146.055634,15.973236,129.396210
165062.666753,145.908722,16.080887,129.905212
165062.708056,145.693817,15.901245,129.818527
165062.749359,145.856812,16.228424,129.964844
165062.790669,145.993225,16.043686,129.916443
165062.831965,145.824097,16.040619,129.802856
165062.873267,145.770508,16.035156,129.636978
165062.914570,145.700089,15.877670,129.734955
165062.955876,145.894989,16.085892,129.618973
165062.997176,145.631470,15.880707,129.538574
165063.038475,145.906281,16.040070,129.556549
165063.079774,146.032791,15.891357,129.613846
165063.121074,146.085663,15.832916,129.386185
165063.162370,146.005585,15.981140,129.623734
165063.203671,145.856918,16.194626,129.911484
165063.244971,145.958878,15.803909,129.809158
165063.286272,146.231812,15.687241,129.854294
165063.327575,146.127151,15.848312,129.465668
165063.368876,146.134842,15.691879,129.878494
165063.410178,145.768555,15.801834,129.566422
165063.451479,145.937592,15.898788,129.539444
165063.492781,145.959396,15.959259,129.638824
165063.534084,146.057632,15.971863,129.317612
165063.575394,145.859100,16.029037,129.462814
165063.616691,145.874664,16.019058,129.424484
165063.657992,145.833984,16.050201,129.089279
165063.699294,145.915436,15.889786,129.247345
165063.740598,145.965958,15.897522,129.330200
165063.781901,145.713150,15.959290,129.172119
165063.823207,145.789413,15.966904,129.525055
165063.864512,145.940384,15.865982,129.444183
165063.905818,145.815369,16.024185,129.791550
165063.947121,145.784500,15.948730,129.492477
165063.988429,145.710999,15.877045,129.559082
165064.029725,145.663361,15.817780,129.463303
165064.071032,145.741959,15.886780,129.355270
165064.112325,145.919037,15.926712,129.529816
165064.153636,145.845703,15.958267,129.153473
165064.194929,145.895844,16.025040,129.226273
165064.236237,145.774475,15.948441,129.412292
165064.277531,145.798264,16.025818,129.107483
165064.318833,146.069305,15.946457,129.316223
165064.360142,145.865707,15.947968,129.414978
165064.401438,145.789185,15.663177,129.268845
165064.442741,146.105255,15.618744,129.495850
165064.484049,145.886581,15.946106,129.494553
165064.525346,145.794876,15.802719,129.570160
165064.566650,145.793594,15.950516,129.530304
165064.607952,145.889526,15.620560,129.228683
165064.649255,145.549942,15.753342,129.517441
165064.690566,145.859695,15.970215,129.490936
165064.731864,145.802872,16.017639,129.498871
165064.773169,146.005066,15.600601,129.202087
165064.814472,146.083099,15.694550,129.338776
165064.855776,146.114502,15.743301,129.401611
165064.897080,145.889191,15.825760,129.627182
165064.938390,145.881744,15.915771,129.128479
165064.979687,145.961807,15.919983,129.011917
165065.020999,145.890640,15.891266,129.222748
165065.062298,145.860672,15.802063,128.875717
165065.103600,145.949280,15.798004,129.214798
165065.144905,145.752319,15.902130,129.553268
165065.186208,145.749939,15.852493,129.459137
165065.227511,145.822159,15.740143,129.670212
165065.268816,145.701248,15.990540,129.463882
165065.310118,145.549545,16.098633,129.124878
165065.351425,145.708588,15.889038,129.264236
165065.392718,145.765198,15.903412,129.210007
165065.434025,145.719528,15.944580,129.469742
165065.475321,145.678787,15.965714,129.336838
165065.516630,145.743622,15.876389,129.402344
165065.557924,145.892776,15.875885,129.092560
165065.599225,145.711151,15.916580,129.548813
165065.640526,145.711914,15.839798,129.683640
165065.681828,145.678131,15.904724,129.522858
165065.723131,145.792664,15.744370,129.418961
165065.764438,145.803436,15.930298,129.299255
165065.805745,145.917450,15.956284,129.306808
165065.847045,145.834793,15.975357,129.318390
165065.888339,145.630859,15.993561,129.130920
165065.929647,145.698044,15.935394,129.225800
165065.970950,145.746994,15.931458,128.788971
165066.012251,145.766281,15.940063,129.275833
165066.053548,145.889313,15.924728,129.420120
165066.094851,146.046265,15.755219,129.298874
165066.136160,145.863815,15.812790,129.498077
165066.177458,145.996216,15.904800,129.226471
165066.218765,145.966171,15.733261,129.564087
165066.260071,146.038467,15.627457,129.799393
165066.301376,145.750214,16.006149,129.602051
165066.342680,145.822723,15.822754,129.562790
165066.383985,145.760269,15.934753,129.527649
165066.425295,145.691010,15.914062,130.010284
165066.466592,145.728134,15.963852,129.625870
165066.507896,145.737656,15.796295,129.802460
165066.549199,145.781693,16.013046,129.377243
165066.590504,145.885574,15.835281,129.788284
165066.631806,145.753525,15.836166,129.575943
165066.673108,145.984741,15.805603,129.213806
165066.714411,146.024277,15.753250,129.276062
165066.755717,146.039658,15.576996,129.425217
165066.797021,146.052963,15.717056,129.413147
165066.838324,145.895401,15.923492,129.702560
165066.879629,145.940842,15.784668,129.527512
165066.920935,145.900543,15.826843,129.436310
165066.962243,146.023880,15.522659,129.447678
165067.003551,145.918427,15.657471,129.768890
165067.044859,145.798615,15.763611,129.397400
165067.086165,145.906555,15.992432,129.433258
165067.127470,145.890350,15.877472,129.388794
165067.168772,145.719894,15.826950,129.669907
165067.210075,145.969223,15.948715,129.480438
165067.251380,145.916992,15.711105,129.432373
165067.292688,145.851273,15.941391,129.561462
165067.333985,145.813614,15.982285,129.492798
165067.375292,145.900696,15.998352,129.438797
165067.416588,145.774734,15.995865,129.352081
165067.457891,145.783279,15.974960,129.330154
165067.499200,145.895996,15.984360,129.504913
165067.540504,146.088287,15.815521,129.564529
165067.581801,145.946625,15.744400,129.783112
165067.623104,146.106049,15.763062,129.713364
165067.664406,145.923721,15.687561,129.688965
165067.705709,145.849106,15.918808,129.563705
165067.747012,145.955322,16.016617,129.836197
165067.788314,146.077408,16.019623,129.832489
165067.829616,145.977173,15.846344,129.912262
165067.870925,146.003876,15.750473,129.628296
165067.912220,146.129425,15.799149,129.474838
165067.953530,145.829620,16.070358,129.900085
165067.994826,145.914261,15.782715,129.928879
165068.036128,145.928802,16.184158,129.700241
165068.077438,145.901382,15.936050,129.659851
165068.118733,145.843430,15.930344,129.658508
165068.160041,145.870316,16.079483,129.442642
165068.201334,145.698807,15.998672,129.485535
165068.242635,145.670898,15.890045,129.353836
165068.283937,146.027191,16.042480,129.361282
165068.325238,146.041565,16.028076,129.794510
165068.366547,146.134949,16.219193,129.358627
165068.407845,146.031555,16.236176,129.605057
165068.449149,145.988937,15.977142,129.639740
165068.490452,146.216080,16.078827,129.130585
165068.531755,146.019241,16.041153,129.405975
165068.573059,146.006195,16.056366,129.584015
165068.614363,146.076431,15.981934,129.241623
165068.655668,146.047485,16.011017,129.564621
165068.696974,146.166702,15.953339,129.645264
165068.738276,146.075058,15.949951,129.170715
165068.779579,146.147232,15.870911,129.439606
165068.820882,146.253464,15.682755,129.771606
165068.862189,146.198517,15.537750,129.688278
165068.903486,146.070572,15.599457,129.653931
165068.944790,146.124725,15.947540,129.313354
165068.986092,146.239395,15.956009,129.499557
165069.027395,146.337982,15.819366,129.533188
165069.068699,146.283218,15.958664,129.516861
165069.110001,146.163513,16.113052,129.647095
165069.151304,146.294189,16.089005,129.790390
165069.192608,146.184769,15.869125,129.634308
165069.233917,146.103226,16.008331,129.374649
165069.275214,146.056732,16.072754,129.402267
165069.316517,146.125381,15.765610,129.587677
165069.357817,145.903229,16.061417,129.744583
165069.399120,146.054169,16.056625,129.733322
165069.440424,146.095917,15.944519,129.624222
165069.481727,146.072479,16.014053,129.512756
165069.523031,146.207138,16.025513,129.652878
165069.564335,146.051346,15.810684,129.769333
165069.605640,146.004959,16.151825,129.656250
165069.646944,145.929611,15.954132,129.432785
165069.688249,146.237473,15.777832,129.563965
165069.729553,146.224686,15.735397,129.565323
165069.770855,146.146713,15.880096,129.480438
165069.812166,146.311722,15.748489,129.481949
165069.853463,146.157974,15.761078,129.873184
165069.894764,146.274368,15.777405,129.784531
165069.936066,146.019485,15.946472,129.825424
165069.977370,146.030716,15.751953,129.777634
165070.018675,145.918335,16.120804,129.895538
165070.059985,146.094254,15.761002,129.782379
165070.101283,146.048340,15.953918,129.558075
165070.142586,146.079407,16.009033,129.985550
165070.183891,145.849579,16.059387,129.758606
165070.225197,146.047592,15.762970,129.621445
165070.266501,146.040558,15.910736,129.558563
165070.307806,146.101273,15.949051,129.634750
165070.349108,146.159286,15.927643,129.569870
165070.390413,146.104919,15.949326,129.500198
165070.431716,146.116180,15.784317,129.512360
165070.473021,146.125992,15.891129,129.310226
165070.514326,146.280807,15.599274,129.504150
165070.555630,146.200134,15.689758,129.449722
165070.596936,146.228439,15.694122,129.701630
165070.638241,146.002457,15.562775,129.642929
165070.679544,146.165192,15.516876,129.372803
165070.720847,146.078201,15.615875,129.413559
165070.762152,146.180115,15.731293,129.530167
165070.803463,145.853882,15.939758,129.682587
165070.844763,146.027328,15.760651,129.739090
165070.886067,145.946915,15.846939,129.586884
165070.927369,146.072815,15.858673,129.879898
165070.968673,146.085953,15.775620,129.916504
165071.009974,146.052338,15.800018,130.066483
165071.051276,145.991379,16.211334,129.504227
165071.092577,145.924820,15.940201,129.686966
165071.133884,146.133438,15.799728,129.765030
165071.175180,146.122437,15.875305,130.035599
165071.216489,146.132828,15.731598,129.790314
165071.257784,146.087341,15.849014,129.501221
165071.299092,146.320267,15.695343,129.750092
165071.340386,145.992157,15.916443,129.798843
165071.381695,146.024033,15.758514,129.400253
165071.422990,146.072235,15.857071,129.752228
165071.464293,146.026535,15.965759,130.110321
165071.505602,146.089920,15.857315,129.537567
165071.546903,145.989410,15.928284,129.931976
165071.588198,146.290024,15.666199,129.732468
165071.629501,146.003143,15.953217,129.750290
165071.670805,146.331024,15.673508,129.777191
165071.712107,146.223846,15.770462,129.630173
165071.753414,146.098770,15.960388,130.109329
165071.794716,146.096466,15.937836,129.862823
165071.836017,146.003922,16.156952,129.752228
165071.877319,146.141998,15.918854,129.924484
165071.918627,146.053741,16.103760,129.821793
165071.959921,146.025635,15.774429,129.567520
165072.001222,146.358414,15.841782,129.438232
165072.042521,146.230118,15.742950,129.459305
165072.083824,146.308228,15.778336,129.440948
165072.125132,146.314499,15.883286,129.455551
165072.166427,146.142563,15.723557,129.134399
165072.207732,146.256714,15.616776,129.439178
165072.249040,146.152847,15.691833,129.134399
165072.290346,146.183823,15.747498,129.519775
165072.331655,146.101410,15.897217,129.486771
165072.372952,146.008057,15.663223,129.337128
165072.414253,146.154465,15.591019,129.524338
165072.455560,146.157715,15.735748,129.489639
165072.496860,146.170761,15.695389,129.374420
165072.538155,146.292923,15.601730,129.478592
165072.579454,145.989380,15.708420,129.545929
165072.620754,146.009644,15.630997,129.326050
165072.662059,146.008560,15.911377,129.333664
165072.703352,146.153793,15.672089,129.640610
165072.744652,146.029129,15.912369,130.012222
165072.785956,146.135025,15.725662,129.751205
165072.827253,146.237228,15.543747,129.444672
165072.868550,145.985413,16.084396,130.013168
165072.909842,146.137375,15.753616,129.670670
165072.951145,145.763245,15.885681,130.229324
165072.992443,145.929260,15.974777,129.816101
165073.033735,145.944611,16.013245,129.923630
165073.075038,146.117920,16.208878,129.658600
165073.116339,146.007980,16.092911,129.599457
165073.157640,145.972672,16.042603,129.827576
165073.198945,145.755981,16.065659,129.537354
165073.240238,145.850311,16.151398,129.824188
165073.281545,146.047134,15.749985,129.438278
165073.322838,146.083221,15.947754,129.292984
165073.364140,145.964600,15.616486,129.412827
165073.405441,146.122467,15.909500,129.483566
165073.446750,145.928085,15.693741,129.663177
165073.488053,145.944748,15.894333,129.296204
165073.529349,146.130661,15.701691,129.633072
165073.570652,145.936447,15.784637,129.421799
165073.611955,145.995636,15.750183,129.862000
165073.653259,146.238770,15.964767,129.575119
165073.694563,146.324921,15.598465,129.561783
165073.735866,146.127808,15.925293,129.650604
165073.777168,146.349747,15.703552,129.494522
165073.818472,146.080719,15.937363,129.589432
165073.859780,146.186996,16.070984,129.519028
165073.901081,146.091660,15.917572,129.612503
165073.942375,146.011337,15.747772,130.029190
165073.983677,146.102249,15.829178,129.345154
165074.024979,146.000916,15.899353,129.805893
165074.066288,146.221298,15.810791,129.407700
165074.107590,146.246078,15.882629,129.499161
165074.148888,146.303619,15.745621,129.650940
165074.190192,146.149536,15.786102,129.833038
165074.231495,146.288818,15.649078,129.547363
165074.272797,146.191971,15.932816,129.661774
165074.314099,146.336182,15.725281,129.786469
165074.355400,146.079803,16.138367,129.933746
165074.396704,146.137207,15.847839,129.838776
165074.438006,146.089706,15.991684,129.819107
165074.479309,146.207535,16.092194,129.488449
165074.520611,145.988556,16.158813,129.904160
165074.561911,146.264511,15.895538,129.431183
165074.603216,146.099472,15.978607,129.559357
165074.644517,146.333832,15.607910,129.488205
165074.685811,146.036545,15.934845,129.512466
165074.727112,146.104462,15.905777,129.584366
165074.768413,145.927109,15.871155,129.291534
165074.809714,145.922989,15.831467,129.031830
165074.851015,145.965027,15.798477,129.571945
165074.892315,145.872971,15.775375,129.325287
165074.933622,146.034042,15.948074,129.264099
165074.974925,146.247025,15.806030,129.335693
165075.016223,145.893311,15.978394,129.332153
165075.057529,146.069305,15.859131,129.637512
165075.098832,145.893097,15.868927,129.465088
165075.140136,145.956436,15.761063,129.520752
165075.181438,146.148117,15.674957,129.381241
165075.222740,145.939056,15.673981,129.416611
165075.264045,145.849228,15.738754,129.501678
165075.305351,145.946884,15.631470,129.477829
165075.346656,145.917786,15.769165,129.745834
165075.387961,146.014175,15.609772,129.822235
165075.429264,145.931885,16.207962,129.373932
165075.470569,145.925064,15.932053,129.673447
165075.511874,146.283173,15.842010,129.521835
165075.553179,145.910507,16.037170,129.787857
165075.594485,145.982986,16.013809,129.592896
165075.635791,145.927948,16.167374,129.837799
165075.677093,145.769699,15.983109,129.695816
165075.718398,145.793564,16.107742,129.512329
165075.759702,145.857574,15.928909,129.873535
165075.801011,145.817337,15.755295,129.429703
165075.842308,146.041580,15.871658,129.751251
165075.883613,146.004913,15.925903,129.768265
165075.924919,146.038483,16.013016,129.755615
165075.966226,146.086136,15.861481,130.002853
165076.007532,145.911255,15.816299,129.817917
165076.048837,145.985443,16.037857,129.899399
165076.090141,145.915833,16.130676,129.834930
165076.131445,146.191223,15.747757,129.854202
165076.172747,146.277908,15.681595,129.535721
165076.214051,146.241577,15.810654,129.644714
165076.255354,146.340439,15.847107,129.768600
165076.296660,146.329742,15.745178,130.273056
165076.337964,145.928940,15.974838,129.797974
165076.379267,146.034821,15.994293,129.618317
165076.420575,145.942612,16.196732,129.856018
165076.461872,146.009003,15.908173,129.237213
165076.503174,145.914444,15.984695,129.558609
165076.544480,146.125397,15.819351,129.867325
165076.585785,145.947281,16.193420,129.848221
165076.627088,146.191040,16.055222,129.815399
165076.668393,146.082275,15.688843,129.782303
165076.709706,145.994247,16.029861,129.802536
165076.751004,146.354477,15.831039,129.740662
165076.792310,145.999557,15.794876,129.779541
165076.833617,146.057129,16.003128,129.660950
165076.874924,146.026337,16.050812,129.775467
165076.916228,146.008713,16.065140,129.601746
165076.957530,146.070724,16.100067,129.596161
165076.998837,146.230301,16.007629,129.555679
165077.040143,146.140411,16.088821,129.682785
165077.081449,146.217285,15.942169,129.606155
165077.122753,146.052002,15.967300,129.521118
165077.164058,145.907562,15.987946,129.431519
165077.205361,146.083328,16.079910,129.493042
165077.246664,146.012360,15.927353,129.352005
165077.287966,145.992676,16.222610,129.558533
165077.329268,145.913986,16.092865,129.559753
165077.370573,146.041931,16.179291,129.364792
165077.411880,145.989471,16.196548,129.670639
165077.453185,145.978516,16.107498,129.284576
165077.494490,145.921387,16.201202,129.522461
165077.535795,145.928711,16.195099,129.366898
165077.577102,145.859894,16.085739,129.554443
165077.618409,146.143860,16.192352,129.685577
165077.659722,146.057800,16.193359,129.460770
165077.701021,145.857864,16.226730,129.763565
165077.742335,145.977112,15.831467,129.929596
165077.783635,146.158768,16.061050,129.548080
165077.824943,145.995193,16.234543,129.742035
165077.866249,146.077438,15.877792,129.465225
165077.907555,146.254044,15.787781,129.377289
165077.948862,146.157837,15.868622,129.798172
165077.990170,145.964691,16.033905,129.565353
165078.031478,146.154068,15.666946,129.442703
165078.072787,146.101089,15.797668,129.322144
165078.114095,146.356979,15.833786,129.573990
165078.155401,146.180420,16.078369,129.528259
165078.196709,145.927353,15.797333,129.398071
165078.238014,146.134811,15.846512,129.401886
165078.279322,146.265762,15.812683,129.428680
165078.320629,146.347809,15.863861,129.367813
165078.361941,146.008011,15.793701,129.416473
165078.403240,146.088928,15.988358,129.407135
165078.444548,146.005219,15.908142,129.373138
165078.485855,146.054047,16.042297,129.596390
165078.527159,146.088028,15.895691,129.435349
165078.568465,146.211868,15.747147,129.527847
165078.609769,145.926086,16.008423,129.892380
165078.651072,146.040970,15.883224,129.516449
165078.692375,146.098984,15.615158,129.699524
165078.733677,145.950897,15.949936,130.117203
165078.774982,146.128036,15.690948,130.021576
165078.816290,145.850632,15.959946,129.961746
165078.857585,145.972122,15.750366,129.756485
165078.898887,145.842758,15.774811,129.909119
165078.940191,145.869095,15.920883,129.870605
165078.981496,145.717972,16.021790,129.692368
165079.022804,145.809891,16.098114,129.968506
165079.064110,145.863983,16.216537,129.997650
165079.105416,145.908905,16.053955,129.824219
165079.146722,145.898956,16.013000,130.134811
165079.188028,145.994980,16.089081,130.091217
165079.229340,145.918564,16.133392,129.918594
165079.270639,145.999664,16.045349,129.636902
165079.311945,145.883804,15.968826,129.836151
165079.353252,145.918839,16.128220,129.754944
165079.394557,145.967194,15.872513,129.944031
165079.435863,146.025223,15.821152,129.747925
165079.477170,145.843628,15.974686,129.631622
165079.518477,146.115097,15.842896,129.837372
165079.559783,146.076172,15.962402,129.665207
165079.601091,146.014114,15.921890,129.377182
165079.642398,145.936798,15.976517,129.908539
165079.683703,145.997559,15.767624,130.012894
165079.725011,145.987991,15.943237,129.998383
165079.766319,146.133316,15.912048,129.601852
165079.807625,146.206268,16.003143,129.440811
165079.848929,146.033798,15.740753,129.777115
165079.890234,145.930573,15.767105,129.784409
165079.931536,145.969986,15.995850,129.996368
165079.972841,145.814209,16.054794,129.590866
165080.014148,145.889908,15.794067,129.839828
165080.055453,145.950073,15.959641,129.621918
165080.096755,146.318756,15.881973,129.706100
165080.138058,146.032562,15.995483,129.826065
165080.179366,146.052841,15.958740,129.602509
165080.220664,145.982819,16.053833,129.863052
165080.261968,146.248840,16.010559,130.100647
165080.303272,145.869186,16.138000,129.815155
165080.344581,146.239532,15.818954,129.856689
165080.385885,145.998169,15.950302,129.715637
165080.427182,146.027756,16.020844,129.795959
165080.468486,146.119919,16.003586,129.716324
165080.509789,146.157486,15.741760,129.856003
165080.551092,145.789948,16.059113,130.088654
165080.592397,145.954269,16.159576,129.996521
165080.633701,145.868332,16.103912,130.022552
165080.675006,146.013351,16.221054,129.939178
165080.716316,146.130539,16.207932,130.026718
165080.757613,145.908066,16.066544,130.226044
165080.798922,145.991791,16.085846,130.113144
165080.840220,146.056961,16.146179,130.142975
165080.881527,145.867844,16.023926,130.264954
165080.922832,145.723404,16.216019,130.117111
165080.964135,145.853317,16.137970,130.141769
165081.005442,145.904831,16.132080,129.982178
165081.046747,145.948135,16.126709,130.091827
165081.088053,145.817734,15.948074,129.877975
165081.129360,145.828461,16.074661,129.627640
165081.170664,145.864655,16.134323,129.994720
165081.211970,145.892044,16.078827,129.763733
165081.253275,146.000183,16.156082,130.004959
165081.294579,145.942764,16.106110,130.242386
165081.335882,145.919403,16.035843,130.092972
165081.377184,145.784225,15.940857,129.981049
165081.418487,145.957626,15.984711,129.810257
165081.459793,145.940857,16.138535,129.776749
165081.501097,145.887589,15.931213,129.833374
165081.542401,145.933853,16.058044,129.982086
165081.583705,146.088806,15.853104,129.572632
165081.625014,146.007034,15.831070,129.811356
165081.666311,145.714676,16.045105,130.027405
165081.707614,145.923370,16.153168,129.794601
165081.748915,145.841553,16.071503,130.028336
165081.790224,145.983337,15.910095,130.111710
165081.831517,146.080566,15.894730,129.835709
165081.872817,145.950333,16.204803,129.878418
165081.914120,145.729874,15.892014,129.937225
165081.955424,146.142319,15.846237,129.753967
165081.996730,145.836960,16.035660,129.895401
165082.038034,145.784042,16.110367,129.654175
165082.079339,145.952515,15.900742,129.902740
165082.120644,145.787521,16.095840,129.860153
165082.161951,145.899826,15.923065,129.813278
165082.203257,146.021896,15.917969,129.839279
165082.244564,146.252472,15.932449,129.520645
165082.285870,145.833984,15.780304,129.587387
165082.327176,145.910629,15.733200,129.663132
165082.368483,145.950531,15.636398,129.578262
165082.409790,146.008865,15.589233,130.185455
165082.451102,146.135269,15.786896,129.696014
165082.492397,145.778366,15.974426,129.724777
165082.533700,145.864777,15.842789,129.884872
165082.575002,146.008011,15.933533,129.948776
165082.616302,145.937149,15.843399,130.120224
165082.657604,145.944763,15.801849,129.922562
165082.698908,145.933807,16.068878,129.927979
165082.740212,145.901016,15.902603,129.847748
165082.781515,146.050247,15.749176,129.809372
165082.822818,145.881363,15.850250,129.640671
165082.864119,146.132462,15.647659,129.631058
165082.905421,145.931183,15.744827,129.802109
165082.946723,146.216965,15.842651,129.856750
165082.988025,146.055344,15.606491,129.662231
165083.029328,145.936676,15.750031,129.574295
165083.070639,145.847961,15.924530,129.720016
165083.111936,145.807541,16.022003,129.606537
165083.153240,145.896133,15.927933,129.520081
165083.194545,145.633530,15.954483,129.828415
165083.235848,145.710800,15.938324,129.575760
165083.277153,145.710236,15.868195,129.862625
165083.318458,145.749771,15.880585,130.009445
165083.359763,146.125519,15.782532,130.217972
165083.401075,145.926483,16.020050,130.016220
165083.442371,145.852036,15.797623,129.872696
165083.483675,145.709641,15.956070,130.195084
165083.524980,145.863235,16.072388,129.912521
165083.566284,145.778549,16.039322,129.618011
165083.607587,146.071350,15.982224,129.855728
165083.648890,146.053421,15.946335,129.839340
165083.690194,145.983673,15.944305,129.941147
165083.731503,145.938858,16.098831,129.656830
165083.772804,145.976761,16.122055,129.620193
165083.814100,145.888214,16.187012,129.636078
165083.855409,145.920883,16.191833,129.662445
165083.896710,145.754135,16.022583,129.818146
165083.938006,145.811874,16.085342,129.947708
165083.979308,145.617996,15.876511,130.025421
165084.020609,145.820175,15.883759,129.931290
165084.061912,145.965408,15.987198,129.996552
165084.103219,145.877213,16.039154,129.953720
165084.144518,145.652695,16.026886,129.902191
165084.185811,145.690186,16.024399,130.115204
165084.227109,145.911880,16.138611,129.803162
165084.268410,145.702515,15.925323,129.822006
165084.309710,145.777679,16.140823,129.876755
165084.351012,145.710953,15.920013,129.761185
165084.392314,145.645782,16.038666,129.528549
165084.433615,145.731766,16.106033,129.470993
165084.474917,145.753906,16.036743,129.595627
165084.516218,145.600342,15.990158,129.666763
165084.557522,145.843689,16.134567,129.494598
165084.598826,145.772400,15.997040,129.508820
165084.640129,145.799606,16.229721,129.560425
165084.681433,145.870483,16.019119,129.538483
165084.722740,146.036438,15.974792,129.562836
165084.764046,145.846420,16.119492,129.628082
165084.805351,145.989319,16.155609,129.671249
165084.846653,146.135513,16.008408,129.934158
165084.887957,145.807541,16.096375,129.740540
165084.929263,146.025528,15.961960,129.535416
165084.970568,146.081802,16.038483,129.526718
165085.011872,146.086578,16.011276,129.431122
165085.053176,146.188980,15.721252,129.726868
165085.094481,146.031143,15.968674,129.689468
165085.135785,146.016861,16.039276,129.316208
165085.177095,146.015686,15.989441,129.307922
165085.218393,146.012314,15.791397,129.537781
165085.259697,145.950256,15.730286,129.726852
165085.301002,146.025024,15.947861,129.874786
165085.342303,146.073944,15.900940,129.932297
165085.383614,146.150696,15.868759,129.900711
165085.424909,146.199905,16.128204,129.526978
165085.466219,146.105698,16.029190,129.751434
165085.507515,146.122513,16.183060,129.935257
165085.548817,146.163025,15.872818,129.889603
165085.590120,146.050903,16.187286,129.589005
165085.631425,146.024139,15.990219,129.826599
165085.672728,145.981598,16.204453,129.727875
165085.714032,145.962601,16.203400,129.743317
165085.755335,146.068649,16.031555,129.386414
165085.796641,145.847122,16.081436,129.719009
165085.837944,146.201248,15.910446,130.003876
165085.879249,146.208344,15.774750,129.774841
165085.920553,146.059647,15.865936,129.546509
165085.961863,145.958328,15.965561,129.863815
165086.003161,146.029007,15.976120,129.920975
165086.044464,145.913345,16.060867,129.897522
165086.085775,145.883408,15.941528,130.028549
165086.127072,146.060410,15.980118,129.869171
165086.168377,145.965317,16.148376,129.833130
165086.209682,145.946655,16.060120,130.062790
165086.250986,145.949585,16.036392,129.947006
165086.292291,145.854004,15.951004,129.825745
165086.333595,146.029129,15.735077,129.804016
165086.374901,145.861481,16.126343,129.762909
165086.416206,145.927963,16.081528,129.863388
165086.457511,145.907639,15.992828,129.834824
165086.498815,145.918457,15.887787,129.772675
165086.540119,145.949356,16.000229,129.814148
165086.581425,145.955750,16.014191,129.561295
165086.622732,145.904770,16.013855,129.983200
165086.664039,145.934067,15.805237,129.473953
165086.705350,145.947311,15.877594,129.825134
165086.746648,145.850159,16.082504,129.790253
165086.787953,145.752777,15.795990,129.889114
165086.829264,145.706299,15.880157,129.684067
165086.870567,145.956757,15.779266,129.686783
165086.911865,145.916077,15.587326,129.948288
165086.953172,145.920959,15.790665,129.880356
165086.994478,146.063171,15.534882,129.444687
165087.035784,146.163635,15.711502,129.562622
165087.077092,146.143967,15.777710,129.797226
165087.118396,145.932693,15.802780,129.824432
165087.159700,146.103683,15.942444,129.721710
165087.201003,146.019897,15.906342,129.443985
165087.242313,145.807861,15.949768,129.733337
165087.283610,146.026413,15.698822,129.796051
165087.324915,145.917389,15.833664,129.998230
165087.366221,145.852112,15.905121,129.762192
165087.407526,146.067993,15.919174,129.705627
165087.448833,146.117584,15.788635,130.159775
165087.490140,146.192017,15.688034,129.799454
165087.531449,146.258316,15.940262,129.866806
165087.572757,146.073593,15.752472,129.886703
165087.614064,145.914871,15.583710,130.141159
165087.655367,146.040604,15.914352,129.897430
165087.696676,146.204468,15.627090,129.815918
165087.737975,145.770569,15.744843,129.822327
165087.779280,145.929672,15.674194,129.919281
165087.820586,146.051331,15.680023,130.141144
165087.861892,145.815796,15.922668,129.870239
165087.903196,145.888977,15.769272,130.100708
165087.944505,145.796890,15.964661,129.753357
165087.985807,145.982025,15.854935,130.164536
165088.027101,146.070557,15.919632,129.683685
165088.068403,145.995468,15.885651,129.924454
165088.109711,145.972260,15.939774,129.818909
165088.151012,146.137878,15.689087,129.868439
165088.192313,146.017975,15.734344,129.685684
165088.233609,146.180359,15.705994,129.781281
165088.274914,145.896133,15.838150,130.237961
165088.316215,145.772873,15.841827,130.047348
165088.357518,145.887085,16.066696,129.768631
165088.398821,145.903015,16.015640,129.904648
165088.440128,145.707367,15.978409,130.015625
165088.481424,145.994324,15.779312,129.648209
165088.522736,145.942505,16.075836,129.913193
165088.564033,145.860062,16.056381,129.761093
165088.605339,146.016708,15.920120,129.912827
165088.646645,145.799423,15.967087,129.897278
165088.687949,145.858704,16.083496,129.886002
165088.729255,145.784180,15.993164,129.699890
165088.770561,146.110138,15.737869,129.784149
165088.811865,145.993042,15.769669,129.392960
165088.853168,146.063141,15.767227,130.061401
165088.894475,146.008423,15.702240,129.779419
165088.935781,145.908005,15.860092,129.323044
165088.977089,146.160355,15.638092,130.062775
165089.018393,145.812149,15.991287,129.687149
165089.059698,145.979889,15.925232,129.312347
165089.101004,146.127655,15.830475,129.990585
165089.142309,146.068192,15.811249,129.532440
165089.183615,146.082535,16.003723,129.818619
165089.224919,145.992844,15.994720,129.716843
165089.266230,145.933792,15.853607,129.814850
165089.307527,145.851959,16.039780,129.816589
165089.348832,146.119858,15.704529,129.465210
165089.390137,145.852234,16.028336,129.684341
165089.431446,146.159485,15.787872,129.450485
165089.472742,146.019989,15.777847,129.311844
165089.514048,145.896866,15.852264,129.570374
165089.555353,146.199341,15.739090,129.440674
165089.596657,145.885178,15.958221,129.379532
165089.637966,146.141922,15.704239,129.607010
165089.679264,145.858566,15.788605,129.547852
165089.720566,146.324142,15.630966,129.677979
165089.761871,146.213623,15.888824,129.318298
165089.803175,146.284042,15.657669,129.540268
165089.844482,146.184433,15.799469,129.631241
165089.885790,146.107315,15.907822,129.362686
165089.927094,146.467163,15.675247,129.705093
165089.968405,146.349411,15.792068,129.554550
165090.009700,146.446716,15.577179,129.657578
165090.051008,146.143768,15.629044,129.601151
165090.092306,145.981552,15.737991,130.003265
165090.133611,145.928406,15.724075,129.760620
165090.174917,145.888000,15.867371,129.994247
165090.216221,146.014084,15.516724,129.933258
165090.257525,145.927658,15.785263,129.697968
165090.298829,146.058487,15.705948,129.637146
165090.340132,145.791672,15.907196,130.022720
165090.381437,145.841095,15.735382,129.362396
165090.422742,145.805450,15.725906,129.894974
165090.464045,146.025162,15.689758,129.455154
165090.505349,145.911789,15.757217,129.875610
165090.546655,146.053543,15.779968,129.490814
165090.587959,146.185394,15.697220,129.438202
165090.629269,145.721848,15.925705,129.882446
165090.670567,145.989090,15.793503,129.487534
165090.711872,145.952194,15.654099,129.851089
165090.753177,145.743546,15.888458,129.462799
165090.794480,145.968491,15.869446,129.401855
165090.835790,145.912628,15.673065,129.787231
165090.877087,145.836273,15.969711,129.593018
165090.918397,145.714066,15.967697,129.867737
165090.959702,146.038010,15.948608,129.583313
165091.000999,146.140640,15.958572,129.648560
165091.042305,146.127777,15.634064,129.626740
165091.083608,146.262741,15.613739,129.709885
165091.124910,145.923447,15.836182,129.537888
165091.166219,145.954498,15.782364,129.832550
165091.207519,145.801697,15.668701,129.542725
165091.248816,146.135941,15.872818,129.640457
165091.290124,145.897659,15.923172,129.788147
165091.331426,146.105103,15.835785,129.480743
165091.372719,146.136475,15.833618,129.381790
165091.414027,146.141785,15.686966,129.488525
165091.455325,145.955811,15.929688,130.023743
165091.496622,145.757614,15.883316,129.506882
165091.537924,145.886322,16.026016,129.521683
165091.579226,145.711533,15.966568,129.527466
165091.620530,145.718536,15.811996,129.467667
165091.661838,146.053741,15.935608,129.619064
165091.703137,145.881210,15.816406,129.473328
165091.744442,145.953522,15.916702,129.567123
165091.785747,145.923462,15.862045,129.656570
165091.827053,145.969070,15.757263,129.300217
165091.868358,145.980286,15.729050,129.538193
165091.909665,145.810059,16.009430,129.457047
165091.950970,145.978958,15.849716,129.546707
165091.992276,145.712585,15.801498,129.727005
165092.033586,146.044434,15.666992,129.469131
165092.074883,145.717438,15.756363,129.738861
165092.116184,145.774292,15.919632,129.710632
165092.157490,145.773056,15.953445,129.407928
165092.198786,146.164948,15.957321,129.470932
165092.240091,146.126755,15.822815,129.570572
165092.281393,146.172043,15.885483,129.861877
165092.322706,145.925323,16.074921,129.935760
165092.364003,145.999344,15.818665,129.779907
165092.405308,146.219803,15.745224,129.556076
165092.446613,146.100845,15.687851,129.464050
165092.487920,146.096085,15.635422,129.650024
165092.529226,145.960892,15.934616,129.398056
165092.570532,146.044128,15.996674,129.510925
165092.611836,146.057343,15.713638,129.542526
165092.653146,145.996231,15.764038,129.485184
165092.694440,146.285873,15.609390,129.243454
165092.735747,146.121155,15.768112,129.246399
165092.777050,146.189117,15.930115,129.256470
165092.818351,146.040482,15.806473,129.557465
165092.859661,146.140045,15.840103,129.258484
165092.900959,146.157440,15.811996,129.705643
165092.942263,146.153473,15.891251,129.254990
165092.983567,146.289062,15.977768,129.434250
165093.024870,145.953156,16.218262,129.637466
165093.066175,146.041626,15.992355,129.210938
165093.107478,146.003036,15.956177,129.582184
165093.148781,145.916290,16.110901,129.577271
165093.190087,145.920547,16.199173,129.611160
165093.231388,145.991653,16.233093,129.860184
165093.272692,145.769745,16.235077,129.825119
165093.314000,145.906113,16.213882,129.797760
165093.355301,145.974457,16.257721,129.721878
165093.396603,145.931870,16.240555,129.677109
165093.437906,145.946259,16.091522,129.668472
165093.479207,145.805557,16.236328,129.555008
165093.520510,146.100143,16.056870,129.358246
165093.561815,145.892517,16.136871,129.340500
165093.603120,146.028091,15.985413,129.156555
165093.644426,145.892838,16.060577,129.413177
165093.685732,146.012192,15.847687,129.071350
165093.727034,145.855148,15.991226,129.805359
165093.768340,145.938553,15.984451,129.841873
165093.809646,145.916977,15.934906,129.918869
165093.850951,145.955032,16.062408,129.921188
165093.892258,145.910843,16.022552,129.788269
165093.933562,146.100037,15.767532,129.626846
165093.974872,146.055786,15.740585,129.563919
165094.016166,145.847000,16.050430,129.516693
165094.057469,145.913864,16.053818,129.823303
165094.098776,145.783813,15.942169,129.739319
165094.140083,145.845627,16.058365,129.550095
165094.181390,145.778503,16.016342,129.411667
165094.222695,145.742432,16.055786,129.516113
165094.263999,145.840302,16.146408,129.666382
165094.305306,145.929993,16.216995,129.630722
165094.346608,145.931030,16.120804,129.813522
165094.387913,145.837967,16.092789,130.047150
165094.429218,145.882935,16.195984,129.867142
165094.470522,145.851746,16.173584,129.570251
165094.511827,146.146576,16.069473,129.629913
165094.553133,145.917847,16.084381,129.477814
165094.594439,145.828598,16.000381,129.709167
165094.635743,145.873550,16.122803,129.750229
165094.677053,145.627716,16.174377,129.766144
165094.718352,145.896240,16.143967,129.590714
165094.759658,145.523361,16.039810,129.673737
165094.800966,145.641479,16.001282,129.796768
165094.842270,145.709564,16.055481,129.443054
165094.883574,145.731644,15.906052,129.493149
165094.924877,145.697083,16.058655,129.806702
165094.966180,145.844086,16.104294,129.531296
165095.007486,145.774689,16.072113,129.985611
165095.048794,145.762756,15.963730,129.713028
165095.090105,145.893295,16.152328,129.300629
165095.131408,145.755524,15.859802,129.384583
165095.172705,145.732681,16.100296,129.445786
165095.214008,145.844162,16.129074,129.614227
165095.255312,145.798889,16.198349,129.391006
165095.296617,145.908295,16.086868,129.338852
165095.337921,145.863220,16.024780,129.376144
165095.379227,146.136154,15.891571,129.910721
165095.420538,145.868103,15.960983,129.782547
165095.461834,146.209091,15.742294,129.474182
165095.503138,145.971085,16.163528,129.680237
165095.544443,145.758499,16.054993,129.509918
165095.585751,145.874466,15.834427,129.340881
165095.627054,145.867523,16.053741,129.690628
165095.668359,145.788895,15.975021,129.633087
165095.709663,145.875885,16.157272,129.796341
165095.750970,145.853439,15.976135,129.734482
165095.792275,145.865051,16.144318,129.588150
165095.833580,145.868744,16.155777,129.785690
165095.874887,145.893402,16.038757,129.540482
165095.916194,145.873260,16.018539,129.938080
165095.957497,145.931976,16.032562,129.817108
165095.998801,145.916489,16.063065,129.468613
165096.040107,145.845627,15.867081,129.093384
165096.081412,145.809067,15.962402,129.426239
165096.122715,146.059097,15.872559,129.092957
165096.164019,145.882462,16.143509,129.613815
165096.205326,145.633682,16.081192,129.627411
165096.246631,145.647476,16.022400,129.850830
165096.287938,146.005890,15.868378,129.750092
165096.329244,146.107285,15.954712,129.445435
165096.370554,145.853455,16.155258,129.280121
165096.411863,145.702545,15.901306,129.293121
165096.453162,145.869263,16.070175,129.292984
165096.494467,145.901642,16.129959,129.340454
165096.535771,146.039230,15.918747,129.171661
165096.577077,145.853714,16.075638,129.281082
165096.618387,146.082840,15.979218,129.325836
165096.659685,145.996811,16.120407,129.258362
165096.700989,145.855606,16.090652,129.232178
165096.742293,146.052124,15.976120,129.393295
165096.783597,145.846909,15.668472,129.320419
165096.824901,145.892517,15.809708,129.741013
165096.866204,145.761780,15.659241,129.498795
165096.907504,145.810898,15.924927,129.266586
165096.948808,145.805725,16.001602,129.727905
165096.990111,145.951660,16.118195,129.360062
165097.031417,145.772583,15.958755,129.479324
165097.072721,145.781464,16.208191,129.461761
165097.114029,145.954056,15.890015,129.601974
165097.155325,145.900879,15.809250,129.226654
165097.196630,145.888565,16.042496,129.646729
165097.237933,145.903778,15.993912,129.863205
165097.279238,146.183212,15.934311,129.455536
165097.320542,146.023422,15.947937,129.713699
165097.361849,145.878113,16.168854,129.953995
165097.403153,146.037766,15.954849,129.783371
165097.444465,145.633240,16.112915,129.636398
165097.485762,145.932999,15.873123,129.629379
165097.527070,145.788849,16.061844,129.861115
165097.568367,145.902481,15.961990,129.453751
165097.609679,145.818588,15.976273,129.355179
165097.650976,145.706390,16.043488,129.937256
165097.692281,145.800705,16.263901,129.557343
165097.733585,145.847214,16.097076,129.756805
165097.774896,145.788467,15.966751,129.766418
165097.816193,145.859406,16.158676,129.796448
165097.857504,145.816635,16.163895,129.952744
165097.898803,145.873001,16.066284,130.097687
165097.940108,145.744598,16.029648,129.908676
165097.981413,145.917099,16.222717,130.005249
165098.022721,145.840118,16.257050,129.957977
165098.064026,145.826935,16.285950,129.815231
165098.105331,145.734772,16.010818,130.141907
165098.146633,145.843231,16.157806,130.026825
165098.187937,145.952362,16.041428,129.822067
165098.229239,145.949203,16.197601,129.730255
165098.270542,146.006516,16.160873,129.874573
165098.311843,145.788834,16.247894,129.525009
165098.353151,145.883102,16.048569,129.674240
165098.394448,146.126694,16.037323,129.775238
165098.435752,145.887421,16.091980,129.647461
165098.477058,145.946594,16.185913,129.949615
165098.518361,145.988205,16.075104,129.761612
165098.559665,146.046844,16.004456,130.144226
165098.600970,145.906769,16.037292,130.078522
165098.642274,145.854126,16.070114,130.110352
165098.683579,145.712326,16.140381,129.827286
165098.724884,145.706085,16.016586,129.361206
165098.766193,145.883835,16.028275,129.838516
165098.807490,145.908417,15.943481,129.951309
165098.848793,145.891403,15.851303,129.744659
165098.890094,145.879318,16.018509,129.408539
165098.931397,146.037338,15.986389,129.546417
165098.972698,146.192032,15.731400,129.329163
165099.014003,146.191513,16.081894,129.643311
165099.055312,146.286163,15.746933,129.461700
165099.096607,146.038544,15.905670,129.612549
165099.137915,146.310623,15.865189,129.691528
165099.179211,146.207016,15.689728,129.698105
165099.220519,146.087555,15.885056,129.942764
165099.261816,146.020584,16.148056,129.343430
165099.303119,146.007324,15.952621,129.725098
165099.344423,146.202774,15.931000,129.571274
165099.385727,145.805801,16.145203,129.561935
165099.427034,145.735260,16.037567,130.015488
165099.468338,146.004639,15.946182,129.632736
165099.509644,145.850693,15.953613,129.470123
165099.550949,146.070160,15.753891,129.771744
165099.592253,146.186569,15.727203,129.532684
165099.633557,145.931763,15.748428,129.667374
165099.674861,146.006165,15.981094,129.670456
165099.716164,145.856735,15.992355,129.633011
165099.757468,145.792862,15.937820,129.371475
165099.798772,145.891998,16.051224,129.657867
165099.840076,146.118729,15.874191,129.764053
165099.881377,145.978180,15.802536,129.583267
165099.922680,145.987961,15.791840,129.603241
165099.963985,145.977783,15.943130,129.619843
165100.005290,145.630417,16.160889,129.789139
165100.046594,145.835938,15.975098,129.536514
165100.087899,145.822479,15.974686,129.519379
165100.129205,145.873123,15.954788,129.429077
165100.170508,145.839935,16.001221,129.663574
165100.211813,145.891953,16.185440,129.883652
165100.253118,145.823257,15.963089,129.750641
165100.294424,146.080627,16.167267,129.748047
165100.335728,145.924301,15.865570,129.844360
165100.377034,146.116409,15.627838,129.824066
165100.418340,145.807175,16.006958,129.625900
165100.459645,145.766190,15.884354,129.565521
165100.500949,145.786957,16.156326,129.820358
165100.542259,145.818771,16.135223,129.566650
165100.583552,145.856155,16.134750,129.494583
165100.624854,145.779617,16.087219,129.682114
165100.666157,145.852921,15.896515,129.345840
165100.707457,146.114609,16.070984,129.362457
165100.748767,145.961319,16.059784,129.622513
165100.790063,145.887161,16.115448,129.797836
165100.831368,145.712845,16.046021,129.728592
165100.872671,145.927734,15.947189,129.844864
165100.913981,145.833694,16.024048,129.678406
165100.955276,145.883759,15.969131,129.806122
165100.996579,146.186783,15.850983,129.493988
165101.037883,146.010498,15.998383,129.723328
165101.079186,146.094864,15.842102,129.836395
165101.120487,145.827942,16.102982,129.671005
165101.161786,145.928665,16.170334,129.455841
165101.203088,145.918747,16.145508,129.833023
165101.244396,145.878281,16.209702,129.272400
165101.285697,145.872025,16.161789,129.447113
165101.326993,145.801041,16.191391,129.497849
165101.368294,145.943268,15.970459,129.827896
165101.409598,145.819397,15.832062,129.628448
165101.450904,145.713776,15.995010,129.359894
165101.492210,145.792084,16.001053,129.785492
165101.533514,146.057159,15.961899,129.668762
165101.574816,146.044739,15.742691,129.548325
165101.616128,145.853134,16.025192,129.718262
165101.657424,145.796112,16.122955,129.490784
165101.698726,145.823975,16.100723,129.548859
165101.740027,145.748291,15.972076,129.692154
165101.781330,145.853912,16.065659,129.903992
165101.822631,145.792770,16.129623,129.631439
165101.863941,145.975342,15.899994,129.711975
165101.905236,145.899597,15.839462,129.752472
165101.946538,145.723358,16.054855,129.882431
165101.987840,145.897415,16.042633,130.145737
165102.029143,145.808289,16.413818,129.634018
165102.070447,145.860474,16.212189,129.873947
165102.111750,145.889267,16.286987,129.462479
165102.153052,145.986969,16.162659,129.763153
165102.194353,145.781845,16.162811,129.660324
165102.235655,145.832916,16.282425,129.711517
165102.276957,145.712265,16.423340,129.612381
165102.318259,145.678619,16.127548,129.297668
165102.359562,145.694778,15.967392,129.500885
165102.400866,146.000366,16.000671,129.402008
165102.442171,145.916046,16.049423,129.425552
165102.483476,145.860275,15.805527,129.617508
165102.524780,145.896698,15.972321,129.564072
165102.566085,145.715668,15.804230,129.505798
165102.607388,145.927261,15.808121,129.336288
165102.648690,145.881805,16.075546,129.590881
165102.689992,145.842545,16.035583,129.606720
165102.731296,145.736893,16.086395,129.577942
165102.772599,145.826187,16.172073,129.512085
165102.813903,145.775024,15.985855,129.684235
165102.855209,145.860626,15.934174,129.644180
165102.896514,145.983063,16.152466,130.030884
165102.937818,145.916534,15.971542,129.548584
165102.979121,145.922989,16.097610,129.539642
165103.020423,145.991821,15.948715,129.565811
165103.061730,146.055740,15.970352,129.441193
165103.103031,145.864227,15.999252,129.474121
165103.144338,145.922424,15.879623,129.722397
165103.185633,145.860703,16.098358,129.893539
165103.226937,145.832993,16.016541,129.559128
165103.268242,145.709641,15.897400,129.801605
165103.309548,145.816162,15.946167,129.678497
165103.350854,145.791672,16.148697,129.530548
165103.392161,145.910919,16.138199,129.464005
165103.433464,145.784363,16.149750,129.725677
165103.474767,145.789932,16.112366,129.821564
165103.516070,145.855072,16.083496,129.829117
165103.557373,145.955307,16.273804,129.992981
165103.598677,145.814514,16.038376,130.033524
165103.639980,145.846863,16.073410,129.733322
165103.681283,145.625259,15.947861,129.750458
165103.722585,145.830246,16.133881,129.881027
165103.763891,146.019714,15.953934,129.678101
165103.805195,145.859177,16.047745,129.832062
165103.846499,145.823959,16.290283,129.863678
165103.887805,145.976044,16.009720,129.841812
165103.929109,146.028458,15.808014,129.741165
165103.970414,145.856628,15.943756,129.948807
165104.011717,145.998611,15.990280,129.591339
165104.053022,146.089020,15.868408,129.852173
165104.094324,145.965286,15.951675,130.002716
165104.135627,145.729736,16.069443,129.749069
165104.176930,145.998245,16.009186,129.754440
165104.218232,145.913361,16.213654,129.793884
165104.259534,146.006714,16.077576,129.693604
165104.300834,145.785858,16.014938,129.714844
165104.342136,145.826447,16.272491,129.693832
165104.383438,145.771957,16.179764,129.946442
165104.424740,145.766098,16.029541,129.878693
165104.466043,146.065048,16.199585,129.814545
165104.507347,146.005142,16.137466,130.009857
165104.548652,145.988693,16.136749,129.825394
165104.589956,146.053818,16.220459,129.591461
165104.631258,145.955215,16.090149,129.764618
165104.672566,145.820511,16.135330,129.558533
165104.713863,145.879654,16.092911,129.601990
165104.755167,145.743866,15.869049,129.747482
165104.796470,145.942047,16.101700,129.848755
165104.837775,145.961182,15.887634,129.737228
165104.879080,146.089813,16.073151,129.647339
165104.920385,146.048523,16.004715,129.940750
165104.961689,145.731140,15.939529,129.605957
165105.002992,145.855331,16.041107,129.933167
165105.044298,145.768646,16.104889,129.663681
165105.085603,145.913971,15.966110,129.522705
165105.126908,145.749603,15.896286,129.620377
165105.168211,145.671738,16.072968,129.524139
165105.209515,145.727997,16.017578,129.824921
165105.250817,145.781906,15.998032,129.929932
165105.292122,145.892532,16.015274,129.856430
165105.333428,145.996353,15.669296,129.750290
165105.374735,145.726379,15.998550,130.004562
165105.416040,145.815475,15.950516,129.679962
165105.457342,146.037567,15.757843,129.863449
165105.498645,145.660141,15.998627,129.791092
165105.539948,145.690552,15.794724,129.748276
165105.581254,145.666229,15.993652,130.219131
165105.622557,145.932678,15.946945,129.994919
165105.663863,145.822174,15.897018,129.854797
165105.705169,145.957581,15.957397,129.817078
165105.746475,145.904999,16.005188,129.806015
165105.787781,145.708679,15.858932,129.946991
165105.829085,145.831268,16.012085,129.969650
165105.870389,145.855103,15.922180,129.946106
165105.911692,145.861176,15.987686,129.865372
165105.952996,145.764679,16.059174,130.146988
165105.994301,145.915085,15.933014,129.961945
165106.035605,145.894836,16.064056,129.948807
165106.076908,146.046112,15.856522,129.538177
165106.118211,145.713074,15.850632,129.928696
165106.159514,145.945404,15.924210,129.762436
165106.200816,145.880203,16.061172,129.753052
165106.242118,145.806671,15.795486,129.199997
165106.283422,146.086121,15.942734,129.721527
165106.324727,145.783920,16.012344,129.779587
165106.366021,145.724319,16.012894,129.967926
165106.407323,146.103180,15.929886,130.087433
165106.448625,145.980286,15.889816,129.927719
165106.489926,145.927017,15.666656,129.961609
165106.531230,145.847229,15.802216,129.751740
165106.572532,146.031876,15.804413,129.870697
165106.613834,146.317215,15.740524,129.752945
165106.655133,146.393112,15.528625,129.623154
165106.696434,145.961258,15.730453,129.677551
165106.737737,146.165039,15.639496,129.812317
165106.779040,145.911133,15.853577,129.562637
165106.820350,146.147308,15.616425,129.800186
165106.861645,146.394043,15.560806,129.637436
165106.902945,146.168747,15.506332,129.369827
165106.944246,145.872925,15.630035,129.409119
165106.985553,146.014725,15.741974,129.585663
165107.026851,145.918106,15.659912,129.578812
165107.068158,146.158432,15.703583,129.444717
165107.109455,146.140457,15.897476,129.218201
165107.150760,146.082809,15.776047,129.103439
165107.192062,146.163742,15.719177,129.349030
165107.233366,146.070831,15.709900,129.288605
165107.274670,146.155930,15.647537,129.350891
165107.315975,146.217575,15.669632,129.239777
165107.357280,146.076553,15.450424,129.312485
165107.398586,146.234467,15.467010,129.401917
165107.439893,146.003677,15.496262,129.416809
165107.481199,146.106918,15.657486,129.754089
165107.522505,146.043945,15.527557,129.729034
165107.563808,146.213547,15.661102,129.693436
165107.605109,146.267822,15.684586,129.819214
165107.646413,145.891998,16.099014,129.614151
165107.687714,146.088715,15.658722,129.590195
165107.729019,146.109985,15.847366,129.746796
165107.770323,145.962784,15.822678,129.751877
165107.811628,146.105881,15.473328,129.355316
165107.852931,145.939896,15.736710,129.330429
165107.894235,146.045944,15.640213,129.522247
165107.935539,145.930420,15.730057,129.468521
165107.976845,146.009094,15.613098,129.401520
165108.018148,145.986526,15.536728,129.333786
165108.059450,146.043457,15.760010,129.569565
165108.100750,146.017532,15.583878,129.476669
165108.142053,146.012421,15.535721,129.691177
165108.183356,145.866547,15.804581,129.396545
165108.224658,146.083603,15.469208,129.636963
165108.265959,146.124680,15.658661,129.634796
165108.307259,146.018555,15.747177,129.635681
165108.348565,146.113541,15.496933,129.659271
165108.389860,146.082611,15.646408,129.792603
165108.431163,146.103378,15.847748,129.508469
165108.472464,146.124466,15.536499,129.577896
165108.513768,146.258530,15.592697,129.891113
165108.555071,146.192169,15.510147,129.478699
165108.596375,146.177689,15.717056,129.599594
165108.637679,146.270050,15.786697,129.839859
165108.678987,146.003952,15.559357,129.614090
165108.720283,146.253006,15.621490,129.741425
165108.761596,146.030304,15.512772,129.419937
165108.802893,145.993637,15.586304,129.864685
165108.844195,145.998016,15.567627,129.517075
165108.885497,146.011398,15.672165,129.782440
165108.926801,146.139832,15.477661,129.788330
165108.968106,146.267303,15.526108,129.357712
165109.009409,146.064957,15.574234,129.435410
165109.050711,146.112747,15.661041,129.467361
165109.092021,146.430435,15.726776,129.614441
165109.133320,146.124817,15.829712,129.534134
165109.174621,146.017426,15.738419,129.360687
165109.215923,146.080322,15.835968,129.570282
165109.257226,146.141220,15.771912,129.614075
165109.298536,146.285461,15.528595,129.726257
165109.339835,146.122940,15.654236,129.690704
165109.381138,146.202881,15.703659,129.883575
165109.422443,146.176895,15.688812,129.905136
165109.463753,146.142685,15.869858,129.732361
165109.505050,145.968445,15.824371,129.846497
165109.546359,146.067978,15.757645,129.678177
165109.587654,146.046524,15.964417,129.758514
165109.628955,146.026306,15.804672,129.765289
165109.670261,146.209503,15.796463,129.807693
165109.711567,145.936783,15.693909,129.801300
165109.752872,146.062988,15.650330,129.769897
165109.794181,145.986786,15.742355,129.868423
165109.835475,145.948044,15.800262,129.825974
165109.876778,145.992996,15.648117,129.733994
165109.918081,146.116882,15.782776,130.016754
165109.959387,145.901749,15.948822,129.593765
165110.000691,145.834930,16.011978,129.577347
165110.041995,145.964828,15.768372,129.724197
165110.083299,145.936920,15.835464,129.558762
165110.124603,145.910477,15.907974,129.630981
165110.165908,145.975769,15.730972,129.827682
165110.207215,145.954575,15.817139,129.593338
165110.248520,145.906021,15.825211,129.545380
165110.289825,145.825699,15.733856,129.878067
165110.331129,146.015549,15.639481,129.518387
165110.372432,145.784500,15.695236,129.522873
165110.413737,145.699677,15.723633,129.528122
165110.455040,145.764404,15.743805,129.784271
165110.496347,145.726105,15.812195,129.682236
165110.537656,145.766296,15.953842,129.671097
165110.578964,145.778427,15.802567,129.653458
165110.620271,145.688416,15.794495,129.736679
165110.661574,145.700134,15.905045,129.848068
165110.702878,145.753510,16.054794,129.914993
165110.744184,145.649368,15.985458,129.766113
165110.785487,145.702957,15.986893,129.685822
165110.826791,145.891800,15.797867,129.765228
165110.868096,145.636063,15.856049,129.701660
165110.909398,145.652573,15.738464,129.514130
165110.950702,145.709930,15.827103,129.819641
165110.992008,145.850693,15.781921,129.580765
165111.033314,145.954834,16.015549,129.836487
165111.074620,145.755325,15.917679,129.688354
165111.115924,145.703964,15.892395,129.912109
165111.157232,145.717712,15.828979,129.727386
165111.198526,145.896500,15.876648,129.600388
165111.239827,145.631485,15.857529,129.584885
165111.281129,146.094604,15.664597,129.322311
165111.322438,145.945282,15.730118,129.678818
165111.363734,145.970718,15.695847,129.388916
165111.405037,146.033295,15.567947,129.418091
165111.446340,145.966232,15.771484,129.979980
165111.487644,145.846680,15.727737,129.740967
165111.528948,145.726562,15.631805,130.148880
165111.570252,145.957474,15.826523,129.753906
165111.611560,145.859940,16.018921,129.492676
165111.652866,145.692825,15.964706,130.004791
165111.694171,145.798431,15.774368,129.876816
165111.735477,145.820190,15.970078,129.780853
165111.776781,145.712158,15.970688,129.501511
165111.818084,145.866974,16.067444,129.934341
165111.859387,145.800339,15.674576,129.783234
165111.900698,145.618683,15.861603,129.857895
165111.941993,145.932541,15.714676,129.322800
165111.983295,146.067352,15.625122,129.472885
165112.024598,146.053650,15.570862,129.756241
165112.065905,146.092117,15.592102,129.523254
165112.107208,145.846619,15.731216,129.790527
165112.148513,145.920685,15.729416,129.765137
165112.189819,146.068573,15.766403,129.655396
165112.231123,146.122787,15.613297,129.824631
165112.272428,146.061920,15.818527,129.922852
165112.313732,145.985718,15.805527,129.963135
165112.355036,146.143433,15.718796,129.808624
165112.396340,146.061691,15.779083,129.682281
165112.437648,145.876480,16.071060,129.760880
165112.478943,146.070297,15.862366,129.388840
165112.520248,146.073044,15.960373,129.990219
165112.561553,146.116119,15.854034,129.224808
165112.602860,146.021057,15.956070,129.331497
165112.644165,146.296188,15.687408,129.432877
165112.685468,145.978104,15.826401,128.994629
165112.726775,146.187439,15.689575,129.491180
165112.768078,146.271423,15.565521,129.446793
165112.809384,145.974594,15.782242,129.727722
165112.850689,146.099533,15.821930,129.255524
165112.891993,145.869751,15.860199,129.576309
165112.933297,146.027115,15.711655,129.552200
165112.974607,145.997513,15.886520,129.301163
165113.015903,146.175980,15.748779,129.655502
165113.057213,146.012573,15.686234,129.488876
165113.098511,145.796448,15.980423,129.568848
165113.139817,146.103653,15.785355,129.424469
165113.181123,145.817551,15.960846,129.573288
165113.222426,145.882126,16.008881,129.488617
165113.263731,146.044357,15.998535,129.683090
165113.305040,146.023911,15.788727,129.539047
165113.346337,146.028687,15.962097,129.565079
165113.387641,146.257645,15.705536,129.802200
165113.428944,146.071655,15.569046,129.543243
165113.470248,146.124252,15.999649,129.945068
