165536.180973,148.440933,16.646225,129.262527
165536.222264,148.293976,16.436371,129.351105
165536.263556,148.535797,16.286179,129.332550
165536.304848,148.348312,16.537247,129.616119
165536.346141,148.384933,16.294296,129.462814
165536.387432,148.444809,16.437073,129.677750
165536.428724,148.215210,16.628815,129.529678
165536.470016,148.317490,16.300629,129.676895
165536.511310,148.280075,16.312637,129.807678
165536.552601,148.075424,16.723297,129.287979
165536.593896,148.134888,16.345825,129.107437
165536.635190,148.358582,16.211426,129.191116
165536.676482,148.032745,16.417816,129.195587
165536.717774,148.311462,16.321671,129.270798
165536.759068,148.458405,16.163116,129.355133
165536.800361,148.227875,16.417099,129.315628
165536.841653,148.306686,16.373199,129.354401
165536.882945,148.256104,16.038406,129.335526
165536.924238,148.425735,16.266678,129.071564
165536.965530,148.479004,16.253448,129.127884
165537.006822,148.438141,16.505264,129.222260
165537.048117,148.577194,16.303711,129.046677
165537.089410,148.474335,16.263412,129.119354
165537.130704,148.747299,15.945755,129.230148
165537.171997,148.476822,16.276993,129.081467
165537.213291,148.558289,16.148331,129.246521
165537.254583,148.339661,16.190353,129.178787
165537.295876,148.348328,16.223633,129.393356
165537.337167,148.531708,16.242645,129.381546
165537.378459,148.335587,16.225677,129.171631
165537.419749,148.385010,16.255508,129.582855
165537.461038,148.443527,16.333710,129.571304
165537.502324,148.611053,16.189743,129.485855
165537.543612,148.252411,16.323654,129.538345
165537.584901,148.263123,16.389099,129.453613
165537.626193,148.177505,16.461792,129.330963
165537.667485,148.087204,16.475143,129.232681
165537.708777,148.361938,16.397537,129.089478
165537.750069,148.316162,16.383926,128.923569
165537.791361,148.249084,16.240463,129.663757
165537.832651,148.273209,16.223862,129.763962
165537.873942,148.253677,16.045624,129.149216
165537.915235,148.250412,16.246399,129.595901
165537.956528,148.175690,16.285263,129.713333
165537.997820,148.365189,15.957123,129.236008
165538.039111,148.461258,16.274979,129.502640
165538.080405,148.273026,16.430969,129.444305
165538.121698,148.056824,16.433044,129.172058
165538.162996,148.391022,16.291916,129.186859
165538.204291,148.148636,16.345688,129.122955
165538.245585,148.135880,16.227081,129.216736
165538.286878,148.304626,16.495087,129.570602
165538.328172,148.455872,16.284592,129.347900
165538.369465,148.479904,16.240860,129.176987
165538.410756,148.391571,16.187378,129.449310
165538.452046,148.259369,16.219009,129.133316
165538.493338,148.318329,16.310593,129.653366
165538.534634,148.250809,16.199219,129.672089
165538.575926,148.282211,16.268661,129.491821
165538.617222,148.390930,16.035492,129.424591
165538.658517,148.462250,16.214035,129.394348
165538.699811,148.355301,16.319443,129.232346
165538.741104,148.335083,16.338272,129.184982
165538.782396,148.356140,16.195648,129.363968
165538.823688,148.252457,16.268143,129.297226
165538.864982,148.389008,16.087692,129.532425
165538.906278,148.317520,16.215637,129.291290
165538.947572,148.301010,16.240723,129.602509
165538.988866,148.145325,16.257812,129.289963
165539.030162,148.398941,16.098434,129.091095
165539.071455,148.219040,16.207047,129.434921
165539.112747,148.311707,16.225754,129.336945
165539.154043,148.444366,15.994034,129.112061
165539.195338,148.164734,16.124451,129.654465
165539.236630,148.263611,16.283081,129.429825
165539.277923,148.328552,16.135284,129.629196
165539.319217,148.459381,16.182083,129.330368
165539.360512,148.105927,16.345474,129.899399
165539.401808,148.511017,16.128052,129.305923
165539.443105,148.379456,16.177094,129.095413
165539.484401,148.386032,16.193039,129.421112
165539.525695,148.510071,16.084641,129.276031
165539.566989,148.320709,16.144180,129.377213
165539.608282,148.349869,16.285934,129.747223
165539.649574,148.575317,16.004257,129.516785
165539.690865,148.319885,16.205750,129.708603
165539.732157,148.359146,16.358810,129.414429
165539.773450,148.252731,16.478409,129.706970
165539.814739,148.225021,16.492203,129.795761
165539.856032,148.280243,16.335022,129.527725
165539.897325,148.239120,16.614822,129.512894
165539.938617,148.213196,16.553406,129.276642
165539.979908,148.125534,16.538513,129.120743
165540.021201,148.129303,16.293137,129.572235
165540.062494,148.355515,16.356903,129.713974
165540.103785,148.183807,16.217545,129.781174
165540.145079,148.344742,16.254959,129.021896
165540.186374,148.447861,16.164505,129.133621
165540.227668,148.498093,16.084824,129.654190
165540.268965,148.437378,15.963043,129.428574
165540.310261,148.379456,16.210342,129.456116
165540.351556,148.376495,16.094254,129.554977
165540.392849,148.453903,16.143387,129.559540
165540.434143,148.244766,15.990295,129.580399
165540.475438,148.391815,16.002258,129.103043
165540.516734,148.430954,16.064819,129.417297
165540.558028,148.596130,16.115479,129.475800
165540.599322,148.245056,16.067368,129.561981
165540.640618,148.385406,16.350891,129.538940
165540.681910,148.387100,15.986404,129.633713
165540.723204,148.220383,16.181015,129.306488
165540.764500,148.298325,16.177979,129.491959
165540.805796,148.102524,15.895935,129.363083
165540.847087,148.043091,16.054672,129.601807
165540.888380,148.586380,16.122208,129.476974
165540.929674,148.413742,16.040649,129.677795
165540.970967,148.404953,16.055542,129.916733
165541.012264,148.522598,15.797913,129.544250
165541.053558,148.368164,16.107391,129.767776
165541.094851,148.394470,16.050385,129.771835
165541.136146,148.179016,16.193726,129.316589
165541.177440,148.286270,15.992645,129.542007
165541.218734,148.259048,16.211670,129.665848
165541.260029,148.378769,16.095215,129.723251
165541.301325,148.504318,16.204147,129.284256
165541.342619,148.527985,16.071152,130.003433
165541.383915,148.522705,16.236557,129.484604
165541.425204,148.447357,16.126114,129.312851
165541.466494,148.172333,16.022629,129.553345
165541.507782,148.022766,16.373230,129.477463
165541.549072,148.117020,16.102325,129.981583
165541.590361,148.078094,16.273926,129.753006
165541.631652,148.331131,16.148895,129.733566
165541.672945,148.241226,16.423706,129.855942
165541.714237,148.373444,16.166168,129.840073
165541.755529,148.351181,16.331818,129.738052
165541.796822,148.239807,16.160431,129.778152
165541.838116,148.184830,16.248322,129.326599
165541.879412,148.332550,16.341492,129.418167
165541.920707,148.435745,16.287369,129.464554
165541.962005,148.185379,16.131042,129.665298
165542.003301,148.385498,16.120148,129.877304
165542.044594,148.563522,15.971634,129.877121
165542.085889,148.279480,16.059113,129.652222
165542.127186,148.379379,15.878738,129.475220
165542.168482,148.316772,15.985184,129.988495
165542.209780,148.267853,16.014908,129.574127
165542.251074,148.406570,16.001450,129.225632
165542.292368,148.210587,15.967758,129.020065
165542.333662,148.294510,16.041763,129.291107
165542.374955,148.444229,15.829300,129.460709
165542.416250,148.291428,15.923874,129.702927
165542.457544,148.375183,16.036057,129.365128
165542.498837,148.444473,15.932236,129.556534
165542.540131,148.280289,16.058853,129.724472
165542.581427,148.366348,16.000610,129.758331
165542.622723,148.307022,16.023193,129.553925
165542.664016,148.430298,15.951767,129.804184
165542.705314,148.399292,15.943497,129.405334
165542.746607,148.341705,15.848755,129.649536
165542.787902,148.429047,15.874130,129.426498
165542.829197,148.406876,15.822311,130.039505
165542.870489,148.289627,15.888428,129.760376
165542.911786,148.407013,15.987656,129.614349
165542.953082,148.038940,15.847641,129.670151
165542.994376,148.220673,15.987488,129.608154
165543.035671,148.318604,16.093430,129.763641
165543.076965,148.314438,15.837524,129.536118
165543.118257,148.261566,15.807495,129.845154
165543.159551,148.372879,15.927505,129.495346
165543.200842,148.387894,15.953629,129.393051
165543.242133,148.391174,15.973389,129.804001
165543.283427,148.562943,16.074371,129.644165
165543.324721,148.418915,16.015335,129.788040
165543.366013,148.461807,15.512268,129.648529
165543.407308,148.492538,15.865112,129.485306
165543.448602,148.443390,15.931793,129.567078
165543.489893,148.618942,15.945953,129.384872
165543.531187,148.327835,16.179169,129.531906
165543.572481,148.233139,16.119980,129.500015
165543.613774,148.267639,16.003082,129.580109
165543.655067,148.401077,16.104462,129.565247
165543.696360,148.195435,16.113876,129.606781
165543.737655,148.100769,16.149765,129.487564
165543.778948,148.256210,15.960754,129.572922
165543.820239,148.336166,15.942307,129.512177
165543.861530,148.248047,16.052673,129.240082
165543.902818,148.534698,15.935852,129.434860
165543.944108,148.425720,15.829163,129.316986
165543.985401,148.411438,15.993301,129.413635
165544.026695,148.338562,16.106750,129.247681
165544.067988,148.416428,16.004654,129.131134
165544.109281,148.430359,15.958496,129.130890
165544.150574,148.199753,16.210953,129.660370
165544.191868,148.363678,16.176437,129.153076
165544.233160,148.194122,16.076889,129.108093
165544.274455,148.264343,16.088669,129.170959
165544.315748,148.220520,16.115662,129.275192
165544.357043,148.336990,16.192368,128.895966
165544.398335,148.218079,16.091125,129.256821
165544.439629,148.243378,16.155792,129.222229
165544.480921,148.340195,16.345276,129.543594
165544.522213,148.207703,16.048203,129.421188
165544.563506,148.278397,16.276779,129.453110
165544.604799,148.392014,16.168930,129.198334
165544.646091,148.286880,16.029114,129.446259
165544.687384,148.317108,16.222321,129.395020
165544.728676,148.344376,16.322998,129.282883
165544.769968,148.379089,16.104462,129.276184
165544.811259,148.314728,16.231689,129.356384
165544.852554,148.223373,16.142960,129.262863
165544.893845,148.340561,15.862503,129.502594
165544.935136,148.672028,16.041626,129.240936
165544.976427,148.403503,16.053467,129.614441
165545.017717,148.568649,15.967804,129.462204
165545.059004,148.191071,16.133377,129.770920
165545.100294,148.360992,15.857468,129.397675
165545.141584,148.250488,15.795563,129.325668
165545.182875,148.175873,15.951492,129.643188
165545.224165,148.319519,16.077072,129.171677
165545.265458,148.380722,16.179214,129.398407
165545.306749,148.343826,16.254333,129.156158
165545.348040,148.315781,16.104553,129.418228
165545.389330,148.243973,16.227646,129.670700
165545.430622,148.249832,16.138535,129.586624
165545.471913,148.421875,15.937088,129.227325
165545.513204,148.188232,15.925003,129.261902
165545.554495,148.357422,15.925827,129.488388
165545.595788,148.231522,16.138580,129.273926
165545.637077,148.296753,15.945786,129.359070
165545.678365,148.465515,16.101990,129.318298
165545.719654,148.241013,16.027740,129.593842
165545.760943,148.110046,15.994278,129.593338
165545.802233,148.297394,16.022690,129.328110
165545.843524,148.014603,16.312683,129.363159
165545.884816,148.210953,16.253220,129.196609
165545.926108,148.210922,16.203201,129.415588
165545.967399,148.354401,16.047501,129.195740
165546.008690,148.272385,16.232285,129.083694
165546.049981,148.393066,16.044373,128.880814
165546.091270,148.394409,16.175690,129.363297
165546.132560,148.487137,15.746506,129.014664
165546.173851,148.489822,15.767715,128.920059
165546.215143,148.330307,15.759140,129.164276
165546.256436,148.433151,15.975967,129.401031
165546.297729,148.454773,16.139023,129.315079
165546.339020,148.426453,15.874619,129.256897
165546.380311,148.390823,15.872299,129.296600
165546.421604,148.345932,15.869186,129.135590
165546.462895,148.411362,15.896835,129.284180
165546.504187,148.626648,15.618790,129.474823
165546.545480,148.462646,15.855957,129.219925
165546.586772,148.421249,15.847031,129.369858
165546.628065,148.311981,15.849777,129.434448
165546.669360,148.483414,15.745163,129.036118
165546.710652,148.460342,15.760422,129.383347
165546.751945,148.678574,15.702087,129.260193
165546.793238,148.487198,15.804672,129.538513
165546.834531,148.309586,15.705460,129.079010
165546.875825,148.591461,15.812988,129.213226
165546.917117,148.732101,15.606369,129.418915
165546.958409,148.548019,15.793335,128.936310
165546.999702,148.500610,15.924774,129.008469
165547.040993,148.630371,15.974289,129.257858
165547.082286,148.669220,15.893494,128.969452
165547.123578,148.594940,15.724106,129.040329
165547.164869,148.461975,15.715179,128.791061
165547.206160,148.387680,16.135513,128.927750
165547.247452,148.449158,15.961304,129.131851
165547.288742,148.522675,15.856171,129.266388
165547.330032,148.321838,15.881561,129.101013
165547.371323,148.336578,15.647797,129.055481
165547.412613,148.452927,15.826035,128.813354
165547.453901,148.592850,15.766800,128.904816
165547.495190,148.389709,15.863846,129.144974
165547.536480,148.546021,15.943527,129.369751
165547.577771,148.381363,15.926224,129.182724
165547.619063,148.525772,15.825760,129.321808
165547.660355,148.602539,15.877228,129.031845
165547.701646,148.652451,15.850815,128.613953
165547.742939,148.455826,16.018356,129.224960
165547.784232,148.464142,15.846848,128.877731
165547.825525,148.465591,16.029800,129.248962
165547.866820,148.345795,15.910645,128.692062
165547.908114,148.416611,16.007339,128.986450
165547.949409,148.276382,16.011368,129.092957
165547.990705,148.451111,15.986542,129.213120
165548.032001,148.805969,15.687225,129.184891
165548.073295,148.629242,15.892166,129.135452
165548.114590,148.532883,15.876114,129.119766
165548.155883,148.492081,15.942490,129.162888
165548.197174,148.595886,16.006851,129.340164
165548.238466,148.548645,15.945587,129.246628
165548.279759,148.543457,15.925873,129.231995
165548.321051,148.494461,16.078766,129.248947
165548.362345,148.467560,15.984085,129.454880
165548.403636,148.533539,16.086456,129.213928
165548.444929,148.483810,16.072739,129.281555
165548.486222,148.442352,15.853592,129.024246
165548.527516,148.341125,16.068878,128.758453
165548.568808,148.468018,16.032425,129.041687
165548.610103,148.696228,15.880661,128.801025
165548.651399,148.158691,16.128433,128.893829
165548.692692,148.240555,16.008926,129.174377
165548.733985,148.519608,15.863922,129.139664
165548.775278,148.247574,16.019836,128.925980
165548.816572,148.297379,16.123993,128.780151
165548.857865,148.416214,16.185898,129.060440
165548.899156,148.498123,15.968750,129.043488
165548.940450,148.315857,16.152466,129.541779
165548.981747,148.439575,16.117447,129.116531
165549.023043,148.256378,16.034317,129.034729
165549.064338,148.214691,16.044510,129.009705
165549.105633,148.128357,16.201370,128.917267
165549.146927,148.032639,16.050201,129.279678
165549.188219,148.268356,16.047028,128.908936
165549.229512,148.305176,15.984421,129.041672
165549.270806,148.304321,16.031372,128.979752
165549.312102,148.269943,15.942993,129.038773
165549.353397,148.242081,15.876968,129.017090
165549.394692,148.433090,15.944641,128.871277
165549.435987,148.372498,15.994171,128.970428
165549.477281,148.134872,15.905685,129.366318
165549.518574,148.225693,15.918320,129.228394
165549.559867,148.358871,16.083572,129.229889
165549.601163,148.220505,16.217758,128.967575
165549.642458,148.453049,15.831879,128.901932
165549.683751,148.482651,15.750687,129.012039
165549.725044,148.443756,15.893982,129.266174
165549.766337,148.391861,15.943298,129.234955
165549.807630,148.413300,16.003113,129.096649
165549.848925,148.348480,15.911926,129.138687
165549.890220,148.346191,15.864670,129.140045
165549.931513,148.429001,15.800156,128.990158
165549.972807,148.446899,16.010239,129.189529
165550.014101,148.315033,16.040939,129.061523
165550.055396,148.285828,16.247620,129.342209
165550.096691,148.423538,15.821686,128.879837
165550.137986,148.542542,16.134048,129.311905
165550.179280,148.558395,15.862015,129.530258
165550.220571,148.606506,15.933533,129.433411
165550.261863,148.482193,15.908707,129.511719
165550.303153,148.480026,15.886047,129.201233
165550.344444,148.666718,15.668930,128.954285
165550.385736,148.501129,15.714447,129.479156
165550.427030,148.397873,15.933350,129.107269
165550.468325,148.565659,16.137802,129.351562
165550.509619,148.501343,15.869385,129.649658
165550.550911,148.683075,15.960556,129.299408
165550.592205,148.786926,15.897583,129.452423
165550.633497,148.793411,16.029144,129.434296
165550.674790,148.681808,15.786118,129.376404
165550.716085,148.640503,15.851227,129.467468
165550.757381,148.890671,15.703873,129.258484
165550.798675,148.816055,15.674545,129.255341
165550.839970,148.683212,15.711075,129.559433
165550.881266,148.427124,15.822067,129.182037
165550.922561,148.873123,15.689545,129.242386
165550.963856,148.673584,15.652481,129.265976
165551.005150,148.380310,16.141495,129.110519
165551.046444,148.309219,16.001282,129.511871
165551.087736,148.403397,15.949127,129.403488
165551.129030,148.416550,15.985611,129.447449
165551.170324,148.376465,15.970840,129.513504
165551.211620,148.624817,15.797073,129.647705
165551.252914,148.637512,15.831268,129.343384
165551.294208,148.429977,15.980927,129.451279
165551.335503,148.642944,15.684021,129.410095
165551.376796,148.459137,16.101135,129.318390
165551.418091,148.576279,16.005051,129.317245
165551.459382,148.616257,15.987564,129.377045
165551.500674,148.362045,15.895294,129.048111
165551.541966,148.526886,16.129288,129.481506
165551.583258,148.452805,16.108963,129.301010
165551.624551,148.246918,16.031570,129.206924
165551.665845,148.443817,15.938309,129.317245
165551.707137,148.404083,16.174408,128.928757
165551.748430,148.570663,16.151489,129.216217
165551.789721,148.578934,15.963394,129.532486
165551.831014,148.544098,16.090805,129.181305
165551.872309,148.601852,16.138657,129.088638
165551.913603,148.418976,15.971848,129.330353
165551.954896,148.769913,15.808304,129.172104
165551.996188,148.401886,15.979630,128.893021
165552.037481,148.551849,16.134460,129.184006
165552.078777,148.467148,16.195999,128.953568
165552.120072,148.504120,16.110901,129.173248
165552.161367,148.538269,16.282150,129.093964
165552.202664,148.482437,15.889160,129.227234
165552.243961,148.459442,16.143448,129.361511
165552.285258,148.604095,15.966949,129.350861
165552.326558,148.474564,16.015854,128.975082
165552.367856,148.804810,15.850937,129.157990
165552.409152,148.582947,16.029251,129.042419
165552.450446,148.594223,15.940445,129.416992
165552.491740,148.546753,16.034210,129.059830
165552.533034,148.779175,15.840820,129.011261
165552.574327,148.605118,15.869476,129.168503
165552.615620,148.557007,15.925217,129.011459
165552.656915,148.607513,15.680450,129.461319
165552.698210,148.897568,15.795944,129.398376
165552.739506,148.861862,15.953842,129.446228
165552.780798,148.818726,15.795090,129.227081
165552.822092,148.633255,16.024017,129.395691
165552.863386,148.745239,15.938705,129.172699
165552.904680,148.848450,15.955292,129.090454
165552.945972,148.548676,15.891617,129.358978
165552.987266,148.818344,16.063278,129.407959
165553.028558,148.477982,16.202927,129.410019
165553.069851,148.655823,15.818069,129.271439
165553.111142,148.845139,15.992142,129.569687
165553.152436,148.691635,15.842743,129.329559
165553.193729,148.733444,15.851181,129.592636
165553.235020,148.713959,15.826843,129.520065
165553.276313,148.768463,15.905106,129.494293
165553.317605,148.808884,15.660828,129.449509
165553.358898,148.606110,15.728256,129.421463
165553.400193,148.805359,15.913132,129.398895
165553.441489,148.578339,16.095047,129.491806
165553.482785,148.621994,15.733582,129.470322
165553.524077,148.479980,16.000595,129.427063
165553.565372,148.455017,15.768265,129.295792
165553.606667,148.479843,15.959229,129.170456
165553.647961,148.610138,15.752884,129.270370
165553.689254,148.498138,15.913010,129.514694
165553.730550,148.570831,15.925903,129.213715
165553.771845,148.505295,15.777267,129.379715
165553.813140,148.828522,15.765396,129.602081
165553.854435,148.494736,15.930130,129.594788
165553.895730,148.752319,15.878052,129.515198
165553.937025,148.577347,16.049973,129.159668
165553.978316,148.498062,16.041641,129.236557
165554.019610,148.762085,15.785690,129.301636
165554.060904,148.759979,15.805573,129.365753
165554.102197,148.629730,15.818680,129.466583
165554.143491,148.538147,16.214935,129.073761
165554.184781,148.257309,16.226578,128.785355
165554.226071,148.678497,15.870514,128.959854
165554.267365,148.513153,15.918106,129.280273
165554.308659,148.461060,16.054993,128.783966
165554.349949,148.445648,15.728989,128.819626
165554.391243,148.475067,15.755249,129.045471
165554.432537,148.519852,15.644699,129.366959
165554.473829,148.330841,15.923767,129.393112
165554.515122,148.635300,15.713776,129.255585
165554.556418,148.747375,15.800476,129.476196
165554.597713,148.613480,15.897919,129.297043
165554.639011,148.594894,15.902664,129.357407
165554.680304,148.516068,16.056625,129.227402
165554.721597,148.550217,16.107803,129.505188
165554.762890,148.537842,16.144104,129.320663
165554.804186,148.437592,16.162674,129.398865
165554.845485,148.646072,16.130219,129.342239
165554.886781,148.586578,16.029221,129.013031
165554.928077,148.731232,16.032578,129.178925
165554.969372,148.548141,16.049850,129.173019
165555.010667,148.488129,15.804260,129.494370
165555.051961,148.628891,15.752457,129.062637
165555.093256,148.741043,15.803726,129.336243
165555.134551,148.505920,16.067337,129.265762
165555.175846,148.670624,15.680679,129.283005
165555.217140,148.391174,15.884079,129.435883
165555.258435,148.370651,15.644058,129.455048
165555.299730,148.543915,15.817947,129.222733
165555.341026,148.672821,15.985046,129.186096
165555.382322,148.525421,15.837570,129.563385
165555.423617,148.423080,15.845215,129.506134
165555.464914,148.385269,15.581619,129.309021
165555.506208,148.544479,15.865967,129.109467
165555.547504,148.560791,15.829910,129.330200
165555.588798,148.623672,15.932663,129.391037
165555.630091,148.671967,16.090256,129.018036
165555.671384,148.667068,15.974274,129.247375
165555.712676,148.526871,16.094452,129.350922
165555.753968,148.555969,15.991364,129.248840
165555.795259,148.574356,15.863159,129.094269
165555.836552,148.707535,15.672226,129.218033
165555.877843,148.373169,16.099045,129.065613
165555.919134,148.586990,16.221634,129.185226
165555.960427,148.485992,16.211075,128.923615
165556.001718,148.435745,15.969040,129.103439
165556.043010,148.511612,16.015182,129.245773
165556.084303,148.540085,16.171326,129.073807
165556.125593,148.460602,16.343124,129.165207
165556.166883,148.536850,16.064819,129.300400
165556.208173,148.497375,16.123154,129.217651
165556.249463,148.252411,16.181534,128.952728
165556.290758,148.308304,16.118027,129.339417
165556.332050,148.339264,16.121155,129.227509
165556.373342,148.473038,16.036514,129.322220
165556.414634,148.324478,15.968048,129.651291
165556.455926,148.414459,16.140259,129.543793
165556.497219,148.405823,15.955872,129.828857
165556.538508,148.502686,16.029984,129.250824
165556.579799,148.393723,16.206558,129.479431
165556.621093,148.331635,16.260193,129.397491
165556.662386,148.318375,16.216003,129.343201
165556.703678,148.483444,15.972733,129.218124
165556.744969,148.510330,16.267929,129.440445
165556.786262,148.409470,15.988235,129.255951
165556.827552,148.308838,15.998276,129.053131
165556.868844,148.302383,16.155869,129.109924
165556.910136,148.294266,16.244873,129.305344
165556.951428,148.080322,15.958878,129.138382
165556.992718,148.271820,15.899887,129.085876
165557.034010,148.192413,16.107681,129.249817
165557.075300,148.143524,16.312119,129.411316
165557.116591,148.343399,16.018967,129.022415
165557.157884,148.478668,16.045639,129.112946
165557.199177,148.301834,15.875732,129.469467
165557.240471,148.209961,15.975067,129.422150
165557.281765,148.313629,16.023849,129.104706
165557.323058,148.285828,15.809265,129.218094
165557.364353,148.216461,16.140915,129.628189
165557.405646,148.418732,15.964920,129.675201
165557.446942,148.322754,15.877518,129.017181
165557.488233,148.520523,16.116074,129.736862
165557.529522,148.194244,16.142975,129.466644
165557.570811,148.334198,15.964554,129.678848
165557.612101,148.229218,16.017563,129.775330
165557.653393,148.103287,15.786072,129.812225
165557.694688,148.144562,16.095062,129.707733
165557.735981,148.438812,16.110565,129.753540
165557.777275,148.201614,16.115738,129.236160
165557.818571,148.473175,15.713501,129.530869
165557.859866,148.451843,15.914780,128.819016
165557.901162,148.235138,15.960159,129.119415
165557.942455,148.505371,15.838196,129.533157
165557.983748,148.571777,15.782196,129.249786
165558.025042,148.518234,15.768707,129.370682
165558.066335,148.392227,15.860275,129.591537
165558.107632,148.408356,15.934845,129.346313
165558.148930,148.392487,15.949844,129.339081
165558.190226,148.447495,15.935150,129.278717
165558.231520,148.251083,15.918488,129.334122
165558.272815,148.249207,15.811676,129.052032
165558.314107,148.567902,15.760605,129.257950
165558.355399,148.298721,15.927856,129.353394
165558.396692,148.385269,16.045975,129.156525
165558.437984,148.375504,15.978806,129.134506
165558.479278,148.444580,16.087463,129.363068
165558.520573,148.374985,15.896835,129.021927
165558.561867,148.249435,16.280396,129.103409
165558.603161,148.606216,15.886887,128.946884
165558.644455,148.468994,16.003540,129.044189
165558.685749,148.658432,15.934158,129.462234
165558.727041,148.659821,16.033859,129.077499
165558.768333,148.582245,16.184082,128.959610
165558.809628,148.664780,16.244034,129.340210
165558.850919,148.528244,16.068344,129.076401
165558.892211,148.466797,16.336411,129.423492
165558.933503,148.328613,16.453918,129.475662
165558.974795,148.554092,16.189056,129.305771
165559.016087,148.514832,16.279373,129.011887
165559.057380,148.542953,16.221069,128.947983
165559.098672,148.382126,16.456970,128.785355
165559.139966,148.406799,16.223663,129.071747
165559.181259,148.253860,16.284912,129.119705
165559.222552,148.467590,16.149216,128.995667
165559.263844,148.394333,16.188217,129.325516
165559.305137,148.433685,16.371735,129.637695
165559.346430,148.643661,16.189575,129.292465
165559.387724,148.530685,16.323792,129.393234
165559.429015,148.538757,16.264465,129.514893
165559.470308,148.605362,16.134735,129.254471
165559.511602,148.669388,16.292786,129.489075
165559.552893,148.438583,16.150421,129.562698
165559.594184,148.536102,16.184021,129.387070
165559.635476,148.613525,16.097809,129.229095
165559.676770,148.421066,16.268494,128.822052
165559.718063,148.445358,16.172226,129.034744
165559.759353,148.597794,16.147552,129.060181
165559.800643,148.501999,16.130829,129.015930
165559.841933,148.466370,16.014725,129.087708
165559.883222,148.519882,16.157227,129.115051
165559.924512,148.561142,16.105927,129.196091
165559.965803,148.560898,16.319260,129.292618
165560.007094,148.534836,16.269363,129.536713
165560.048384,148.550873,16.329086,129.144012
165560.089675,148.629852,16.432678,129.601013
165560.130967,148.553726,16.322098,129.278824
165560.172258,148.647232,16.319977,129.305893
165560.213551,148.471573,16.109863,129.473160
165560.254841,148.542908,16.133499,129.193314
165560.296133,148.342484,16.403366,129.408890
165560.337423,148.299805,16.496857,129.323013
165560.378714,148.290009,16.064209,129.679962
165560.420007,148.249451,16.078751,129.366730
165560.461300,148.477982,16.113068,129.522339
165560.502592,148.550186,16.129196,129.511734
165560.543886,148.530090,16.278671,129.379745
165560.585179,148.319595,16.228592,129.657303
165560.626472,148.216400,16.159302,129.308868
165560.667764,148.530319,16.187851,129.429779
165560.709055,148.574982,16.140366,129.287720
165560.750348,148.494324,15.926498,129.486603
165560.791641,148.700180,15.974915,129.393875
165560.832932,148.434601,16.179474,129.448715
165560.874222,148.281937,16.228912,129.304855
165560.915512,148.414032,16.065048,129.380447
165560.956803,148.407761,16.089325,129.590652
165560.998093,148.445999,15.807083,129.632645
165561.039383,148.440277,16.020187,129.439606
165561.080674,148.311081,16.253891,129.016281
165561.121966,148.320862,16.048965,129.056671
165561.163258,148.287933,16.145203,128.930450
165561.204550,148.527756,16.129074,129.158752
165561.245842,148.326385,16.329208,128.937439
165561.287135,148.334045,16.144379,129.216965
165561.328429,148.303787,16.254776,129.100189
165561.369723,148.401550,16.201111,129.364044
165561.411020,148.459656,16.182785,129.165115
165561.452311,148.349701,15.842789,129.149399
165561.493603,148.614243,16.155014,129.182526
165561.534899,148.336807,16.123230,129.181290
165561.576195,148.437912,16.057770,129.445694
165561.617486,148.603912,15.748520,129.303345
165561.658777,148.558884,16.139877,129.189545
165561.700068,148.602493,15.910126,129.434219
165561.741362,148.570450,16.099701,129.172607
165561.782654,148.505981,16.159317,129.262161
165561.823947,148.440125,16.119217,129.128128
165561.865241,148.468292,16.078476,129.042877
165561.906532,148.332840,16.337524,129.013580
165561.947823,148.393799,16.070099,129.056915
165561.989117,148.415680,15.794327,128.776840
165562.030412,148.424591,16.041016,128.884308
165562.071706,148.341736,16.036118,128.914581
165562.112999,148.453598,16.151413,128.937714
165562.154291,148.397675,15.876785,128.972824
165562.195581,148.477402,15.865875,128.922653
165562.236874,148.454758,16.135986,129.596268
165562.278168,148.332565,16.101608,129.138458
165562.319463,148.462830,16.043060,129.040756
165562.360757,148.533859,15.924011,129.081039
165562.402050,148.487335,15.916885,128.891342
165562.443347,148.192886,16.146484,129.567581
165562.484643,148.631271,16.052353,128.907623
165562.525941,148.427063,16.001831,129.332047
165562.567238,148.343369,16.244400,129.038330
165562.608532,148.238358,15.921112,129.223236
165562.649823,148.336197,16.110184,128.999817
165562.691116,148.373291,16.214584,129.020508
165562.732409,148.481354,16.048798,128.945114
165562.773703,148.420502,15.993729,128.986847
165562.815000,148.474213,16.056213,128.943222
165562.856294,148.420914,15.907654,128.957596
165562.897587,148.414459,16.019043,129.020966
165562.938881,148.408035,16.206909,129.126999
165562.980175,148.315582,16.015793,128.967255
165563.021473,148.351929,16.128632,129.058426
165563.062772,148.582306,16.346146,129.044342
165563.104065,148.346191,16.335205,129.024857
165563.145357,148.272644,16.078293,128.857422
165563.186650,148.205872,16.359818,129.089828
165563.227943,148.363892,16.248245,129.046417
165563.269236,148.225769,16.432663,128.881042
165563.310531,148.285141,16.193695,128.791092
165563.351824,148.419296,15.999603,128.656952
165563.393118,148.479309,16.145035,129.043121
165563.434410,148.329971,16.026474,129.205582
165563.475705,148.374649,16.089523,129.182831
165563.517000,148.305756,16.038162,128.845520
165563.558293,148.319656,16.045609,129.038483
165563.599587,148.432205,16.049911,129.055435
165563.640881,148.239716,16.339569,129.282669
165563.682175,148.262680,16.234085,128.714462
165563.723470,148.251816,16.072495,129.216873
165563.764762,148.196564,16.208023,129.072769
165563.806056,148.290909,16.102875,128.767624
165563.847351,148.347260,16.109680,128.760391
165563.888648,148.521606,16.093887,128.655853
165563.929944,148.148438,16.342209,128.875595
165563.971239,148.214005,16.146759,128.819672
165564.012533,148.180481,16.138885,128.915131
165564.053828,148.151291,16.240265,128.702682
165564.095122,148.000580,16.211990,128.865738
165564.136414,148.244934,16.332565,129.137283
165564.177705,148.297958,16.135742,129.033508
165564.218999,148.298126,16.273636,129.320114
165564.260294,148.283737,16.185974,128.963135
165564.301588,148.271164,16.317261,129.196289
165564.342880,148.198792,16.500366,128.864914
165564.384173,148.018478,16.392166,128.881958
165564.425467,148.087418,16.231308,129.000732
165564.466764,148.509857,16.247665,128.841034
165564.508060,148.148895,16.237076,128.719009
165564.549356,148.210388,16.072952,129.071350
165564.590649,148.088516,16.283554,129.087784
165564.631942,148.320023,16.284592,128.736694
165564.673235,148.152084,16.233475,128.880035
165564.714526,148.475815,16.123764,129.049103
165564.755820,148.595352,15.927399,128.988266
165564.797112,148.480377,16.132370,128.594864
165564.838403,148.728775,16.128738,128.806030
165564.879697,148.496384,16.099915,128.978867
165564.920989,148.525558,16.023224,129.025101
165564.962282,148.352127,16.081619,128.618698
165565.003574,148.343964,16.199280,128.638290
165565.044864,148.539856,16.110535,128.988617
165565.086154,148.407623,16.298309,128.906219
165565.127445,148.491287,16.270294,129.003830
165565.168739,148.664825,16.274780,128.607422
165565.210032,148.416702,15.973602,128.652710
165565.251324,148.517822,16.216858,128.835648
165565.292615,148.432144,16.071243,128.738220
165565.333907,148.333099,16.166107,129.113220
165565.375202,148.459930,16.295059,128.770813
165565.416497,148.672577,16.187958,128.504349
165565.457793,148.243759,16.272980,128.808640
165565.499090,148.285309,16.566147,128.782928
165565.540388,148.522461,16.222046,128.871048
165565.581683,148.222946,16.378494,128.578842
165565.622977,148.364136,16.153152,128.524033
165565.664272,148.544052,16.309189,128.735825
165565.705567,148.562378,16.084869,128.452377
165565.746862,148.476395,16.151062,128.810776
165565.788155,148.397598,16.172943,128.947647
165565.829452,148.293472,16.092300,128.872986
165565.870751,148.350327,16.199905,128.942612
165565.912047,148.239197,16.058548,128.772675
165565.953342,148.294724,16.182739,128.823792
165565.994637,148.285919,16.419708,128.825287
165566.035932,148.321594,16.384933,128.337189
165566.077226,148.276321,16.325684,128.478592
165566.118521,148.287598,16.463837,128.883041
165566.159816,148.275452,16.298386,128.436478
165566.201110,148.294479,16.109848,128.652786
165566.242403,148.417221,16.179321,128.373276
165566.283696,148.548904,16.112320,128.809036
165566.324987,148.390610,16.091888,128.760101
165566.366277,148.429581,16.237732,128.950211
165566.407570,148.306107,16.421356,128.810043
165566.448861,148.303802,16.462952,128.834518
165566.490153,148.462921,15.966980,128.940369
165566.531444,148.387207,16.385803,128.649414
165566.572735,148.533188,16.163925,128.970596
165566.614028,148.476715,16.189209,128.779358
165566.655320,148.572800,16.157928,128.745895
165566.696613,148.631287,16.284622,128.593658
165566.737906,148.504822,16.025497,128.673157
165566.779201,148.773087,15.983093,128.680374
165566.820492,148.797150,15.766113,128.985443
165566.861782,148.807114,15.883514,128.801636
165566.903073,148.856018,15.792313,128.790024
165566.944364,148.944244,15.917770,128.649033
165566.985658,148.638107,15.827820,128.706100
165567.026951,148.748138,16.082886,128.937927
165567.068240,148.774597,15.818680,129.215363
165567.109535,148.580048,15.915649,128.970657
165567.150829,148.734619,16.136444,128.936356
165567.192124,148.804077,15.876602,128.854309
165567.233419,148.699417,16.045715,129.027435
165567.274712,148.541412,16.009018,128.750137
165567.316004,148.705460,15.930649,129.070648
165567.357300,148.500687,16.056793,128.689178
165567.398596,148.319931,16.337372,128.530197
165567.439889,148.346954,16.101028,128.697983
165567.481183,148.257812,16.209885,128.814499
165567.522476,148.320160,16.414368,128.797363
165567.563770,148.514130,16.209824,128.940201
165567.605065,148.403198,16.204681,128.580902
165567.646359,148.645691,15.898575,128.991791
165567.687654,148.440887,16.188339,129.055435
165567.728948,148.567032,16.142548,128.899170
165567.770243,148.436417,16.053162,129.042450
165567.811538,148.516876,16.163589,128.482605
165567.852833,148.417969,16.165436,128.701065
165567.894128,148.791199,16.224594,128.862579
165567.935423,148.616013,16.114990,128.384171
165567.976719,148.647659,15.980576,128.605942
165568.018013,148.475739,16.053665,128.510437
165568.059309,148.273331,16.057281,128.528275
165568.100605,148.567444,15.964325,128.518967
165568.141900,148.661423,15.972153,128.557648
165568.183192,148.510254,16.307327,128.791946
165568.224486,148.435852,16.008759,128.780182
165568.265780,148.630035,16.217392,128.985306
165568.307073,148.709656,16.057098,128.990173
165568.348368,148.586853,16.143494,128.943375
165568.389661,148.528015,16.078217,128.944016
165568.430955,148.325943,16.219879,128.616318
165568.472249,148.688782,16.074020,128.740402
165568.513542,148.766235,16.118942,128.594101
165568.554839,148.523270,16.117523,128.566681
165568.596135,148.408081,16.052200,128.606964
165568.637429,148.472031,16.160126,128.444748
165568.678723,148.437317,16.066925,128.640656
165568.720017,148.397736,15.991043,128.475998
165568.761312,148.623856,16.010696,128.789398
165568.802607,148.600067,16.110107,128.818451
165568.843905,148.555862,16.090515,128.951385
165568.885202,148.736008,16.152908,128.759583
165568.926498,148.736084,16.154709,128.638916
165568.967796,148.652725,16.032028,128.953918
165569.009093,148.617691,16.018219,128.567459
165569.050388,148.757721,16.037064,128.874878
165569.091683,148.663849,15.884537,128.635239
165569.132980,148.731827,16.065643,128.828934
165569.174275,148.517227,15.949936,128.583054
165569.215571,148.526642,15.886459,128.750656
165569.256868,148.685806,15.844482,128.543823
165569.298166,148.564728,15.725845,128.915451
165569.339461,148.521881,15.895477,128.993988
165569.380755,148.624054,16.063873,128.836151
165569.422049,148.684860,15.878189,128.682617
165569.463342,148.652222,15.651810,128.811798
165569.504636,148.736511,15.887375,128.822479
165569.545931,148.695679,15.868698,128.683746
165569.587228,148.483765,15.885544,128.835434
165569.628526,148.622696,15.746613,128.834549
165569.669823,148.601089,15.599152,128.931076
165569.711121,148.608353,15.902634,128.486389
165569.752421,148.526367,15.899048,128.916138
165569.793720,148.447922,16.007111,128.794388
165569.835018,148.321198,16.015503,128.907181
165569.876315,148.399338,15.886917,128.966888
165569.917610,148.388336,15.853867,129.207611
165569.958906,148.275253,16.004974,128.871948
165570.000203,148.452774,15.868637,128.940491
165570.041499,148.521225,15.811462,128.626266
165570.082795,148.286942,16.003021,128.728409
165570.124091,148.264465,16.070450,128.858688
165570.165388,148.361374,16.137131,129.049286
165570.206684,148.452530,16.024643,128.606918
165570.247980,148.517792,16.144653,128.991592
165570.289279,148.408310,15.771561,128.995529
165570.330576,148.556274,15.975113,128.994537
165570.371874,148.452103,16.044022,129.055176
165570.413169,148.212601,15.938004,129.145279
165570.454464,148.353851,16.072098,128.892578
165570.495758,148.501114,15.730621,128.913345
165570.537054,148.336044,16.137283,128.784561
165570.578351,148.365692,15.974258,129.142136
165570.619647,148.461456,15.819351,129.174652
165570.660945,148.502457,15.978119,129.194153
165570.702241,148.481339,15.856140,129.415237
165570.743538,148.420883,15.932236,128.926010
165570.784834,148.440918,16.002457,128.889557
165570.826130,148.393417,15.982986,129.240799
165570.867424,148.375015,16.005615,128.906052
165570.908721,148.417068,15.817917,128.883286
165570.950017,148.364868,16.037628,128.871735
165570.991312,148.545258,15.987289,129.134750
165571.032608,148.360580,16.134125,128.765640
165571.073906,148.257294,15.899139,129.067841
165571.115205,148.298538,16.048981,128.997482
165571.156501,148.430176,15.736038,129.126053
165571.197796,148.308868,16.196640,129.502045
165571.239091,148.222656,16.172699,129.546570
165571.280388,148.259613,16.258606,129.196457
165571.321682,148.132538,16.256210,129.594757
165571.362980,148.353607,16.087784,129.466705
165571.404277,148.331284,16.203796,129.112488
165571.445573,148.346680,16.112808,129.090530
165571.486867,148.465424,16.193298,129.313065
165571.528162,148.416046,15.960602,129.314301
165571.569456,148.266251,16.240417,129.460693
165571.610748,148.263809,16.012054,129.827454
165571.652040,148.158752,15.875443,129.449829
165571.693334,148.312515,15.984344,129.488297
165571.734628,148.372009,16.138260,129.287308
165571.775921,148.480621,15.910324,129.242828
165571.817216,148.414337,16.069504,129.294800
165571.858511,148.385147,15.786148,129.534409
165571.899807,148.417740,16.214035,129.425125
165571.941102,148.139923,16.121567,129.390549
165571.982399,148.136566,16.248428,129.264893
165572.023692,148.189102,16.092773,129.452896
165572.064986,148.250046,15.980225,129.218948
165572.106280,148.465668,16.023254,128.827316
165572.147575,148.559998,15.728638,129.272858
165572.188868,148.512650,15.741043,129.467087
165572.230162,148.476654,15.705322,129.210648
165572.271456,148.518356,15.659454,129.408722
165572.312753,148.412888,15.949097,129.595612
165572.354049,148.456467,16.041107,129.124329
165572.395346,148.460052,15.954575,129.629440
165572.436643,148.399704,15.921890,129.574478
165572.477939,148.481781,15.767395,129.495682
165572.519236,148.414307,15.924988,129.124832
165572.560533,148.387085,15.759628,129.015060
165572.601833,148.448288,15.975388,129.288269
165572.643130,148.296692,16.107986,129.359833
165572.684426,148.322525,16.203537,129.320908
165572.725723,148.457275,15.983978,128.958664
165572.767017,148.570633,16.120895,129.214752
165572.808311,148.387985,15.986801,129.409363
165572.849604,148.449081,15.886932,129.417755
165572.890899,148.202225,16.301071,129.131943
165572.932195,148.479309,15.887085,129.318298
165572.973494,148.566696,15.880157,129.190536
165573.014792,148.391800,15.933701,129.408585
165573.056087,148.435120,16.003754,129.153076
165573.097384,148.497452,15.802368,129.241135
165573.138681,148.544617,16.123627,128.997482
165573.179980,148.750504,15.865799,129.197647
165573.221279,148.568054,15.895508,129.101852
165573.262577,148.497360,15.842926,129.058380
165573.303873,148.250519,16.335388,129.018707
165573.345170,148.416534,15.861221,129.087860
165573.386470,148.708633,15.723068,129.086548
165573.427769,148.677979,15.702942,129.454361
165573.469063,148.640533,15.950302,129.410614
165573.510360,148.512589,16.041534,129.199158
165573.551657,148.528412,15.925613,129.024399
165573.592954,148.525726,16.048584,129.092941
165573.634251,148.492966,16.165970,128.997498
165573.675547,148.541656,16.068695,129.090286
165573.716844,148.651886,16.130981,129.127686
165573.758139,148.575104,15.940399,128.856110
165573.799434,148.409973,16.049240,128.801712
165573.840729,148.572800,15.941071,128.698227
165573.882025,148.572388,16.147324,128.905670
165573.923322,148.639450,15.945831,128.962448
165573.964620,148.546539,15.888428,129.194962
165574.005916,148.567215,16.049561,129.143723
165574.047211,148.494278,16.201752,128.879181
165574.088507,148.653061,15.874695,129.023636
165574.129803,148.586655,16.079468,129.123215
165574.171097,148.656998,15.937241,128.965714
165574.212392,148.612595,15.863937,129.010391
165574.253685,148.650803,16.001587,129.094604
165574.294980,148.629807,15.867661,128.861557
165574.336275,148.662994,16.051682,129.001007
165574.377570,148.764069,15.999664,129.031784
165574.418866,148.698593,16.140686,128.938080
165574.460163,148.633698,16.071060,128.956497
165574.501460,148.791580,16.270203,129.030212
165574.542757,148.742233,16.073486,129.127243
165574.584053,148.475342,16.253616,128.934738
165574.625353,148.490540,16.140991,129.128510
165574.666650,148.477829,16.155106,128.892456
165574.707947,148.466904,16.306366,129.105606
165574.749244,148.487137,16.270599,129.055862
165574.790538,148.512253,16.084213,129.297058
165574.831834,148.515274,16.324188,129.192825
165574.873132,148.551361,16.223801,129.119324
165574.914429,148.540207,16.092453,129.224960
165574.955727,148.328644,16.243546,129.082092
165574.997025,148.591675,15.950470,129.218719
165575.038323,148.588120,16.187592,129.121338
165575.079622,148.423035,15.931015,129.301163
165575.120920,148.536453,16.071747,129.212418
165575.162217,148.527771,16.042099,128.957260
165575.203515,148.617416,16.210266,129.111816
165575.244811,148.343018,16.305923,129.003845
165575.286110,148.359253,16.078430,128.655167
165575.327407,148.163849,16.226288,129.025299
165575.368705,148.240479,16.140060,128.991867
165575.410005,148.380493,16.323166,129.334625
165575.451303,148.053467,16.218430,128.920471
165575.492599,148.374084,16.166306,129.318527
165575.533896,148.403320,16.326660,129.314392
165575.575192,148.476639,16.282898,129.095688
165575.616488,148.319351,16.132843,129.239563
165575.657784,148.388809,16.186249,129.494125
165575.699079,148.198135,16.035141,129.548340
165575.740375,148.253983,16.240631,129.240631
165575.781673,148.171448,16.387909,129.095871
165575.822968,148.278717,16.273376,128.992462
165575.864264,148.273926,16.234360,129.362686
165575.905561,148.173355,16.143875,129.530960
165575.946859,148.264603,16.065750,128.753693
165575.988154,148.321854,16.128235,128.961365
165576.029450,148.351151,16.017365,129.389755
165576.070746,148.562988,16.083374,129.392593
165576.112040,148.504425,16.241028,129.022736
165576.153335,148.554291,16.187531,129.260910
165576.194630,148.511444,16.274216,128.934097
165576.235925,148.467499,16.058044,129.048019
165576.277219,148.559860,16.321762,128.973236
165576.318513,148.534073,16.316483,129.151749
165576.359805,148.573334,16.308975,129.089218
165576.401098,148.382172,16.266647,128.827423
165576.442393,148.639191,16.254959,129.136429
165576.483687,148.304657,16.314590,128.921387
165576.524982,148.583176,16.221588,129.161850
165576.566276,148.332489,16.346085,129.018097
165576.607574,148.370361,16.354187,128.880524
165576.648871,148.406113,16.310501,129.128754
165576.690167,148.663651,16.175903,128.886017
165576.731464,148.298141,16.020157,129.077637
165576.772762,148.475479,15.977341,129.141251
165576.814059,148.355881,16.123215,128.843719
165576.855355,148.331299,16.207504,129.104996
165576.896652,148.514450,16.118210,129.153351
165576.937948,148.473953,16.088028,128.985153
165576.979241,148.485794,16.075012,129.263458
165577.020538,148.479416,16.103363,128.962173
165577.061830,148.513916,16.487930,128.829926
165577.103124,148.569916,16.212708,129.245285
165577.144419,148.707184,16.399170,129.090942
165577.185712,148.504578,16.332535,129.032303
165577.227007,148.526428,16.162109,129.303360
165577.268299,148.167328,16.415009,129.512054
165577.309592,148.323288,16.517548,129.400040
165577.350888,148.341156,16.387436,129.456558
165577.392182,148.520050,16.152054,129.507675
165577.433475,148.468613,16.353531,129.494705
165577.474768,148.316162,16.512390,129.540100
165577.516062,148.456390,16.323639,129.626526
165577.557357,148.473557,16.289398,129.514221
165577.598652,148.479431,16.147354,129.127838
165577.639945,148.385071,16.190720,129.119553
165577.681242,148.353134,15.973190,129.373413
165577.722542,148.326157,16.099533,129.336029
165577.763840,148.675308,16.292999,129.274124
165577.805137,148.499298,16.504425,129.467224
165577.846435,148.586456,16.408173,129.289505
165577.887733,148.450333,16.359436,129.342941
165577.929030,148.679977,16.180923,129.509827
165577.970327,148.651062,16.203415,129.596878
165578.011624,148.448105,16.481461,129.484680
165578.052922,148.456436,16.604996,129.492355
165578.094220,148.403534,16.446274,129.308487
165578.135518,148.507324,16.617004,129.350266
165578.176818,148.478668,16.307373,129.534927
165578.218117,148.445999,16.370453,129.544464
165578.259414,148.321548,16.326797,129.371048
165578.300712,148.597397,16.299896,129.430115
165578.342010,148.651947,16.241028,129.280365
165578.383308,148.680069,16.251831,129.307800
165578.424605,148.584885,16.401245,129.093643
165578.465903,148.688477,16.280350,129.370087
165578.507201,148.398621,16.341843,129.067780
165578.548499,148.796219,15.994583,129.299164
165578.589798,148.498657,16.206421,129.182480
165578.631096,148.478775,16.213150,129.025925
165578.672394,148.601273,16.167984,129.284607
165578.713694,148.508759,16.234268,129.263336
165578.754993,148.654251,16.124222,129.083649
165578.796294,148.657700,16.104462,129.437683
165578.837596,148.593094,16.041153,129.121979
165578.878896,148.599533,16.219681,129.241730
165578.920195,148.497299,16.082352,129.157471
165578.961492,148.482010,16.215897,129.153091
165579.002790,148.100388,16.402267,129.084610
165579.044089,148.491974,16.257690,129.082199
165579.085388,148.521500,16.104156,129.098358
165579.126685,148.531143,16.236252,129.447357
165579.167983,148.527084,16.132538,129.095673
165579.209281,148.516403,16.093552,129.251694
165579.250580,148.552872,16.157928,128.967804
165579.291877,148.616470,16.018845,129.214447
165579.333173,148.199356,16.372787,129.306473
165579.374469,148.546967,16.416260,129.018250
165579.415763,148.668182,16.156021,129.035095
165579.457055,148.463226,16.156296,129.092865
165579.498353,148.267426,16.261673,128.974182
165579.539649,148.439240,16.153748,129.393524
165579.580945,148.544464,16.171234,129.431656
165579.622239,148.252090,16.329422,129.245636
165579.663533,148.436279,16.201553,129.232239
165579.704827,148.345703,16.241058,129.082535
165579.746119,148.588577,16.293793,129.053711
165579.787415,148.526917,16.333862,129.057556
165579.828713,148.448303,16.427368,129.092682
165579.870010,148.278610,16.341507,129.067963
165579.911305,148.493652,16.128326,129.204117
165579.952600,148.419312,16.212906,128.929535
165579.993892,148.663742,16.079071,129.007324
165580.035185,148.441605,16.306458,129.353485
165580.076478,148.524200,16.091812,129.234543
165580.117771,148.453644,16.169861,129.288895
165580.159067,148.397110,16.349854,129.113403
165580.200364,148.305069,16.246597,129.120758
165580.241661,148.401321,16.194275,129.312424
165580.282955,148.488953,16.188690,129.149200
165580.324252,148.356476,16.119446,129.222992
165580.365548,148.466507,16.100433,129.328918
165580.406843,148.455658,16.201172,128.964798
165580.448138,148.575058,15.927475,129.176926
165580.489434,148.437683,16.057755,129.726746
165580.530730,148.472656,15.998596,129.354706
165580.572025,148.401184,15.728363,129.101761
165580.613323,148.338303,15.827499,129.311249
165580.654620,148.423553,16.135239,129.388977
165580.695918,148.461716,16.205292,129.259399
165580.737214,148.537079,16.062607,129.508606
165580.778509,148.578583,16.078400,129.226883
165580.819802,148.223969,16.117294,129.364822
165580.861097,148.324921,16.037491,128.960510
165580.902394,148.501678,16.057266,129.439270
165580.943690,148.557419,16.111771,129.270767
165580.984984,148.499725,16.118607,128.738815
165581.026278,148.522736,16.007233,128.558350
165581.067572,148.355835,15.934067,128.866791
165581.108865,148.474548,16.072800,128.955292
165581.150161,148.452393,16.361450,129.125320
165581.191456,148.493896,16.219742,128.849915
165581.232750,148.176697,16.134705,128.859467
165581.274045,148.292664,15.992523,128.797897
165581.315343,148.379272,16.207397,128.834961
165581.356640,148.672012,16.155899,128.773727
165581.397938,148.251953,16.192505,128.747192
165581.439235,148.495193,16.009140,128.910507
165581.480531,148.799744,15.993164,128.817734
165581.521827,148.515961,16.025177,128.603149
165581.563123,148.503738,16.061890,129.077362
165581.604421,148.412628,16.007141,128.691483
165581.645716,148.439804,15.872696,128.567642
165581.687009,148.517334,15.965668,128.573135
165581.728303,148.353928,15.897003,128.926895
165581.769598,148.541183,16.087051,128.808975
165581.810895,148.532684,15.980545,128.856277
165581.852194,148.424973,16.214249,129.250412
165581.893489,148.489182,15.865005,129.084976
165581.934786,148.488937,16.042694,128.997864
165581.976082,148.382355,16.159653,129.334686
165582.017374,148.608017,15.989166,129.008240
165582.058666,148.334518,16.044678,128.919586
165582.099963,148.506958,16.072281,128.753677
165582.141258,148.516830,16.138229,128.871338
165582.182557,148.578568,15.961441,128.910126
165582.223853,148.525085,16.054733,128.806580
165582.265147,148.636124,15.873932,128.699402
165582.306441,148.382797,16.156326,128.790787
165582.347735,148.380081,16.106293,128.818298
165582.389030,148.464096,16.049438,128.837021
165582.430325,148.389893,15.929871,129.319687
165582.471618,148.637390,15.554855,129.257431
165582.512912,148.532089,15.979126,129.317444
165582.554206,148.546799,16.087051,129.264923
165582.595500,148.284454,16.017212,129.570709
165582.636794,148.382797,16.069382,129.434860
165582.678090,148.268936,16.040771,129.449402
165582.719385,148.118942,16.136810,129.711227
165582.760680,148.456116,15.921982,129.210266
165582.801977,148.464233,16.144943,129.261963
165582.843275,148.312668,16.076233,129.494614
165582.884572,148.327545,16.039108,129.612900
165582.925871,148.257629,16.048340,129.426834
165582.967169,148.088959,16.261078,129.393356
165583.008465,148.257812,16.019424,129.439041
165583.049762,148.199158,16.111694,129.318115
165583.091058,148.244995,16.079147,129.494736
165583.132353,148.475693,16.048477,129.334625
165583.173646,148.271545,16.336655,129.290085
165583.214941,148.318329,16.217316,129.157043
165583.256236,148.417786,16.179855,129.250229
165583.297530,148.072449,16.169998,129.390717
165583.338823,148.524506,16.085785,129.276489
165583.380117,148.099258,16.116348,128.951279
165583.421412,148.237411,16.112213,128.896774
165583.462705,148.174881,16.421417,129.347397
165583.503998,148.152039,16.351883,129.247818
165583.545291,148.274033,16.161957,129.180191
165583.586585,148.292923,16.115967,129.241104
165583.627878,148.196243,16.062439,129.492752
165583.669171,148.027863,16.148697,129.150940
165583.710463,148.016891,16.056381,129.503403
165583.751757,148.152054,16.316620,129.736542
165583.793049,148.123672,16.257095,129.646255
165583.834343,148.230484,16.277649,129.730499
165583.875638,148.150467,16.463791,129.434082
165583.916934,148.319046,16.280594,129.714127
165583.958226,148.112259,16.368042,129.496613
165583.999517,148.112534,16.116501,129.100128
165584.040809,148.182312,15.898560,129.346527
165584.082100,148.257767,16.157379,129.401550
165584.123390,148.470459,16.078354,129.701004
165584.164684,148.219193,16.217270,129.387558
165584.205978,148.277695,16.089615,129.491745
165584.247271,148.324921,16.099213,129.703613
165584.288564,148.414230,16.021729,129.092834
165584.329858,148.141586,16.288879,129.448105
165584.371153,148.369003,16.293671,129.661392
165584.412450,148.348358,16.257904,129.451889
165584.453743,148.362473,16.311066,129.759384
165584.495035,148.433929,16.030090,129.548386
165584.536328,148.189697,16.457138,129.450546
165584.577620,148.141830,16.245453,129.342651
165584.618913,148.117477,16.296478,129.308304
165584.660205,148.231354,16.274582,129.682373
165584.701497,148.240631,16.302475,129.630875
165584.742788,148.323425,16.036896,129.644470
165584.784081,148.117477,16.322174,129.570953
165584.825373,148.093582,16.172684,129.379440
165584.866666,148.331116,16.241257,129.656708
165584.907959,148.359940,16.166321,129.653152
165584.949252,148.160919,16.320404,129.486267
165584.990544,148.035538,16.229141,129.274765
165585.031840,148.376205,16.152771,129.943268
165585.073134,148.117126,16.218781,129.773697
165585.114428,148.187851,16.151367,129.759888
165585.155723,148.369934,16.136993,129.622482
165585.197016,148.258484,16.213608,129.388412
165585.238313,148.380219,16.069077,129.804703
165585.279608,148.457611,16.227188,129.556732
165585.320901,148.549011,15.983597,129.639328
165585.362196,148.451019,16.233566,129.692764
165585.403490,148.377075,16.188019,129.600952
165585.444784,148.489136,16.192978,129.508804
165585.486080,148.446884,16.224670,129.934616
165585.527375,148.551300,16.093674,129.333298
165585.568670,148.523193,16.268997,129.469345
165585.609963,148.608597,16.146484,129.185852
165585.651259,148.562927,16.124832,129.582245
165585.692556,148.685471,16.078171,129.251404
165585.733853,148.826904,15.797668,129.590637
165585.775149,148.713821,15.968231,129.838318
165585.816446,148.540680,15.999039,129.757492
165585.857741,148.490387,15.977127,129.479019
165585.899038,148.562775,15.894943,129.501328
165585.940333,148.605499,16.005707,129.716446
165585.981630,148.589096,16.091202,129.553696
165586.022927,148.626465,15.812241,129.536240
165586.064226,148.603806,15.947159,129.420380
165586.105522,148.634613,15.816864,129.441650
165586.146823,148.665207,16.119705,129.579559
165586.188119,148.336334,16.165771,129.529892
165586.229417,148.464035,15.950546,129.335556
165586.270713,148.486816,16.102814,129.589554
165586.312012,148.635361,15.805832,129.168839
165586.353309,148.432449,16.163086,129.728943
165586.394604,148.550797,15.950531,129.283585
165586.435899,148.529861,16.037460,129.091003
165586.477194,148.439087,16.169373,129.170380
165586.518489,148.587646,16.142746,129.236679
165586.559784,148.648849,16.062592,129.366562
165586.601078,148.690002,15.977295,129.624222
165586.642373,148.437653,16.230270,129.435104
165586.683669,148.455109,16.103516,129.267349
165586.724964,148.349792,16.096786,129.636459
165586.766258,148.336456,16.494293,129.563477
165586.807553,148.330521,16.206512,129.186813
165586.848847,148.374405,16.088058,129.339218
165586.890142,148.579117,16.120728,129.161148
165586.931437,148.466446,16.294678,129.135284
165586.972733,148.498810,16.138153,129.231552
165587.014027,148.575058,16.040009,129.300598
165587.055321,148.570694,15.982971,129.355148
165587.096617,148.813980,15.980072,129.368408
165587.137913,148.470718,16.034348,129.184158
165587.179210,148.519501,16.003784,129.182220
165587.220505,148.646744,16.207672,129.445831
165587.261802,148.486496,15.962555,129.476944
165587.303096,148.571930,15.996841,129.235703
165587.344389,148.722473,16.043015,129.580551
165587.385685,148.529510,16.274063,129.258301
165587.426979,148.577087,15.827499,129.783569
165587.468272,148.559448,16.076553,129.486542
165587.509566,148.602814,16.014984,129.079681
165587.550860,148.705109,16.246994,129.353180
165587.592155,148.511337,16.011993,129.173172
165587.633450,148.374573,16.049042,129.143768
165587.674744,148.505371,16.291473,129.161316
165587.716039,148.527878,16.236526,129.435501
165587.757333,148.693039,16.066971,128.888824
165587.798628,148.607056,16.106750,129.173843
165587.839923,148.649155,16.371368,129.246338
165587.881220,148.646912,16.403610,129.510757
165587.922516,148.490677,16.287582,129.466263
165587.963810,148.367538,16.331116,129.532028
165588.005104,148.569672,16.091492,129.368134
165588.046400,148.419846,16.309601,129.081635
165588.087695,148.530304,16.256393,129.515106
165588.128991,148.530701,16.204178,129.357193
165588.170287,148.527008,16.210754,129.877563
165588.211583,148.675201,16.137741,129.729355
165588.252879,148.618286,16.188934,129.720291
165588.294176,148.616455,16.149750,129.403976
165588.335471,148.623917,16.204498,129.428131
165588.376766,148.760895,16.047867,129.598434
165588.418063,148.459869,16.321121,129.646301
165588.459359,148.516998,16.285461,129.279755
165588.500654,148.472122,16.295059,129.425278
165588.541946,148.498734,16.458542,129.201233
165588.583237,148.529510,16.294968,129.273102
165588.624530,148.674866,16.296722,128.957809
165588.665823,148.431702,16.278061,129.161041
165588.707117,148.481949,16.161835,129.183533
165588.748411,148.487549,16.228882,129.190002
165588.789704,148.400986,16.278015,129.015518
165588.830997,148.411362,16.193710,129.125168
165588.872291,148.436752,16.308731,129.505142
165588.913586,148.509018,16.142838,129.673584
165588.954882,148.450317,16.206360,129.345230
165588.996179,148.326492,16.306610,129.619431
165589.037475,148.240463,16.368851,129.770889
165589.078770,148.490768,16.359283,129.542191
165589.120063,148.501572,16.228043,129.684235
165589.161355,148.579056,16.160400,129.409363
165589.202648,148.590881,16.313339,129.678055
165589.243943,148.587234,16.359467,129.468903
165589.285239,148.572159,16.039658,129.711243
165589.326534,148.446945,16.270996,129.704208
165589.367830,148.485321,16.242706,129.645401
165589.409123,148.440018,16.275818,129.573044
165589.450416,148.527847,16.332962,129.531616
165589.491711,148.249481,16.072983,129.818405
165589.533005,148.480698,16.309296,129.723663
165589.574301,148.494690,16.097504,129.828278
165589.615595,148.360580,16.320114,129.822128
165589.656890,148.532913,16.175720,129.867157
165589.698186,148.335190,16.201157,129.820648
165589.739482,148.446579,16.168457,129.738876
165589.780776,148.340714,16.262177,129.874603
165589.822071,148.530533,16.264832,129.748932
165589.863369,148.425552,16.618210,129.530228
165589.904664,148.470917,16.639374,129.275955
165589.945960,148.592957,16.182266,129.402420
165589.987253,148.504700,16.321884,129.511978
165590.028545,148.474106,16.106110,129.774765
165590.069839,148.489502,16.271042,129.321609
165590.111135,148.362305,16.434082,129.431381
165590.152429,148.541656,16.500076,129.561279
165590.193721,148.561356,16.426163,129.280136
165590.235015,148.465408,16.348907,129.618500
165590.276310,148.734467,16.262192,129.651260
165590.317604,148.586441,16.329330,129.727814
165590.358900,148.570328,16.129578,129.173553
165590.400197,148.292343,16.062576,129.332474
165590.441491,148.385056,16.161697,129.810043
165590.482786,148.492508,16.167877,129.310608
165590.524082,148.571289,16.287903,129.300018
165590.565377,148.479401,16.097733,129.101395
165590.606672,148.535324,16.276764,129.357193
165590.647964,148.668701,16.281876,129.409363
165590.689257,148.538483,16.192322,129.033691
165590.730550,148.502396,16.330582,128.959579
165590.771844,148.537613,16.487869,129.378067
165590.813138,148.328659,16.348114,129.634644
165590.854429,148.289124,16.612747,129.304398
165590.895722,148.605331,16.162842,129.111374
165590.937015,148.574493,16.097168,129.052094
165590.978311,148.620331,16.078415,129.257462
165591.019607,148.688751,16.098511,129.093857
165591.060904,148.395340,16.197357,129.136551
165591.102198,148.283737,16.419067,129.401382
165591.143494,148.344910,16.109421,129.242767
165591.184791,148.609070,16.041351,129.276749
165591.226086,148.552109,16.127045,129.234375
165591.267380,148.689941,16.091476,129.266388
165591.308678,148.519821,15.949844,129.333878
165591.349975,148.619247,16.103699,129.288162
165591.391272,148.562469,15.820694,129.414749
165591.432569,148.540634,16.268616,129.407791
165591.473866,148.506149,16.010254,129.357452
165591.515162,148.471619,16.130402,129.431244
165591.556458,148.745544,16.119858,129.587708
165591.597754,148.401337,16.022034,129.318100
165591.639048,148.735519,16.023102,129.602997
165591.680344,148.400635,16.272339,129.721710
165591.721638,148.581375,16.124146,129.690048
165591.762933,148.615479,15.999374,129.539291
165591.804229,148.482681,16.307480,129.537552
165591.845523,148.638245,16.142059,129.751602
165591.886819,148.327835,16.209610,129.906631
165591.928116,148.487885,16.084244,129.694672
165591.969412,148.519424,16.057648,129.529388
165592.010709,148.594177,16.156799,129.398819
165592.052006,148.493912,16.273987,129.714493
165592.093300,148.539917,16.115433,129.236588
165592.134595,148.606491,16.150970,129.434479
165592.175889,148.514328,16.070297,129.374039
165592.217183,148.534332,16.064636,129.313354
165592.258477,148.669952,16.198166,129.508438
165592.299772,148.572174,16.316635,129.607590
165592.341066,148.618439,16.057892,129.475555
165592.382360,148.552658,16.078796,129.888794
165592.423658,148.666016,16.152832,129.956497
165592.464955,148.738327,16.109375,129.744522
165592.506250,148.658340,16.122452,129.710953
165592.547547,148.832657,16.120239,129.581131
165592.588845,148.883316,16.032593,129.704391
165592.630141,148.750214,16.274551,129.658508
165592.671436,148.620438,16.187592,129.706696
165592.712732,148.837585,15.993820,129.358627
165592.754029,148.759720,16.081818,129.678024
165592.795327,148.559784,15.983124,129.652069
165592.836623,148.641418,16.078506,129.572952
165592.877918,148.572952,15.961700,129.353622
165592.919213,148.543427,16.040878,130.117233
165592.960507,148.581970,15.978073,129.539917
165593.001802,148.447021,16.087158,129.793640
165593.043100,148.378723,16.144257,129.177551
165593.084395,148.387604,16.210175,129.793900
165593.125689,148.574310,16.103058,129.847031
165593.166984,148.384705,16.252228,129.850266
165593.208281,148.332504,16.134186,129.900803
165593.249577,148.421829,16.351730,130.074463
165593.290874,148.321640,16.322266,130.020584
165593.332170,148.487762,15.995956,129.650238
165593.373467,148.413986,16.089859,129.918884
165593.414759,148.253540,16.245117,129.491394
165593.456053,148.354919,16.138870,129.733124
165593.497348,148.348160,16.096542,129.740372
165593.538645,148.305786,16.186752,129.747513
165593.579943,148.475845,16.097992,129.639542
165593.621237,148.376266,16.278046,129.870972
165593.662532,148.472168,16.242661,129.410690
165593.703827,148.301697,16.258865,129.521530
165593.745124,148.652130,16.171448,129.374512
165593.786420,148.508881,16.272034,129.381805
165593.827714,148.388840,16.391525,129.475204
165593.869007,148.540558,16.262375,129.520355
165593.910299,148.600159,16.127594,129.266708
165593.951592,148.500534,16.178894,129.512161
165593.992885,148.746628,16.138504,129.382050
165594.034177,148.348312,16.110199,129.752838
165594.075472,148.650726,16.014587,129.309601
165594.116764,148.460770,16.186569,129.760162
165594.158058,148.419830,16.069733,129.692383
165594.199352,148.179718,16.074356,129.310181
165594.240643,148.310242,16.128494,129.665558
165594.281934,148.469681,15.889038,129.265747
165594.323226,148.381805,16.333771,129.346329
165594.364519,148.201355,16.546616,129.354279
165594.405813,148.533371,16.186813,129.309479
165594.447106,148.375061,16.206207,129.539993
165594.488398,148.706650,16.109894,129.373901
165594.529690,148.527573,16.136703,129.165543
165594.570984,148.455032,16.195633,129.214233
165594.612279,148.563873,16.121353,129.045776
165594.653573,148.529037,16.148773,129.158386
165594.694867,148.529892,16.107941,129.238434
165594.736162,148.381348,16.065674,129.616882
165594.777459,148.365204,16.213318,129.183456
165594.818755,148.492706,16.253540,129.628830
165594.860051,148.403381,16.288208,129.669907
165594.901347,148.405350,16.356781,129.326462
165594.942644,148.624222,16.287033,129.273163
165594.983940,148.475739,16.243805,128.992645
165595.025236,148.463547,16.246201,129.413681
165595.066533,148.528519,16.241562,129.169434
165595.107826,148.202698,16.583603,129.385406
165595.149123,148.348938,16.340057,129.259491
165595.190417,148.488739,16.453720,129.392426
165595.231711,148.731888,16.205612,129.155640
165595.273006,148.729141,16.328171,128.884155
165595.314300,148.741135,16.288605,129.110016
165595.355597,148.544571,16.352371,129.327271
165595.396892,148.565277,16.232956,129.307770
165595.438184,148.757477,16.069748,129.421890
165595.479476,148.658508,16.159515,129.157761
165595.520771,148.631683,15.908035,129.226364
165595.562065,148.671692,16.033722,129.007095
165595.603358,148.602158,16.227737,129.172180
165595.644653,148.437210,16.154251,129.330933
165595.685951,148.653000,15.895599,129.521729
165595.727245,148.696564,15.919510,128.933304
165595.768541,148.706207,16.002274,129.032181
165595.809839,148.615936,15.986008,129.285690
165595.851133,148.826859,15.962402,129.304916
165595.892427,148.626495,15.919937,129.188629
165595.933720,148.353577,16.090378,129.447525
165595.975012,148.482712,16.205597,129.175064
165596.016306,148.362045,15.925186,129.550751
165596.057601,148.385941,16.131531,129.385895
165596.098896,148.506149,15.993530,129.342514
165596.140192,148.379990,16.106461,129.785721
165596.181485,148.468674,16.199997,129.310501
165596.222781,148.763794,16.035095,129.393661
165596.264075,148.660690,16.083008,129.239105
165596.305371,148.750061,16.119263,129.444031
165596.346665,148.815979,15.937546,129.344788
165596.387958,148.630386,15.996796,129.089737
165596.429248,148.642914,16.150543,129.302505
165596.470539,148.649597,16.053284,129.498413
165596.511829,148.507187,15.921448,129.185013
165596.553122,148.389252,15.930618,129.247803
165596.594414,148.324081,16.184326,129.203995
165596.635705,148.511612,16.142365,129.246399
165596.676997,148.645401,16.156311,129.676697
165596.718289,148.602127,16.177444,129.261749
165596.759582,148.658218,16.138107,129.419495
165596.800874,148.484863,16.280182,129.339050
165596.842167,148.250549,16.145676,129.752548
165596.883459,148.419815,16.223953,129.883850
165596.924751,148.306213,16.465622,129.752945
165596.966042,148.394287,16.317581,129.437241
165597.007333,148.349167,16.361389,129.255585
165597.048625,148.589233,16.068344,129.234802
165597.089914,148.330536,16.281845,129.463760
165597.131208,148.686279,16.287979,129.778412
165597.172501,148.394562,16.316528,129.625931
165597.213796,148.360153,16.264740,129.489594
165597.255090,148.450638,16.131729,129.819748
165597.296384,148.486969,16.308823,129.461517
165597.337676,148.516373,16.275497,129.097870
165597.378969,148.472412,16.386887,129.214661
165597.420261,148.499451,16.375854,129.032379
165597.461556,148.267914,16.358475,128.948059
165597.502851,148.321091,16.284058,129.130417
165597.544144,148.492142,16.264526,129.404007
165597.585438,148.632675,16.124619,129.253708
165597.626732,148.602707,16.377945,129.070663
165597.668025,148.506241,16.195633,129.167877
165597.709322,148.477264,16.040833,129.442734
165597.750618,148.539001,15.954865,129.170441
165597.791912,148.428391,16.202744,129.329910
165597.833204,148.374146,16.185532,129.622284
165597.874498,148.428741,16.429794,129.935806
165597.915793,148.516876,16.406448,129.342361
165597.957087,148.503113,16.247864,129.637772
165597.998382,148.490341,16.174118,129.337219
165598.039679,148.496017,16.202789,129.342270
165598.080974,148.405151,16.001358,129.205917
165598.122267,148.536957,15.860565,129.263245
165598.163561,148.462738,16.075745,128.999527
165598.204854,148.396866,16.330429,129.349030
165598.246148,148.409027,16.136414,129.442993
165598.287441,148.442444,16.059143,129.191803
165598.328734,148.215302,16.102676,129.368942
165598.370027,148.418152,16.070145,128.846695
165598.411322,148.381454,16.110641,129.091034
165598.452615,148.301407,16.264450,129.277939
165598.493910,148.456726,16.229950,128.570770
165598.535203,148.508286,16.473663,128.806458
165598.576496,148.471542,16.163040,129.161636
165598.617791,148.554230,16.165833,128.837982
165598.659084,148.646301,16.153778,128.944412
165598.700380,148.420593,16.155212,129.120087
165598.741673,148.269836,16.338531,129.402161
165598.782968,148.726120,16.000443,129.155975
165598.824266,148.536484,16.088913,129.176132
165598.865564,148.615387,16.292755,129.246231
165598.906859,148.328278,16.007233,129.291077
165598.948151,148.430496,16.039948,129.152191
165598.989446,148.441711,16.075577,129.235977
165599.030743,148.534744,15.867401,129.657501
165599.072039,148.730743,16.136230,129.604782
165599.113334,148.353653,16.055862,129.395386
165599.154628,148.508438,16.206390,129.212570
165599.195924,148.562378,15.865540,129.335190
165599.237223,148.437302,15.915527,129.365540
165599.278523,148.537460,16.029892,129.331192
165599.319820,148.734863,15.813843,129.407486
165599.361117,148.795197,15.917114,129.031174
165599.402414,148.635605,15.862228,129.383041
165599.443712,148.403625,16.052032,129.113007
165599.485010,148.542221,15.910339,129.209167
165599.526307,148.333298,16.025055,129.281265
165599.567604,148.277969,15.994400,129.431763
165599.608900,148.551422,16.183380,129.976105
165599.650195,148.432114,16.026291,129.597458
165599.691487,148.521057,16.071869,129.366364
165599.732779,148.283249,16.030609,129.238892
165599.774074,148.431335,16.085663,129.785690
165599.815370,148.473160,15.936569,129.618546
165599.856668,148.464005,16.087524,129.889648
165599.897966,148.386124,16.075226,129.600967
165599.939260,148.473419,16.106506,129.416412
165599.980555,148.706512,15.846146,129.571411
165600.021850,148.506119,15.809052,129.295074
165600.063143,148.475906,16.001266,129.087662
165600.104437,148.757965,16.012726,129.727905
165600.145731,148.416641,15.984451,129.248383
165600.187023,148.579742,15.906143,129.380035
165600.228317,148.299667,16.001450,129.319443
165600.269611,148.395340,15.849091,129.101288
165600.310903,148.505905,15.735275,129.293213
165600.352194,148.310898,15.799530,129.532028
165600.393487,148.440887,15.916107,129.327545
165600.434780,148.611572,15.899536,129.115433
165600.476073,148.534180,15.970749,129.125458
165600.517367,148.674179,15.821777,129.082504
165600.558661,148.291702,16.172562,129.383499
165600.599955,148.472366,16.101547,129.348938
165600.641247,148.325073,15.974655,129.607132
165600.682541,148.250946,15.782822,129.241409
165600.723836,148.562988,15.915314,129.574081
165600.765129,148.261429,16.020630,129.540131
165600.806422,148.091064,16.171005,129.579742
165600.847713,148.222427,15.962326,129.580124
165600.889005,148.147903,16.037003,129.222031
165600.930297,148.365662,16.035843,129.270950
165600.971588,148.178406,16.145096,129.780380
165601.012880,148.230057,16.100906,129.320602
165601.054173,148.344864,16.120529,129.388947
165601.095468,148.498444,15.999924,129.349243
165601.136762,148.600800,16.317352,129.475403
165601.178057,148.607758,15.878250,129.571320
165601.219353,148.422104,15.808731,129.606262
165601.260647,148.447632,15.964432,129.496307
165601.301942,148.626129,16.045471,129.474228
165601.343235,148.329041,16.090027,129.859604
165601.384528,148.484665,15.885239,129.229279
165601.425819,148.395981,15.967865,129.447861
165601.467111,148.224548,15.979187,129.363647
165601.508404,148.330185,16.088501,129.120529
165601.549696,148.269165,16.062561,129.424042
165601.590990,148.477066,16.072861,129.339661
165601.632284,148.593185,15.958542,129.774139
165601.673579,148.434219,16.052261,129.709213
165601.714872,148.471039,16.006012,129.025757
165601.756166,148.490967,16.277771,129.438293
165601.797459,148.479858,16.049637,129.345062
165601.838752,148.548386,16.003845,129.505249
165601.880046,148.527954,15.995758,129.479263
165601.921340,148.517105,15.819519,129.421127
165601.962634,148.515259,16.060883,129.484283
165602.003927,148.415527,15.982651,129.558487
165602.045221,148.525238,16.196472,129.890472
165602.086516,148.560928,15.998428,129.478485
165602.127811,148.699142,16.224808,129.504395
165602.169106,148.539139,16.071609,129.190353
165602.210403,148.428345,16.147476,129.542435
165602.251700,148.443039,16.037674,129.367340
165602.292994,148.299026,16.172745,129.384689
165602.334290,148.497345,16.118210,129.147827
165602.375584,148.610641,16.081116,129.287872
165602.416877,148.468628,15.863632,129.184814
165602.458171,148.565262,15.920242,129.493759
165602.499466,148.534912,15.847610,129.571289
165602.540760,148.599884,15.916550,129.368088
165602.582052,148.639389,15.984848,129.348816
165602.623345,148.518539,15.794846,129.914917
165602.664636,148.390701,15.965668,129.405579
165602.705927,148.232849,16.022232,129.656631
165602.747220,148.173691,16.071243,129.722687
165602.788514,148.355423,16.281433,129.701797
165602.829807,148.294952,16.156509,129.875381
165602.871101,148.652756,16.131226,129.568573
165602.912395,148.612213,15.827637,129.567444
165602.953686,148.505371,16.061905,129.574142
165602.994977,148.535065,16.282120,129.683945
165603.036269,148.333023,16.166611,129.563583
165603.077562,148.281464,16.185379,129.536423
165603.118856,148.200577,16.210800,129.309402
165603.160148,148.436050,16.324112,129.484268
165603.201442,148.360687,16.085388,129.822327
165603.242737,148.292953,16.139938,129.751709
165603.284031,148.379608,16.150604,129.424530
165603.325326,148.368896,16.046906,129.667648
165603.366621,148.535889,16.095856,129.712433
165603.407918,148.378815,15.895828,129.620255
165603.449214,148.397079,16.084854,129.792145
165603.490510,148.514862,15.939774,129.468811
165603.531807,148.215134,16.100372,129.339249
165603.573105,148.348175,16.061478,129.620163
165603.614400,148.368103,16.116119,129.600586
165603.655696,148.091583,16.093628,129.467728
165603.696992,148.384659,16.184235,129.327896
165603.738288,148.378891,16.158218,129.324799
165603.779583,148.269714,15.917953,129.316605
165603.820880,148.336990,16.010544,129.423065
165603.862177,148.368500,16.159195,129.484406
165603.903472,148.064987,16.286316,129.354141
165603.944769,148.405045,16.397552,129.413422
165603.986062,148.066040,16.243362,129.419540
165604.027357,148.354340,16.319107,129.578217
165604.068653,148.469299,16.179306,129.311905
165604.109950,148.205902,16.419403,129.477844
165604.151244,148.529999,16.360306,129.811035
165604.192540,148.120071,16.290894,129.555145
165604.233839,148.107178,16.101761,129.701065
165604.275136,148.358307,16.293167,130.046097
165604.316430,148.379730,16.195724,129.805344
165604.357721,148.463394,16.173004,129.844803
165604.399014,148.357941,16.081329,129.810745
165604.440308,148.176956,16.252258,129.742355
165604.481602,148.334366,16.320618,129.263992
165604.522893,148.217255,16.404617,129.646881
165604.564185,148.275436,16.297256,129.758041
165604.605480,148.386337,16.313934,129.697037
165604.646777,148.242081,16.385925,129.877563
165604.688074,148.462921,16.287903,129.322311
165604.729371,148.543182,16.377991,129.725372
165604.770667,148.419739,16.020493,129.362778
165604.811962,148.329315,16.031174,129.259293
165604.853258,148.394379,16.152481,129.231369
165604.894554,148.372635,16.205261,129.306229
165604.935850,148.426987,16.176758,129.447174
165604.977147,148.467224,16.339996,129.452148
165605.018442,148.300995,16.440430,129.428619
165605.059738,148.202835,16.482635,129.528442
165605.101033,148.445526,16.305435,129.522018
165605.142327,148.269073,16.481354,129.577469
165605.183620,148.304993,16.275375,129.427689
165605.224915,148.318344,16.368637,129.579346
165605.266208,148.172058,16.317886,129.328339
165605.307503,148.337021,16.336365,129.645569
165605.348799,148.278595,16.322647,129.404510
165605.390093,148.179276,15.880066,129.219299
165605.431387,148.313126,16.245789,129.340240
165605.472682,148.322266,15.874741,129.188293
165605.513979,148.129852,16.324127,128.903458
165605.555276,148.152771,16.068253,129.453400
165605.596573,147.960464,16.105042,129.110275
165605.637872,148.120255,16.208649,129.507248
165605.679168,148.371292,15.937286,129.741592
165605.720466,148.249451,16.043121,129.570602
165605.761762,148.245377,16.268463,129.308960
165605.803061,148.518280,15.833710,129.293991
165605.844357,148.364594,16.026031,129.233871
165605.885653,148.166626,16.128082,129.319168
165605.926947,148.175522,16.119705,129.575027
165605.968243,148.306747,16.120407,129.630173
165606.009539,148.163025,16.221710,129.484222
165606.050835,148.346039,16.044785,129.658676
165606.092129,148.341064,16.116241,128.996368
165606.133426,148.376419,15.716843,129.159073
165606.174722,148.456207,15.981735,129.447723
165606.216018,148.491409,15.910507,129.563629
165606.257314,148.506577,15.824921,129.241638
165606.298611,148.573792,16.023041,129.298553
165606.339906,148.619537,15.860916,128.860016
165606.381201,148.665298,15.580139,129.317963
165606.422497,148.515488,15.934418,129.133972
165606.463791,148.667694,16.130600,128.767334
165606.505085,148.649582,16.133240,129.087418
165606.546381,148.626068,15.811203,129.324448
165606.587675,148.336792,15.907623,129.022263
165606.628969,148.534195,15.847458,129.177353
165606.670263,148.359314,16.100739,129.355789
165606.711559,148.580719,15.938370,129.363556
165606.752852,148.437302,16.052856,129.721817
165606.794147,148.241516,15.997421,129.301147
165606.835443,148.455017,15.974899,129.155258
165606.876739,148.392838,16.212524,129.299179
165606.918036,148.402756,16.171616,129.197327
165606.959333,148.156143,16.290817,129.660904
165607.000630,148.268509,16.000504,129.072403
165607.041926,148.038910,16.171326,129.153763
165607.083223,148.432678,16.356476,129.123062
165607.124517,148.277100,16.162750,129.386673
165607.165809,148.255997,16.252426,129.499374
165607.207101,148.241379,15.849518,129.244385
165607.248394,148.247787,16.055954,129.337845
165607.289687,148.288712,15.872818,129.578079
165607.330980,148.290222,15.851028,129.082626
165607.372273,148.318970,15.679489,129.371918
165607.413568,148.461029,15.717239,129.381958
165607.454863,148.243866,15.928391,129.674835
165607.496158,148.488129,15.901428,129.588211
165607.537452,148.244308,16.186646,129.382019
165607.578745,148.371857,16.103409,129.250443
165607.620039,148.247116,16.143585,129.413177
165607.661332,148.349197,16.073471,129.602646
165607.702627,148.284943,16.337875,129.396042
165607.743923,148.398773,16.084015,129.625046
165607.785218,148.352264,16.078583,129.533600
165607.826509,148.162094,16.050751,129.769058
165607.867802,148.231705,16.139465,129.532333
165607.909095,148.038727,16.055328,129.628510
165607.950388,148.290131,16.083328,129.498016
165607.991681,148.075912,16.024124,129.654755
165608.032973,148.364502,16.097412,129.584808
165608.074265,148.367981,16.017227,129.406937
165608.115556,148.051193,16.133453,129.342545
165608.156849,148.348480,15.989807,129.545715
165608.198143,148.223419,15.914459,129.196213
165608.239437,148.314407,16.012711,129.155991
165608.280732,148.416336,16.158264,129.149414
165608.322025,148.135391,16.110886,129.309601
165608.363318,148.103897,16.304001,129.319275
165608.404611,148.218826,16.240570,129.231140
165608.445904,148.060822,16.331772,129.445633
165608.487197,148.020020,16.209564,129.203323
165608.528490,148.223160,16.357590,129.410721
165608.569785,148.153366,16.178635,129.502686
165608.611080,148.020081,16.245773,129.473999
165608.652374,148.343460,16.048187,129.447525
165608.693668,148.115570,16.032425,129.328918
165608.734962,148.232346,16.167053,129.334900
165608.776255,148.203552,15.994202,129.723785
165608.817549,148.134964,16.132782,129.600357
165608.858841,148.305099,16.016891,129.398178
165608.900134,148.233749,15.859283,129.346069
165608.941426,148.263077,15.940918,129.650055
165608.982720,148.297379,15.922882,129.610092
165609.024014,148.305008,15.736130,129.296951
165609.065307,148.333908,15.756088,129.624786
165609.106598,148.196732,15.931915,129.714645
165609.147890,148.356659,15.885864,129.913727
165609.189184,148.296936,15.819260,129.736359
165609.230478,148.270187,15.888809,129.544601
165609.271771,148.220886,15.977814,129.914139
165609.313066,148.277084,15.885849,129.763565
165609.354360,148.249603,16.018097,129.705154
165609.395654,148.167068,16.058487,129.654236
165609.436947,148.125122,15.979279,129.198151
165609.478240,148.192337,15.977142,129.875015
165609.519533,148.348892,15.862335,129.646790
165609.560827,148.340942,16.030075,129.260666
165609.602124,148.208862,16.109039,129.574249
165609.643423,148.311432,16.023605,129.450531
165609.684719,148.400452,15.739334,129.433914
165609.726015,148.126144,15.931778,129.429749
165609.767311,148.266266,16.067383,129.304993
165609.808605,148.283539,15.785141,129.302643
165609.849899,148.249588,16.200867,129.538498
165609.891194,148.005768,15.991318,129.394196
165609.932487,148.312790,16.202148,129.591873
165609.973783,148.318253,16.015472,129.450638
165610.015076,148.158096,16.140228,129.119843
165610.056367,148.578537,15.908417,129.091675
165610.097659,148.257767,15.868301,129.464920
165610.138954,148.236694,15.881927,129.360672
165610.180248,148.247177,15.895355,129.198898
165610.221542,148.442001,15.636139,129.120331
165610.262837,148.357040,15.814423,129.311554
