165402.569379,147.397720,16.131165,129.567764
165402.610679,147.525085,15.994385,129.343246
165402.651975,147.549759,16.132141,129.367584
165402.693274,147.609985,16.275696,129.093933
165402.734572,147.643616,16.059555,129.286789
165402.775870,147.539810,15.928757,129.271652
165402.817166,147.584488,16.227585,129.180847
165402.858461,147.862839,16.262070,129.169266
165402.899758,147.777908,16.193481,129.461792
165402.941056,147.814331,16.009445,129.056427
165402.982352,147.784729,16.177307,129.028122
165403.023650,147.752426,15.989471,129.365631
165403.064948,147.809341,16.241226,129.122894
165403.106247,147.699066,16.195892,129.149460
165403.147544,148.084427,16.003281,129.501541
165403.188843,147.867645,16.036606,129.445496
165403.230144,147.760284,16.274948,129.319077
165403.271442,147.783356,16.013962,129.313019
165403.312742,147.863953,15.851883,129.180008
165403.354039,147.881302,16.084213,129.264420
165403.395335,147.926712,15.849197,129.249939
165403.436631,147.968475,15.725159,129.109756
165403.477926,148.006393,16.004349,129.095078
165403.519221,148.134872,15.723602,129.111816
165403.560516,147.869965,15.808838,129.289215
165403.601810,148.067535,15.844559,129.603073
165403.643105,147.903275,15.831680,129.407928
165403.684399,147.723465,15.987045,129.328354
165403.725691,147.802490,15.773560,129.363312
165403.766984,147.837616,15.743668,129.434174
165403.808280,148.044235,15.782120,129.125565
165403.849577,147.792984,15.924316,129.151352
165403.890873,147.979202,16.016968,129.362137
165403.932169,148.039612,15.922928,129.342224
165403.973467,148.026352,15.927048,129.299667
165404.014762,147.983810,15.954285,129.249771
165404.056055,148.211334,15.750977,129.177963
165404.097348,147.798111,15.922684,129.475922
165404.138642,147.880615,15.954712,129.072754
165404.179937,147.892426,15.870651,129.159592
165404.221232,147.976883,15.718277,129.650650
165404.262527,147.898834,15.958450,129.585464
165404.303819,147.764832,16.107315,129.593048
165404.345111,147.838394,16.205963,129.667282
165404.386406,147.788559,16.008316,129.509872
165404.427700,147.685226,16.074753,129.449509
165404.468998,147.716568,16.366898,129.883621
165404.510297,147.595963,16.306992,129.432297
165404.551595,147.844757,16.037949,129.488586
165404.592893,147.856400,16.388748,129.251755
165404.634190,147.759598,16.400696,129.279358
165404.675487,147.576279,16.331451,129.151932
165404.716786,147.820679,16.223999,129.349136
165404.758081,147.925400,16.087616,129.208710
165404.799376,147.926239,16.200577,129.242905
165404.840671,148.116440,16.059052,129.333282
165404.881967,147.943710,16.313614,129.351212
165404.923263,147.868317,16.171387,129.413284
165404.964560,147.795517,16.077820,129.584152
165405.005854,147.773712,16.141907,129.097305
165405.047151,148.087967,15.968643,129.173141
165405.088446,147.973099,15.934998,129.253220
165405.129741,148.036514,16.170166,129.545502
165405.171036,147.956360,15.717957,129.398804
165405.212332,147.879715,16.086884,129.321915
165405.253627,147.944382,15.865799,129.704239
165405.294923,148.189285,15.681107,129.122177
165405.336219,148.010620,15.990311,129.201859
165405.377515,148.191223,15.915588,129.196259
165405.418812,147.997360,15.839478,129.103668
165405.460110,148.029480,15.891983,128.844543
165405.501409,147.861282,16.001083,129.106369
165405.542705,148.124664,15.790970,129.040436
165405.584000,147.913483,15.851944,129.253372
165405.625296,147.851776,16.224228,129.281738
165405.666593,147.963959,16.127884,129.068665
165405.707890,147.770844,15.956223,129.021561
165405.749184,147.841461,16.237030,129.292252
165405.790479,147.746704,15.842789,129.337479
165405.831775,148.011856,15.816391,128.990234
165405.873072,147.836884,15.999680,129.049530
165405.914368,147.962692,16.050446,129.358109
165405.955662,148.144470,15.777985,129.179398
165405.996956,147.822205,16.130173,129.192261
165406.038252,148.036621,15.980209,129.123245
165406.079550,148.076111,15.848862,129.030350
165406.120846,147.880692,15.970764,129.271133
165406.162144,148.076904,15.965820,129.167603
165406.203442,147.991440,16.023422,129.573105
165406.244740,147.968155,15.732025,129.204147
165406.286040,148.110321,15.925995,129.097046
165406.327340,148.042252,15.619537,129.090317
165406.368640,147.977539,15.723724,129.328217
165406.409939,147.997208,15.755737,129.574249
165406.451237,148.319611,15.889648,129.494751
165406.492535,148.303513,15.878143,129.277252
165406.533831,148.068848,15.965668,129.321320
165406.575128,148.004120,15.881760,129.553726
165406.616428,147.946762,16.087662,129.896484
165406.657728,147.965500,15.775803,129.682556
165406.699027,147.964828,15.949173,129.390747
165406.740324,147.885864,15.875015,129.433823
165406.781621,147.892319,15.843124,129.244278
165406.822919,148.082047,15.830185,129.104370
165406.864217,148.141724,15.735306,129.148132
165406.905514,148.162308,15.931946,129.042923
165406.946811,148.151352,15.709763,129.493774
165406.988107,147.919769,15.775330,129.316238
165407.029403,147.975372,15.963989,129.208511
165407.070701,147.985413,15.851776,128.886215
165407.111999,147.975983,15.826492,128.961273
165407.153296,148.102600,15.710953,129.030289
165407.194595,148.002319,15.762634,128.964050
165407.235892,148.089294,15.593643,129.193115
165407.277190,147.956528,15.766190,129.123886
165407.318489,147.943863,15.902802,129.671570
165407.359785,148.010834,15.702927,129.605179
165407.401081,147.891464,15.899704,129.245682
165407.442377,147.979523,15.775101,129.326813
165407.483673,147.993729,16.083908,129.228958
165407.524969,148.154480,15.660873,129.283356
165407.566266,147.907639,15.723434,129.163452
165407.607564,148.175415,15.601181,129.530060
165407.648861,148.145050,15.670776,129.010651
165407.690156,148.199509,15.666168,129.107269
165407.731451,147.839615,15.757690,129.428604
165407.772748,147.992523,15.729416,129.304535
165407.814046,147.967377,15.769043,129.364319
165407.855342,148.225876,15.540649,129.320923
165407.896639,147.947678,15.624680,129.386826
165407.937939,148.131866,15.586121,129.367203
165407.979238,148.075974,15.577957,129.297714
165408.020536,148.012146,15.700699,129.605545
165408.061834,147.807831,16.060089,129.380890
165408.103129,148.024399,15.673615,129.216812
165408.144425,147.885956,15.933105,129.175903
165408.185720,148.063431,15.868805,128.998276
165408.227015,148.133194,15.648407,129.102585
165408.268312,148.041641,15.680481,128.910873
165408.309611,148.107422,15.663498,129.080841
165408.350909,147.945526,15.936020,129.217072
165408.392208,148.292572,15.639801,128.931000
165408.433506,148.268387,15.756042,129.250793
165408.474804,147.806992,15.791901,129.486252
165408.516104,147.908966,15.870468,129.206467
165408.557403,148.095169,15.713638,129.387405
165408.598702,148.000443,15.745026,128.961166
165408.639999,147.981796,15.708252,129.353821
165408.681297,148.140915,15.812546,129.224503
165408.722594,148.022812,15.846863,129.563095
165408.763895,147.960800,15.674637,129.354950
165408.805195,148.077606,15.629745,129.106293
165408.846493,148.143890,15.728394,129.162949
165408.887791,148.286514,15.647415,129.184113
165408.929091,148.250351,15.687180,128.910324
165408.970389,147.973419,15.724274,129.476456
165409.011689,148.025558,15.709229,129.134796
165409.052987,147.922241,15.810410,129.090607
165409.094286,148.011703,15.763092,129.330139
165409.135583,148.159088,15.778824,129.031097
165409.176880,148.063156,15.991364,129.104279
165409.218179,148.021103,15.958832,129.329575
165409.259479,148.140518,15.774399,129.090622
165409.300779,148.345566,15.747543,129.163177
165409.342079,148.206970,15.635941,129.052170
165409.383378,148.084656,15.909821,129.290817
165409.424677,148.176926,15.714279,129.226501
165409.465977,148.188187,15.742188,129.184631
165409.507274,148.169983,15.612579,129.069992
165409.548570,148.272049,15.654968,128.970718
165409.589863,148.448563,15.458572,129.158020
165409.631156,148.035202,15.707489,128.769424
165409.672451,148.130600,15.739227,128.874466
165409.713747,148.015152,15.812943,128.935379
165409.755045,148.018616,15.931808,128.933212
165409.796340,147.936920,15.842010,128.842880
165409.837635,148.056824,15.651978,129.432587
165409.878931,147.952057,15.688309,129.637772
165409.920228,147.951035,15.742188,129.401611
165409.961523,148.006226,15.629852,129.359177
165410.002815,148.205414,15.696304,129.260880
165410.044109,148.220642,15.617065,129.017487
165410.085405,148.194229,15.770599,129.371307
165410.126701,148.213791,15.463837,129.261246
165410.168000,148.300430,15.748947,129.087601
165410.209298,148.207306,15.683289,129.553513
165410.250594,148.176239,15.613266,129.415955
165410.291891,148.186203,15.595001,129.277145
165410.333188,148.171509,15.582932,129.399872
165410.374486,148.176025,15.494522,129.330811
165410.415784,148.069901,15.792664,129.382675
165410.457082,147.954117,15.740646,129.585526
165410.498378,147.966110,15.652176,129.329819
165410.539676,148.295441,15.653397,129.357819
165410.580970,148.387329,15.709030,129.161987
165410.622264,148.351440,15.571335,129.012115
165410.663560,148.360703,15.642792,129.224838
165410.704856,148.250809,15.661026,129.156372
165410.746154,148.287827,15.491592,129.344101
165410.787450,148.125381,15.713852,129.107254
165410.828746,148.281921,15.613098,129.128204
165410.870039,148.113007,15.683182,129.116241
165410.911334,148.135696,15.743301,129.396255
165410.952628,148.223679,15.620377,129.289215
165410.993925,148.263428,15.434799,129.210754
165411.035219,148.230804,15.682190,129.139069
165411.076512,148.290894,15.807404,129.703903
165411.117809,148.152954,15.640869,129.751801
165411.159105,148.442932,15.562729,129.435806
165411.200401,147.973038,15.695221,129.335678
165411.241700,148.172119,15.662781,129.139023
165411.282997,148.007904,15.727768,129.303604
165411.324294,147.877579,16.039703,129.481552
165411.365588,148.185074,15.690826,129.139206
165411.406884,148.161743,15.621918,129.540405
165411.448181,147.997116,15.769760,129.170029
165411.489476,148.055283,15.745132,129.328964
165411.530769,148.362869,15.499298,129.691147
165411.572063,148.110916,15.695160,129.624374
165411.613357,148.140778,15.647949,129.629349
165411.654652,148.144135,15.682816,129.441132
165411.695946,148.132416,15.611908,129.728210
165411.737241,147.960907,15.562073,129.401413
165411.778535,148.026031,15.437469,129.425827
165411.819829,148.116348,15.768250,129.602539
165411.861124,147.982727,15.631165,129.203140
165411.902415,148.084930,15.615417,129.349426
165411.943706,148.089172,15.715225,129.581039
165411.984999,147.903381,15.635574,129.494003
165412.026293,148.323868,15.637238,129.184097
165412.067584,148.176971,15.703186,129.304596
165412.108879,148.083755,15.605972,129.520340
165412.150172,148.132996,15.612534,129.324127
165412.191465,147.864471,15.804794,129.451675
165412.232758,147.911972,15.855804,129.319366
165412.274052,147.877747,16.018982,129.233719
165412.315346,147.944260,15.986435,129.599762
165412.356641,148.245377,15.937424,129.451721
165412.397935,147.936447,15.963043,129.427979
165412.439230,148.191177,15.905350,129.221497
165412.480525,148.115799,15.724411,129.246292
165412.521820,148.103699,15.623108,129.482162
165412.563115,147.973770,15.883270,129.677795
165412.604413,148.153549,15.605164,129.345352
165412.645707,147.900528,15.772247,129.356339
165412.687001,147.945724,15.762985,129.316315
165412.728297,148.229340,15.519470,129.343323
165412.769591,147.967941,15.706482,129.124359
165412.810888,147.984924,15.647598,129.099213
165412.852184,147.851273,15.959885,129.320114
165412.893482,148.148209,15.825912,129.158173
165412.934777,148.054306,15.708771,128.864792
165412.976075,148.123703,15.840866,129.165497
165413.017370,148.160431,15.844955,128.998917
165413.058665,147.954010,15.770660,129.356018
165413.099962,148.094376,15.840210,129.016632
165413.141257,148.002533,15.741928,129.661163
165413.182553,148.038513,15.680756,129.216949
165413.223848,148.238281,15.708496,129.190277
165413.265143,147.770782,16.000275,129.506653
165413.306439,148.002625,15.891342,129.587814
165413.347734,147.939194,15.957764,129.496201
165413.389029,148.109344,15.772583,129.591766
165413.430324,147.994324,15.643631,129.320679
165413.471617,147.787903,15.790833,129.364288
165413.512910,148.076706,15.569138,129.365540
165413.554204,147.935913,15.560318,129.530426
165413.595497,147.979752,15.705215,129.487076
165413.636791,148.049805,15.844528,129.495956
165413.678088,147.976334,16.013474,129.112518
165413.719385,147.894455,15.698288,129.402222
165413.760684,147.763504,15.814606,129.437408
165413.801981,147.728806,15.981537,129.233612
165413.843277,148.210922,15.678604,129.092438
165413.884574,147.983551,15.894608,129.150986
165413.925870,147.973541,15.973572,129.187393
165413.967166,148.026962,15.959320,129.456177
165414.008464,148.013641,16.024643,129.143921
165414.049761,147.932755,15.814056,129.558289
165414.091057,147.785080,16.056549,129.330063
165414.132353,147.904556,15.818451,129.550949
165414.173648,147.940964,15.875793,129.510101
165414.214946,148.056137,15.903336,128.982178
165414.256243,148.149063,15.642242,129.103912
165414.297540,148.000641,15.693451,129.117661
165414.338835,147.983215,15.957520,129.011673
165414.380129,147.931198,15.864502,129.299042
165414.421424,148.186417,15.755615,129.055038
165414.462718,147.945602,16.209290,129.247955
165414.504013,147.954300,15.904449,129.490433
165414.545309,147.961365,15.977722,129.276611
165414.586603,147.983414,15.862595,129.678360
165414.627897,148.260315,15.748199,129.421387
165414.669194,147.976242,16.070221,129.397583
165414.710488,147.990921,15.844849,129.368576
165414.751783,147.865402,16.074921,129.527679
165414.793078,147.818024,15.902084,129.248642
165414.834372,148.201843,15.880814,129.356857
165414.875667,148.157806,15.832718,129.207626
165414.916960,148.206711,15.784607,129.147476
165414.958257,148.087769,15.876099,129.247314
165414.999553,148.293625,15.890900,129.126816
165415.040848,148.379761,15.863541,129.646317
165415.082143,148.283325,16.000305,129.542633
165415.123439,148.199142,15.852005,129.328537
165415.164736,148.035492,15.728745,129.315613
165415.206033,148.159866,16.130890,129.275085
165415.247328,148.284332,15.723557,129.099747
165415.288625,148.239349,15.897827,129.104797
165415.329922,148.070801,15.835907,129.145920
165415.371221,148.174454,15.846237,129.141754
165415.412519,148.126266,16.061432,129.471985
165415.453818,148.194870,15.866089,129.156082
165415.495117,148.130463,15.769257,129.677841
165415.536414,148.035706,15.948990,129.647797
165415.577710,148.298065,15.917023,129.623962
165415.619005,148.202301,15.792664,129.824951
165415.660302,148.014694,15.816940,129.416718
165415.701598,148.126083,15.825928,129.188782
165415.742894,148.290344,15.871323,129.147476
165415.784192,147.887329,16.077454,129.183899
165415.825490,148.024963,16.020447,129.247803
165415.866785,148.075729,15.886780,129.289932
165415.908084,148.260040,15.737930,129.235229
165415.949379,148.095612,15.770645,129.163727
165415.990674,148.116379,15.722122,129.251572
165416.031970,148.071030,15.801849,129.105530
165416.073268,148.152771,15.644592,129.247147
165416.114564,148.233826,15.708679,129.321548
165416.155860,148.287125,15.526474,129.174072
165416.197156,148.323318,15.573563,129.208786
165416.238452,148.240906,15.631271,129.412262
165416.279748,148.429550,15.602280,129.395309
165416.321041,148.269775,15.762009,129.276779
165416.362338,148.168900,15.634781,129.378738
165416.403633,148.104980,15.825058,129.438293
165416.444930,148.169220,15.868820,129.694519
165416.486228,148.221436,15.907944,129.320618
165416.527524,148.337143,15.684128,129.582535
165416.568820,148.172668,15.743713,129.038513
165416.610115,148.215729,15.846802,129.458359
165416.651414,148.042847,16.004242,129.499344
165416.692709,148.127167,15.590775,129.213425
165416.734006,148.076721,15.695404,128.985428
165416.775303,148.210251,15.741364,129.388855
165416.816599,148.208817,15.752548,129.165771
165416.857895,148.234055,15.958755,129.597626
165416.899190,148.349045,15.967041,129.367661
165416.940488,148.166046,15.879700,129.166962
165416.981782,148.168976,15.972275,129.335190
165417.023077,148.371552,15.994675,129.588684
165417.064374,148.197540,16.062408,129.147568
165417.105672,148.101456,15.874741,129.517181
165417.146969,148.213272,15.720505,129.186798
165417.188267,148.203735,15.533768,129.568146
165417.229563,148.208801,15.656815,129.409866
165417.270860,148.133224,15.789444,129.533066
165417.312158,148.240204,15.889160,128.930481
165417.353455,148.279175,15.821991,129.214081
165417.394754,148.047531,15.796722,129.126556
165417.436051,148.194839,15.893753,129.164032
165417.477345,148.022125,15.981003,128.969940
165417.518643,148.390549,15.863663,129.531464
165417.559942,148.245117,15.803787,129.491943
165417.601241,148.275604,15.726425,128.964905
165417.642540,148.624832,15.685379,129.025894
165417.683837,148.249390,15.772659,129.143433
165417.725134,147.969604,15.844467,129.380219
165417.766432,148.190643,15.898666,129.171722
165417.807731,148.082764,15.923920,129.042908
165417.849030,148.370087,15.504379,129.270035
165417.890330,148.311432,15.713593,129.130280
165417.931626,148.200653,15.588333,129.546112
165417.972923,148.171448,15.596970,129.421204
165418.014218,148.291428,15.423157,129.314011
165418.055512,148.054596,15.356064,129.542603
165418.096808,148.125031,15.652100,129.293243
165418.138104,147.999847,15.719391,129.657288
165418.179403,147.957657,15.605042,129.509018
165418.220701,148.066040,16.018356,129.663757
165418.261997,148.105881,15.672302,129.507614
165418.303292,148.025848,15.917908,129.446030
165418.344588,148.130142,15.823227,129.552826
165418.385886,148.089386,15.967514,129.448257
165418.427183,148.311905,15.686005,129.170273
165418.468481,148.127884,15.803207,129.407166
165418.509780,148.077454,15.893509,129.284271
165418.551075,147.933197,15.659866,129.360596
165418.592370,147.975647,15.727982,129.024643
165418.633664,148.008377,15.984909,129.379639
165418.674960,147.882462,15.634445,129.446671
165418.716255,147.789276,15.797958,129.454041
165418.757550,147.970840,15.887894,129.515198
165418.798848,147.723969,15.917557,129.593674
165418.840144,147.883850,16.121109,129.533554
165418.881444,147.873642,16.101700,129.422455
165418.922742,147.891205,15.712997,129.526215
165418.964040,147.914902,15.773041,129.413513
165419.005339,147.756210,15.766251,129.340683
165419.046638,148.062241,15.931732,129.335480
165419.087937,147.784012,15.953064,129.419403
165419.129239,147.890121,15.981628,129.390747
165419.170540,148.090942,15.866119,129.602386
165419.211842,147.966995,15.849121,129.561935
165419.253142,147.984009,15.990234,129.606598
165419.294443,147.969223,16.046982,129.118881
165419.335743,147.766251,15.898941,129.168015
165419.377041,148.000656,15.805298,129.494385
165419.418341,147.999603,15.834457,129.315826
165419.459640,147.936539,16.056931,129.485428
165419.500939,147.883347,16.085571,129.199158
165419.542237,148.152374,15.855301,129.663345
165419.583536,148.042633,16.094711,129.513000
165419.624835,147.816818,15.948013,129.351669
165419.666132,147.768646,16.106018,129.435211
165419.707430,147.884933,15.985062,129.216690
165419.748727,147.906448,15.851852,129.442459
165419.790023,147.802383,15.939224,129.183960
165419.831321,147.939392,15.724411,129.464478
165419.872621,147.897903,15.913940,129.413681
165419.913919,148.089294,15.851715,129.552994
165419.955217,148.066330,15.675125,129.717880
165419.996514,148.168625,15.578049,129.574753
165420.037813,148.173065,15.963837,129.561203
165420.079111,148.062378,16.179764,129.566330
165420.120410,147.850159,16.054245,129.702484
165420.161709,147.881943,15.813049,129.733231
165420.203008,148.117340,15.672913,129.266983
165420.244308,147.963531,15.713898,129.318634
165420.285607,147.672363,15.984390,129.671570
165420.326904,148.181641,15.429062,129.444580
165420.368201,147.955795,15.559082,129.586884
165420.409499,148.103500,15.897537,129.500702
165420.450796,147.785263,15.734970,129.402740
165420.492093,148.130142,15.895187,129.576721
165420.533391,148.284698,15.581284,129.611893
165420.574689,148.170319,15.869003,129.842010
165420.615987,148.143677,15.733353,129.500061
165420.657285,148.268814,15.921036,129.286926
165420.698583,148.477158,15.652740,129.252014
165420.739880,148.196945,15.505630,129.289948
165420.781175,148.154007,15.827240,129.413834
165420.822470,148.219360,15.859741,129.750275
165420.863763,148.148987,15.989548,129.160797
165420.905059,148.109482,16.053497,129.490463
165420.946354,148.291611,15.854752,128.847290
165420.987647,148.052185,15.922699,129.036285
165421.028942,147.895493,15.915237,129.318405
165421.070240,148.041153,15.858414,129.266495
165421.111537,147.999481,15.716843,129.523666
165421.152834,147.897949,15.908173,129.239960
165421.194133,148.220230,15.763931,128.939102
165421.235434,147.928955,15.838348,129.404327
165421.276734,147.941833,15.728424,129.379532
165421.318033,148.235855,15.989334,129.602829
165421.359330,148.050751,15.726013,129.444122
165421.400627,147.987961,15.749176,129.415161
165421.441925,147.873611,15.834503,129.367798
165421.483220,148.039459,15.693436,129.129745
165421.524519,148.005402,15.571808,129.335678
165421.565818,147.949631,15.686584,129.241959
165421.607121,147.967575,15.700378,129.420319
165421.648421,147.947723,15.759964,129.092743
165421.689718,147.977356,15.492447,129.424591
165421.731015,148.089081,15.853806,129.487381
165421.772314,148.102493,15.767670,129.515198
165421.813613,147.966522,15.871994,129.121948
165421.854910,148.072510,15.986923,129.387787
165421.896208,147.996017,15.852478,129.084335
165421.937507,148.089645,15.995163,129.245560
165421.978803,148.044586,16.003235,129.179993
165422.020100,147.994797,16.204727,129.275497
165422.061400,148.143845,16.205322,129.320175
165422.102696,148.053680,15.817825,129.104645
165422.143994,148.159439,15.581512,129.029327
165422.185291,148.191956,15.621109,129.402191
165422.226588,148.044189,15.812012,129.453247
165422.267883,148.172379,15.701385,129.002167
165422.309180,148.010010,15.932541,129.218033
165422.350476,148.205261,15.590302,129.378464
165422.391777,148.138229,15.733734,128.956482
165422.433076,148.135162,15.538910,129.227829
165422.474377,147.937775,15.620575,129.463593
165422.515677,148.107346,15.809860,129.162811
165422.556976,148.140244,15.904037,129.336304
165422.598275,148.215469,15.623367,129.114716
165422.639572,148.286880,15.827362,128.932205
165422.680871,148.302582,15.785873,129.208450
165422.722170,148.120132,15.795197,129.296722
165422.763466,148.092682,15.686661,129.397400
165422.804763,148.084991,15.636368,129.301910
165422.846059,148.157822,15.659180,128.923264
165422.887356,148.236816,15.752365,129.061340
165422.928656,148.099472,15.779907,129.028229
165422.969953,148.170349,15.598679,129.102936
165423.011250,148.041672,15.652893,129.056244
165423.052547,148.270599,15.657394,129.109207
165423.093846,148.187393,15.677765,128.909576
165423.135147,148.145737,15.753128,128.820648
165423.176447,148.192917,15.731842,129.087906
165423.217746,148.071442,15.855011,128.872894
165423.259046,147.973984,15.700134,128.890793
165423.300347,148.109161,15.728287,129.118713
165423.341646,148.098282,15.773239,129.178085
165423.382945,148.088074,15.768707,129.112686
165423.424242,147.939835,15.787643,129.412552
165423.465539,148.048828,15.585175,129.609604
165423.506836,147.973236,15.734344,129.269760
165423.548132,147.966507,15.774368,129.415802
165423.589431,147.827377,15.842896,129.255722
165423.630730,147.974365,15.980179,129.585327
165423.672029,147.917297,16.090973,129.508011
165423.713328,147.945648,16.100052,129.515945
165423.754624,148.011673,15.779999,129.493713
165423.795922,148.048553,15.833206,129.342316
165423.837222,147.986115,15.942566,129.193024
165423.878521,148.030228,15.797379,129.433350
165423.919819,147.860458,16.030334,129.282715
165423.961121,148.066467,15.578873,129.431931
165424.002422,147.907379,15.447662,129.443802
165424.043724,147.872391,15.992844,129.335480
165424.085025,148.094742,15.746521,129.570938
165424.126328,148.250107,15.833389,129.344376
165424.167630,147.889786,16.027908,129.595200
165424.208930,148.101288,15.890610,129.315598
165424.250227,148.131683,15.904907,129.362213
165424.291525,147.981766,15.878296,129.288208
165424.332821,147.984726,15.781021,129.459534
165424.374119,147.965439,15.839203,129.474655
165424.415417,147.980316,16.051071,129.696609
165424.456716,147.993668,15.849030,129.257523
165424.498015,148.164993,15.756943,129.486771
165424.539315,147.851898,15.973068,129.687607
165424.580615,148.025116,15.579956,129.316132
165424.621917,148.148285,16.052994,129.560608
165424.663218,147.955231,15.861282,129.387085
165424.704517,147.784454,15.927765,129.535675
165424.745815,147.976120,15.993759,129.247513
165424.787113,147.815613,15.717377,129.668289
165424.828411,147.909851,15.875580,129.334854
165424.869708,147.691772,15.968094,129.537231
165424.911006,147.732132,15.782196,129.520569
165424.952303,147.754562,15.961914,129.096024
165424.993601,147.714447,15.935547,129.288757
165425.034901,147.885574,15.872635,129.170853
165425.076204,147.987259,15.706879,129.312714
165425.117506,147.761429,16.012802,129.437912
165425.158807,147.924927,15.867966,129.241028
165425.200109,148.043716,15.932587,129.271408
165425.241409,147.942047,16.031296,129.245056
165425.282709,147.995651,16.109451,129.314987
165425.324009,147.890747,16.128082,129.307068
165425.365309,148.082108,16.010406,129.581680
165425.406610,148.070053,16.032379,129.400085
165425.447908,147.952316,16.029297,129.183655
165425.489208,147.984421,16.140656,129.226959
165425.530507,147.928909,16.128479,129.415070
165425.571806,147.871155,16.072754,129.442963
165425.613107,148.004562,16.123001,129.511200
165425.654408,147.975082,16.217316,129.602127
165425.695709,148.045319,15.788910,129.133545
165425.737011,147.858612,16.057037,129.120544
165425.778313,148.006210,15.796021,129.152679
165425.819616,148.314316,15.877853,128.885208
165425.860919,148.291580,15.587860,129.140015
165425.902220,148.300201,15.888397,128.760147
165425.943520,147.979126,15.925232,129.189011
165425.984820,148.030212,15.903427,129.221054
165426.026122,147.849274,15.988022,129.104538
165426.067426,147.761795,15.989517,129.024429
165426.108727,147.858017,15.869476,129.208160
165426.150032,147.985657,15.920212,129.294830
165426.191335,147.946320,15.903458,129.137787
165426.232639,148.133911,15.813019,128.961655
165426.273944,148.050156,15.738235,129.388611
165426.315245,147.937225,15.842819,129.204651
165426.356544,147.743607,15.805298,129.195068
165426.397844,148.031754,15.660675,129.682770
165426.439145,147.732819,16.019913,129.525558
165426.480444,147.780594,16.022034,129.405472
165426.521745,147.862030,15.987793,129.765381
165426.563047,147.807083,16.030701,129.589600
165426.604351,147.940948,16.064789,129.501999
165426.645652,148.118408,15.858795,129.690735
165426.686953,148.128189,15.893478,129.442795
165426.728252,148.018631,15.788773,129.640656
165426.769551,148.042847,15.783051,129.234451
165426.810852,147.953903,15.833344,129.584045
165426.852153,148.110901,15.869186,129.359070
165426.893452,147.909363,15.869064,129.549057
165426.934751,147.970139,15.703201,129.807999
165426.976050,147.835114,15.832062,129.598511
165427.017349,147.836044,16.082245,129.746948
165427.058647,147.892990,15.904526,129.469421
165427.099946,147.949570,16.045746,129.211868
165427.141245,147.776337,15.951202,129.468094
165427.182545,147.866547,15.971313,129.511398
165427.223845,147.909546,15.989517,129.518677
165427.265148,147.868988,16.083786,129.425430
165427.306450,147.935883,16.124054,129.276276
165427.347752,147.878983,16.215134,129.220215
165427.389054,147.840302,16.102661,129.250259
165427.430353,147.846390,16.118027,129.354111
165427.471653,147.642242,16.091003,129.663681
165427.512954,147.891159,15.849289,129.520294
165427.554254,147.974396,15.975998,129.592606
165427.595554,147.857315,16.042908,129.444824
165427.636853,147.845795,16.205460,129.442719
165427.678152,147.976288,16.237854,129.531128
165427.719450,147.890488,16.091568,129.190689
165427.760749,147.690170,15.941788,129.540665
165427.802047,147.746033,16.138687,129.324173
165427.843346,147.730927,16.040131,129.154160
165427.884646,147.801758,16.095856,129.129517
165427.925947,147.924438,15.892166,129.174149
165427.967246,148.073532,16.013885,128.776047
165428.008546,148.024536,15.998672,129.321167
165428.049848,147.849335,16.100418,129.197098
165428.091148,147.840790,16.185760,129.259811
165428.132447,147.908264,15.865631,129.464020
165428.173745,147.723953,16.250061,129.398392
165428.215043,147.852982,16.196609,129.423920
165428.256340,147.865036,16.205460,129.545883
165428.297637,147.728424,16.264648,129.466751
165428.338934,148.013412,16.183731,129.521133
165428.380229,147.969986,16.079361,129.152420
165428.421526,147.924408,16.354080,129.007309
165428.462821,147.866898,16.270096,129.073990
165428.504117,147.753540,16.270859,129.459457
165428.545412,147.673187,15.995117,129.189270
165428.586710,147.856949,16.183167,129.080399
165428.628006,147.731049,16.011612,129.129593
165428.669302,147.642548,15.986237,129.350266
165428.710600,147.499832,16.160126,129.212616
165428.751896,147.509262,16.323868,129.190140
165428.793192,147.749176,16.125183,129.012924
165428.834487,147.686111,16.079819,129.017471
165428.875783,147.426193,16.181503,129.565872
165428.917079,147.441147,16.209641,129.648819
165428.958378,147.567444,16.103378,129.075531
165428.999675,147.761429,15.969513,129.080139
165429.040973,147.673767,16.282547,129.294647
165429.082269,147.735199,16.107803,129.341293
165429.123566,147.645294,16.065140,129.354385
165429.164864,147.941666,15.793945,128.850586
165429.206160,147.800095,16.093994,129.048630
165429.247459,147.984695,16.219879,129.515549
165429.288756,147.648773,16.117493,129.025299
165429.330056,147.993912,15.791443,128.983459
165429.371353,147.947113,15.956467,129.169006
165429.412649,147.727646,15.982086,128.976089
165429.453946,147.836395,16.041611,129.191376
165429.495244,147.841736,16.062103,129.102722
165429.536546,147.735809,16.059738,128.999527
165429.577845,148.020935,16.064178,129.243652
165429.619147,147.946457,16.105896,129.161575
165429.660446,147.874908,15.891586,129.149551
165429.701746,147.806946,16.120392,129.090759
165429.743043,147.741669,16.027405,129.192551
165429.784340,147.913895,15.870331,129.163910
165429.825638,147.981155,16.066605,129.018463
165429.866937,147.736298,15.939835,129.033249
165429.908236,148.015350,15.925339,128.952042
165429.949535,148.057312,15.879715,128.968811
165429.990836,147.968643,16.098602,128.782013
165430.032135,147.944763,15.916992,128.910736
165430.073433,148.002747,15.955841,129.230881
165430.114731,147.767014,15.957932,129.441086
165430.156031,147.896896,16.088089,129.185913
165430.197330,147.936234,16.027634,129.248062
165430.238631,147.824402,15.949890,129.429077
165430.279932,148.002548,16.034409,129.456909
165430.321233,147.843460,16.115204,129.548447
165430.362530,147.926056,16.068634,129.230911
165430.403828,148.001358,16.181564,129.077499
165430.445128,148.010391,15.932114,129.038162
165430.486426,147.970078,15.927841,129.275116
165430.527723,147.853638,16.136688,128.934341
165430.569018,147.868134,15.818039,129.302872
165430.610316,147.942871,16.162216,128.995804
165430.651612,147.984970,16.243256,129.570374
165430.692907,147.750168,16.164841,129.337814
165430.734203,147.836197,16.255692,129.574921
165430.775498,147.650970,16.314117,129.670380
165430.816796,147.935287,16.139786,129.324936
165430.858090,147.848343,16.198578,129.397797
165430.899383,147.818115,16.235443,129.092255
165430.940679,147.975662,16.134720,129.428162
165430.981974,148.061356,16.272934,129.388306
165431.023271,147.995483,16.168655,129.411606
165431.064567,147.942383,16.214905,129.618240
165431.105862,147.655533,16.277878,129.424866
165431.147157,147.884857,16.347366,129.305878
165431.188454,147.721863,16.081436,129.212387
165431.229752,147.874542,16.039261,129.370071
165431.271050,148.087524,16.179642,129.612640
165431.312348,147.866379,16.111664,129.755280
165431.353648,147.981934,16.078293,129.300476
165431.394950,147.964783,16.011810,129.105011
165431.436250,148.084061,15.849686,129.345551
165431.477551,147.895569,16.013733,129.824936
165431.518847,147.998779,15.839096,128.935791
165431.560143,148.116608,15.795715,129.163589
165431.601438,147.895660,15.881409,128.983658
165431.642732,148.104813,15.677353,128.994843
165431.684027,147.938553,15.821152,129.083221
165431.725323,147.981445,15.731354,128.946304
165431.766618,147.738846,15.868423,129.273071
165431.807913,147.894958,16.046570,129.343292
165431.849213,148.012665,15.909485,129.105698
165431.890513,148.084961,15.892578,129.346985
165431.931812,147.966278,16.008865,129.082840
165431.973110,148.146973,16.211426,129.212662
165432.014410,147.727097,15.918991,129.313263
165432.055705,148.071960,16.076920,129.236877
165432.097002,147.987030,15.855530,129.529968
165432.138302,147.997131,15.856445,129.279602
165432.179599,147.986877,15.748093,129.325836
165432.220898,147.932831,15.679474,129.400864
165432.262196,148.011642,15.984650,129.238892
165432.303494,147.919525,15.853378,129.611237
165432.344791,147.729767,16.012238,129.434799
165432.386086,147.898041,15.737213,129.395462
165432.427382,147.883347,15.709595,129.414673
165432.468678,147.885620,15.859528,129.436340
165432.509973,147.842438,16.002319,129.216049
165432.551267,147.964600,15.889481,129.111389
165432.592562,147.814972,15.877426,129.359955
165432.633856,147.972458,15.965683,129.329178
165432.675150,148.031525,16.009506,129.727631
165432.716445,147.921265,16.114456,129.581757
165432.757738,147.944061,15.962677,129.146393
165432.799033,147.813919,16.057327,129.270950
165432.840328,148.148499,15.991302,129.300949
165432.881624,148.181915,15.764648,129.127945
165432.922917,147.864670,15.915161,129.389984
165432.964212,147.967056,15.913483,129.231796
165433.005510,147.930801,15.883896,129.184006
165433.046804,148.067490,15.888458,129.347961
165433.088097,147.972275,15.612747,129.426941
165433.129388,148.088135,15.704651,129.388794
165433.170680,148.038773,15.718124,129.395996
165433.211972,147.939880,15.769165,129.713669
165433.253263,148.085037,15.721344,129.265320
165433.294557,148.035583,15.739960,129.440735
165433.335851,148.178375,15.760910,129.317978
165433.377143,147.958771,15.758987,129.427338
165433.418439,147.800888,15.845566,129.486588
165433.459734,147.880356,15.779083,128.931595
165433.501027,147.857971,15.998123,129.095261
165433.542320,147.868698,16.050507,129.443024
165433.583616,147.954117,15.961121,129.099457
165433.624912,148.130554,15.965256,129.348404
165433.666208,148.130280,15.872879,129.266205
165433.707503,148.050507,15.825577,129.647827
165433.748797,147.883575,15.865112,129.357147
165433.790088,148.181961,15.942032,129.508667
165433.831381,148.003998,15.794281,129.317215
165433.872673,148.102203,15.976852,129.328583
165433.913965,147.974457,15.983673,129.156021
165433.955259,147.970230,15.992905,129.077667
165433.996553,147.925842,15.989395,129.297760
165434.037849,147.822495,16.027863,129.170273
165434.079144,147.894150,16.105530,129.347443
165434.120441,147.899124,15.933365,129.195374
165434.161738,147.922913,16.065689,129.202682
165434.203034,147.842667,16.189346,129.087112
165434.244333,148.130463,15.964447,129.317139
165434.285629,148.010071,16.012573,129.253876
165434.326924,147.939758,15.920868,129.175186
165434.368218,147.894257,15.930466,129.085785
165434.409516,148.184494,16.191940,129.468796
165434.450810,147.652527,16.095703,129.125153
165434.492105,147.962784,16.043854,129.183334
165434.533400,148.136200,15.907715,128.947037
165434.574694,147.951523,15.712494,129.113373
165434.615991,148.111542,15.990921,128.806168
165434.657287,147.977631,15.940933,129.005386
165434.698582,147.999619,15.744659,129.360352
165434.739878,147.990295,15.998901,128.967590
165434.781174,147.981613,16.092316,129.008636
165434.822471,148.236267,15.848373,129.035828
165434.863766,148.008560,15.956299,129.428986
165434.905060,148.084274,15.920792,129.393402
165434.946354,147.988373,16.201508,129.518524
165434.987650,147.871140,15.896973,129.462387
165435.028945,147.949005,15.735443,129.577744
165435.070238,147.860992,15.763733,129.543198
165435.111533,148.039352,15.823929,129.399704
165435.152827,148.043777,16.052979,129.316864
165435.194119,147.983109,15.928207,129.085327
165435.235413,148.008530,15.794815,129.075180
165435.276708,147.993637,15.809265,129.354401
165435.318003,148.089935,15.828201,129.239487
165435.359297,147.977661,15.912720,129.558228
165435.400592,148.036148,15.794907,129.113480
165435.441887,148.137283,15.890564,129.599213
165435.483182,148.126633,15.883224,129.495422
165435.524479,148.172760,16.050873,129.466370
165435.565775,148.056183,15.916901,129.159790
165435.607073,147.874054,16.067047,129.113007
165435.648372,147.998535,15.861313,129.384552
165435.689669,147.923859,15.857040,129.320984
165435.730967,148.116089,15.918915,129.255920
165435.772266,148.090088,15.921906,129.336731
165435.813562,148.130630,15.699875,129.138397
165435.854857,148.124329,15.840149,128.962372
165435.896152,148.020432,15.575867,129.254715
165435.937447,147.902298,15.891495,129.246689
165435.978741,148.135635,15.830399,129.257614
165436.020037,148.061142,15.937088,129.380264
165436.061331,147.958710,15.841217,129.731216
165436.102625,147.928360,16.127121,129.325226
165436.143920,148.144897,15.918701,129.455536
165436.185214,148.014511,15.820175,129.192978
165436.226510,147.904587,16.042862,129.349991
165436.267805,147.991013,15.844467,129.375259
165436.309098,148.065659,16.027588,129.312195
165436.350391,147.947708,15.929794,129.445908
165436.391686,148.021469,16.036606,129.289352
165436.432981,148.169708,15.777863,129.008865
165436.474274,147.945221,16.046875,129.498749
165436.515566,148.007034,16.182281,129.092712
165436.556860,148.046234,16.025833,129.274384
165436.598153,148.131531,16.124542,129.490936
165436.639448,148.029388,16.060593,129.271454
165436.680742,148.090302,15.792511,129.073441
165436.722035,147.874817,15.992554,129.057343
165436.763329,148.147537,15.941162,129.331253
165436.804622,148.075851,16.044510,129.404724
165436.845913,148.217865,15.833481,129.059952
165436.887206,148.020416,15.778717,129.279053
165436.928500,148.184464,15.789490,128.929550
165436.969793,148.179749,15.748596,129.102554
165437.011086,147.937775,15.924210,129.102936
165437.052381,148.079590,15.784348,129.203217
165437.093673,148.045731,16.063766,128.933884
165437.134966,148.111511,16.050262,129.255798
165437.176258,147.943008,16.040878,128.985703
165437.217551,147.967712,15.948578,129.285660
165437.258843,148.309265,16.032410,129.055618
165437.300134,148.300400,15.727997,128.851822
165437.341425,148.189011,16.151398,128.941681
165437.382717,148.151169,15.932602,128.965637
165437.424011,148.077209,15.844604,128.857498
165437.465302,148.294815,16.031143,128.847534
165437.506593,147.988297,15.968704,128.775024
165437.547885,148.117691,15.865829,129.058929
165437.589178,148.082535,16.058868,128.863556
165437.630470,148.081131,15.787262,129.342728
165437.671765,147.947830,16.045166,129.507416
165437.713059,147.759155,16.105133,129.018921
165437.754353,147.716522,16.014572,129.271500
165437.795645,148.124039,15.763824,129.040085
165437.836935,147.941238,15.807861,129.101257
165437.878226,148.175369,15.767838,129.261490
165437.919518,148.227570,16.033569,129.076340
165437.960809,148.189301,16.017670,129.531509
165438.002103,148.062881,16.067429,129.147903
165438.043396,147.975159,16.220963,129.391159
165438.084691,148.272964,15.964462,129.363541
165438.125987,148.271622,16.012894,128.905579
165438.167280,148.211823,15.783081,129.046463
165438.208575,148.279160,15.811722,128.850128
165438.249867,148.066772,15.972351,129.029816
165438.291159,148.202454,15.995834,129.007950
165438.332452,148.259048,15.647781,129.018951
165438.373747,148.114014,15.733322,129.094772
165438.415039,148.137466,15.870605,129.014725
165438.456332,148.248688,15.873093,129.234741
165438.497625,148.126740,15.865372,129.327225
165438.538916,148.044937,15.973724,129.268372
165438.580211,148.123535,16.154953,129.136993
165438.621504,148.251175,15.830994,129.236633
165438.662799,148.392212,15.946198,129.238617
165438.704092,148.188385,15.814484,129.162964
165438.745386,148.098114,16.084732,129.552429
165438.786680,148.292648,15.667389,129.107529
165438.827975,148.111404,16.091385,129.361755
165438.869269,148.031219,15.921936,129.171875
165438.910564,148.051544,16.053375,129.400909
165438.951857,148.249268,15.902664,129.513000
165438.993151,148.384018,15.799759,129.113098
165439.034445,148.281860,15.847458,129.317352
165439.075742,147.973648,16.035980,129.138916
165439.117038,147.993271,16.186798,129.446518
165439.158331,147.907547,16.172577,129.324524
165439.199627,147.992996,16.126907,129.312485
165439.240920,148.208557,16.022156,129.303070
165439.282211,148.040085,16.103546,129.224854
165439.323503,148.028015,15.792297,129.223206
165439.364794,147.870758,15.988876,129.157730
165439.406085,148.047195,15.676361,129.349869
165439.447376,148.017654,15.804153,129.216553
165439.488667,147.966705,15.855881,129.236954
165439.529959,147.849686,15.990158,129.288864
165439.571252,147.836411,15.868362,129.343842
165439.612543,148.051193,15.800461,129.295364
165439.653835,147.934418,15.784180,129.374832
165439.695125,148.146210,15.756271,129.179337
165439.736416,148.011536,15.659210,129.158997
165439.777706,148.214249,15.909515,129.253830
165439.818997,147.977386,15.798294,129.386887
165439.860289,148.102524,15.882446,129.291733
165439.901579,147.943283,15.731247,129.231689
165439.942870,148.049637,15.853516,129.365295
165439.984160,148.237259,15.737274,129.073303
165440.025450,148.235321,15.807526,129.151321
165440.066741,148.153137,15.880112,129.412521
165440.108033,148.107910,15.945236,129.662292
165440.149323,147.950790,16.081558,129.299713
165440.190612,147.968643,15.951202,128.996567
165440.231901,147.981293,16.014328,129.234009
165440.273189,148.037842,16.098083,129.244431
165440.314477,148.082520,15.993057,129.310776
165440.355767,147.999573,16.001251,129.266907
165440.397058,147.882004,16.209885,129.235352
165440.438348,147.932724,16.063705,129.310104
165440.479640,147.810791,16.215454,129.590012
165440.520932,147.968033,16.154251,129.519836
165440.562223,147.988434,16.153244,129.195862
165440.603513,147.665619,16.317383,129.164917
165440.644804,147.806396,16.152130,129.119095
165440.686095,147.989487,16.159836,129.227859
165440.727386,148.035202,16.231522,128.935089
165440.768678,147.873810,16.238358,129.065964
165440.809967,147.904739,16.092407,129.360779
165440.851259,147.854004,16.009201,129.061172
165440.892552,147.797470,16.246155,129.283112
165440.933846,147.712341,16.336456,128.768646
165440.975142,147.795166,16.242966,128.853424
165441.016435,147.875839,16.176010,129.355591
165441.057726,147.732208,15.913818,129.249695
165441.099016,147.798874,16.088852,129.201797
165441.140307,147.718185,16.153946,129.557892
165441.181599,147.688446,16.222488,129.243835
165441.222892,147.740723,16.056656,129.393021
165441.264183,147.757950,16.065460,129.343033
165441.305473,147.861771,16.041245,128.853943
165441.346762,147.849976,16.024277,129.352158
165441.388051,147.712143,15.940765,129.383469
165441.429343,147.872635,16.078262,129.445114
165441.470634,147.926224,15.861160,129.326279
165441.511925,147.878845,16.084381,129.173264
165441.553219,148.066711,16.028351,129.384811
165441.594513,147.906540,16.102982,129.141647
165441.635805,147.952484,15.872498,129.071060
165441.677098,148.087723,15.895401,129.166092
165441.718391,147.713303,15.971268,129.581543
165441.759683,147.954834,16.080811,129.209641
165441.800976,147.830490,15.789688,129.242401
165441.842269,147.777283,15.964966,129.258713
165441.883560,147.950027,15.819931,129.449051
165441.924852,147.875046,15.882309,129.324188
165441.966145,147.943512,15.992584,129.345978
165442.007437,147.867157,15.899750,129.228561
165442.048727,147.649826,16.098022,129.736542
165442.090019,147.726135,16.060272,129.299805
165442.131314,147.839798,16.042679,129.479370
165442.172607,147.803879,15.844421,129.376389
165442.213897,147.832367,15.846222,129.369415
165442.255189,147.841599,15.639999,129.413055
165442.296483,147.873627,15.624374,129.309982
165442.337774,147.913528,15.870361,129.473801
165442.379067,147.902756,15.897430,129.334244
165442.420358,147.760544,15.908737,129.225006
165442.461647,147.737717,15.967072,129.349243
165442.502938,147.931580,15.702972,129.442795
165442.544229,147.651199,15.924698,129.412277
165442.585518,147.841217,15.778458,129.477020
165442.626807,147.921188,15.977249,129.181076
165442.668097,147.607758,15.945465,129.691360
165442.709387,147.619461,16.023987,129.254486
165442.750677,147.968201,15.772430,129.538223
165442.791965,147.765182,15.968658,129.582947
165442.833255,147.871170,15.764816,129.541275
165442.874542,147.657822,15.980209,129.577713
165442.915828,147.740326,16.031281,129.185989
165442.957118,147.651978,15.917923,128.972855
165442.998407,147.568390,15.919266,129.349686
165443.039696,147.781311,15.791519,129.172226
165443.080985,147.842056,16.161453,129.083740
165443.122276,147.943832,15.876770,129.291351
165443.163567,147.961380,15.729904,129.454010
165443.204859,147.692780,16.022827,129.477341
165443.246152,147.979462,15.776871,129.538879
165443.287444,148.086380,15.990631,129.553558
165443.328735,147.853226,16.023331,129.498108
165443.370028,147.811234,15.999359,129.592300
165443.411319,147.897812,16.099030,129.737015
165443.452612,148.029465,16.040833,129.374466
165443.493906,147.977570,15.794312,129.474869
165443.535199,147.717499,16.038956,129.745636
165443.576491,147.913666,16.120178,129.525681
165443.617783,147.983231,15.926361,129.822220
165443.659075,147.742920,15.932404,129.560379
165443.700368,148.056381,15.842072,129.975494
165443.741659,147.730316,15.861008,129.537903
165443.782949,147.844879,16.070801,129.566986
165443.824241,147.660538,15.974701,129.692947
165443.865534,147.715973,15.701065,129.530350
165443.906827,147.766830,15.954071,129.869659
165443.948121,147.723480,15.951004,129.547104
165443.989416,147.936493,16.025070,129.256210
165444.030709,147.956833,15.964447,129.458969
165444.072002,147.926147,16.151886,129.488983
165444.113296,148.000534,16.057190,129.240173
165444.154589,148.131790,15.779953,129.529373
165444.195884,147.919113,15.791809,129.343567
165444.237179,148.006912,15.629883,129.456970
165444.278472,147.964310,15.769577,129.519714
165444.319762,148.047729,15.710922,129.438095
165444.361051,147.751572,16.056366,129.391785
165444.402341,147.988205,15.712479,129.801193
165444.443631,147.866364,15.774246,129.818634
165444.484922,147.935852,15.801498,129.690903
165444.526216,147.886139,15.909912,129.573380
165444.567508,148.105972,15.860703,129.316513
165444.608800,148.148636,15.767380,129.676132
165444.650094,148.059982,15.634552,129.523361
165444.691385,147.880432,15.948120,129.609222
165444.732676,147.944366,15.845490,129.621796
165444.773971,147.726669,16.046097,129.745087
165444.815265,147.708664,16.036179,129.783279
165444.856560,147.765976,15.791641,129.896088
165444.897856,147.914886,16.198853,130.044830
165444.939148,147.834351,15.938705,129.593857
165444.980442,147.860092,15.987778,129.660645
165445.021736,147.798935,16.033249,129.713501
165445.063030,147.832520,16.121368,129.754059
165445.104323,147.997421,16.077621,129.812393
165445.145616,147.873093,16.056152,129.755508
165445.186908,147.958740,16.136307,129.560287
165445.228202,147.933487,16.124435,129.860474
165445.269495,148.066345,15.987747,129.695343
165445.310790,148.126465,16.066910,129.495956
165445.352084,148.151825,15.915314,129.796524
165445.393377,147.790665,15.910797,129.364380
165445.434670,147.957016,15.799698,129.706924
165445.475961,148.050308,16.006378,129.739456
165445.517253,147.832687,15.990585,129.556488
165445.558546,148.126480,15.885696,129.359756
165445.599839,147.864029,15.839462,129.492767
165445.641134,147.915588,15.998260,129.886551
165445.682427,147.797913,16.228699,129.662048
165445.723719,147.850021,16.120316,129.672653
165445.765012,148.073456,16.045029,129.808411
165445.806303,148.155823,15.882584,129.265823
165445.847595,148.117477,16.011292,129.419281
165445.888888,148.025818,16.009781,129.279572
165445.930180,148.068619,16.027756,129.294266
165445.971470,147.905930,16.025696,129.250916
165446.012766,148.126129,15.850037,129.491928
165446.054061,147.877991,16.083359,129.421371
165446.095353,148.298645,15.864380,129.190994
165446.136645,148.036026,16.044739,129.313766
165446.177939,147.869324,16.148712,129.190964
165446.219234,148.037521,16.046799,129.246948
165446.260528,148.038345,16.134140,129.027771
165446.301823,147.965210,16.240372,128.916077
165446.343116,147.962784,16.278214,128.899292
165446.384409,147.795868,16.014664,129.145538
165446.425701,148.131607,15.791412,129.212982
165446.466992,148.113831,15.840195,129.083191
165446.508286,148.191147,16.050690,129.397858
165446.549581,148.354095,15.880341,129.274536
165446.590876,148.177597,16.067093,129.520126
165446.632170,148.152573,15.807358,128.929688
165446.673465,148.207214,15.732254,129.260788
165446.714761,148.182678,15.768753,129.009613
165446.756056,148.143402,15.906021,129.406189
165446.797351,148.088242,15.916077,129.248276
165446.838647,147.981934,15.912811,129.143173
165446.879942,148.108246,16.129791,129.139008
165446.921238,148.139587,16.003433,129.254440
165446.962535,148.142624,16.148666,129.093842
165447.003831,148.151672,15.921677,129.195343
165447.045126,148.213882,15.947693,129.451691
165447.086422,148.032730,16.027878,128.854568
165447.127718,148.083527,16.089508,129.236374
165447.169013,148.135117,15.948563,129.372467
165447.210308,148.225754,15.951935,129.006073
165447.251600,148.096802,15.975418,128.732193
165447.292892,147.905029,15.984940,129.187485
165447.334181,147.979172,15.987183,129.211807
165447.375474,148.165710,16.120895,129.315277
165447.416768,148.073761,15.934174,129.392349
165447.458059,148.310715,15.784225,129.180893
165447.499350,148.204437,16.062500,129.514084
165447.540644,147.962311,16.136063,129.404282
165447.581937,148.059219,16.021606,129.388535
165447.623230,147.946884,16.181244,129.483475
165447.664523,148.116226,15.947266,129.361847
165447.705815,147.958282,15.922226,129.270325
165447.747106,147.891373,16.137161,129.023560
165447.788399,147.922180,15.909454,129.321274
165447.829692,147.869507,16.009781,129.352203
165447.870984,147.963989,15.984329,129.302307
165447.912277,147.831360,16.078003,129.157959
165447.953569,148.027405,16.125732,129.262344
165447.994862,147.734604,16.139526,129.311356
165448.036156,148.068695,16.185562,129.294449
165448.077449,147.943771,16.020081,129.288727
165448.118743,148.119293,15.903503,129.360382
165448.160037,147.986649,15.961792,129.327133
165448.201334,148.112213,15.960251,129.303909
165448.242630,148.369110,16.091064,129.164810
165448.283925,148.065567,16.028000,129.055450
165448.325222,148.292770,15.865814,129.102341
165448.366518,148.155319,15.711884,129.065414
165448.407819,148.122253,15.762405,129.117416
165448.449118,147.938477,15.964233,129.369919
165448.490417,148.145523,16.061172,129.425735
165448.531713,147.825684,15.992950,129.628693
165448.573010,147.944809,16.032227,129.597870
165448.614310,147.968475,15.869934,129.234985
165448.655607,148.153885,15.960236,129.363647
165448.696904,148.144989,15.854950,129.314163
165448.738204,148.024689,16.028900,129.309830
165448.779503,147.876434,15.878387,129.104996
165448.820800,147.893539,15.734756,129.250916
165448.862099,148.003021,16.034927,129.102463
165448.903397,147.998108,16.065338,128.859177
165448.944691,148.042908,15.819626,129.260727
165448.985986,147.960739,15.925690,129.065277
165449.027284,147.890915,15.992386,129.433792
165449.068582,147.947418,16.071533,129.172440
165449.109879,147.934265,15.994507,129.255417
165449.151177,148.038025,16.060074,129.369675
165449.192474,147.884888,16.078247,129.641815
165449.233770,147.996155,16.243881,129.610611
165449.275065,147.812088,16.065094,129.337906
165449.316360,147.963257,15.952347,129.205414
165449.357657,147.999451,16.066513,129.290695
165449.398953,147.959991,15.978104,129.403564
165449.440251,148.013275,15.969757,129.291245
165449.481547,147.901260,16.248077,129.094833
165449.522842,148.087051,16.008194,128.897400
165449.564138,147.876114,16.137527,128.894257
165449.605431,148.014526,16.002182,129.264908
165449.646727,147.791855,16.109375,129.325134
165449.688022,147.784729,16.244263,129.260666
165449.729320,147.790848,16.203766,129.281265
165449.770618,147.963699,16.174759,129.225754
165449.811915,147.818878,16.238007,129.057068
165449.853211,147.985260,15.995514,129.227402
165449.894509,147.932144,16.237885,128.818359
165449.935802,147.686951,16.165268,129.491592
165449.977098,147.667923,16.062729,129.362518
165450.018392,147.862976,16.128113,129.261902
165450.059688,147.721985,16.155365,129.372467
165450.100984,147.762970,16.164032,129.265198
165450.142280,147.709274,16.093231,129.096893
165450.183576,147.642899,16.180450,129.239853
165450.224874,147.707520,15.839737,129.450958
165450.266170,147.772446,16.055710,129.425217
165450.307466,147.853958,16.007935,129.144028
165450.348764,147.981888,16.006287,129.422287
165450.390063,148.033356,15.883469,129.203400
165450.431359,147.904800,16.001648,129.275970
165450.472658,147.920349,16.123810,129.484894
165450.513955,147.782990,16.094818,129.311096
165450.555248,147.950272,15.994064,129.146271
165450.596544,147.795502,16.125641,128.920425
165450.637839,148.008621,15.918198,129.101334
165450.679136,148.029846,16.005051,128.723083
165450.720432,147.961899,15.965195,128.693359
165450.761727,147.784012,16.204025,129.330551
165450.803024,147.901276,15.963928,128.917191
165450.844321,147.780289,15.987045,129.265961
165450.885618,147.988739,15.919357,129.104416
165450.926915,147.781693,15.997269,129.251892
165450.968212,147.733871,16.194870,129.146530
165451.009507,147.852524,16.007828,129.337250
165451.050803,148.023315,15.993317,129.231186
165451.092100,148.144150,16.056625,129.263641
165451.133397,147.998077,16.054871,129.281631
165451.174690,147.922745,16.101242,129.328552
165451.215985,147.975601,15.950836,129.425095
165451.257282,147.951828,16.063095,129.161896
165451.298580,147.852097,15.996384,129.475845
165451.339874,147.854752,15.972488,129.222931
165451.381168,148.076828,16.062881,129.270203
165451.422465,147.919586,16.259583,129.393173
165451.463761,147.903595,16.085327,129.204605
165451.505057,147.690536,16.280899,129.357529
165451.546352,147.667053,16.259537,129.274689
165451.587647,147.854736,16.061111,129.232864
165451.628942,147.914307,16.173630,129.450912
165451.670239,148.098328,16.026550,129.226562
165451.711533,147.784424,16.144836,129.201797
165451.752830,148.041092,16.151688,129.811066
165451.794128,147.933304,15.976166,129.483276
165451.835426,148.049026,16.085526,129.534561
165451.876723,148.209641,15.998138,129.585144
165451.918019,147.878891,16.133972,129.413910
165451.959314,147.868958,16.038361,129.341614
165452.000611,148.078339,16.065186,129.383957
165452.041909,147.942001,15.719879,129.492996
165452.083206,148.071045,15.803436,129.571716
165452.124501,148.189545,15.929611,129.552704
165452.165798,148.115219,15.718887,129.385162
165452.207096,148.148193,15.755127,129.490311
165452.248391,147.891647,16.079147,129.430923
165452.289686,148.156830,15.979507,129.504425
165452.330981,147.911774,16.135178,129.262436
165452.372275,148.032837,15.927216,129.441269
165452.413569,148.114914,15.915375,129.653046
165452.454860,148.227341,15.966370,129.533401
165452.496153,148.238358,15.885345,129.564285
165452.537447,148.151474,15.964630,129.335159
165452.578742,147.881943,16.083893,129.308746
165452.620038,147.987961,15.953201,129.697891
165452.661330,148.105545,15.915726,129.499954
165452.702623,148.239258,15.806671,129.552765
165452.743919,148.098373,15.703430,129.238037
165452.785213,147.818176,15.960861,129.439713
165452.826506,148.165131,15.962021,129.464203
165452.867800,148.418549,16.039444,129.785080
165452.909094,148.258133,15.921860,129.462479
165452.950389,148.114304,15.877930,129.329666
165452.991683,148.169830,15.811081,129.443420
165453.032977,148.262039,15.833405,129.699203
165453.074269,148.076538,15.825989,129.532364
165453.115561,147.991806,15.705475,129.184753
165453.156853,148.191635,15.755936,129.480438
165453.198145,147.997681,15.909760,129.404373
165453.239437,147.938324,15.747269,129.758987
165453.280730,147.899826,15.905090,129.667938
165453.322025,148.077194,15.710724,129.592133
165453.363317,147.953232,15.953583,129.862442
165453.404610,148.123383,15.850082,129.476608
165453.445905,148.009140,15.942719,129.761169
165453.487198,147.956879,16.043243,129.488815
165453.528492,147.976273,15.928421,129.577072
165453.569785,147.870102,16.055038,129.333374
165453.611078,147.912384,16.203690,129.497513
165453.652371,147.732071,16.005325,129.221436
165453.693665,147.697601,16.028137,129.354904
165453.734961,147.882019,16.048294,129.244766
165453.776255,147.909958,15.727234,129.247314
165453.817552,147.916046,15.832550,129.505630
165453.858850,147.945862,15.991150,129.689346
165453.900149,148.182220,15.865051,129.461136
165453.941447,147.910553,15.904800,129.597687
165453.982744,147.947906,15.706696,129.830109
165454.024040,147.867096,15.914230,129.661316
165454.065337,148.052170,15.844147,129.571503
165454.106633,147.854507,16.157425,129.845383
165454.147926,147.890671,16.097458,129.872147
165454.189220,147.943405,15.994415,129.707565
165454.230517,147.913177,16.169113,129.497528
165454.271811,148.072556,16.044739,129.390945
165454.313107,147.877319,16.115570,129.344116
165454.354401,147.828506,16.023407,129.572083
165454.395698,147.945877,16.005661,129.400543
165454.436994,147.860138,16.010483,129.517532
165454.478291,148.240280,15.910812,129.553528
165454.519586,148.023270,15.918076,129.893402
165454.560881,147.997650,15.947693,129.572021
165454.602174,147.915512,15.893387,129.476562
165454.643469,148.144196,15.860611,129.710556
165454.684766,148.101929,15.791595,129.828354
165454.726060,148.230957,15.703796,129.780838
165454.767355,148.294266,15.782928,129.863937
165454.808648,148.258286,15.906845,129.640884
165454.849942,148.198288,15.922211,129.655884
165454.891237,148.428589,15.737579,129.479385
165454.932533,148.378006,15.996750,129.792282
165454.973828,148.363434,15.673904,129.916977
165455.015124,148.326981,15.567047,129.627258
165455.056421,148.452988,15.555878,129.790878
165455.097716,148.457611,15.916962,129.429352
165455.139009,148.175064,15.933746,129.589401
165455.180302,148.236984,15.903534,129.566620
165455.221596,148.325668,15.804123,129.900330
165455.262888,148.373276,15.668686,129.868576
165455.304181,148.457611,15.803284,129.469238
165455.345476,148.342224,15.801483,129.398697
165455.386771,148.303726,15.758148,129.221924
165455.428064,148.341782,15.794464,129.609131
165455.469359,148.501343,15.789459,129.644028
165455.510655,148.409943,15.712753,129.438492
165455.551947,148.587250,15.774429,129.591263
165455.593240,148.241364,15.713669,129.332672
165455.634531,148.451736,15.683716,129.561050
165455.675825,148.289429,15.802521,129.428513
165455.717120,148.294876,15.846878,129.734039
165455.758412,148.274658,15.716675,129.345383
165455.799708,148.003510,15.756607,129.586639
165455.841003,148.097733,15.916138,129.397476
165455.882295,148.044525,15.660843,129.226776
165455.923588,147.837982,16.230362,129.558060
165455.964880,147.819473,16.229980,129.374619
165456.006173,147.721237,15.954086,129.470123
165456.047469,148.086365,16.083298,129.413986
165456.088763,148.110489,15.800705,129.817078
165456.130058,148.048706,15.913879,129.940903
165456.171353,148.174255,15.606155,129.689682
165456.212647,147.948334,15.985001,129.858200
165456.253941,148.157928,16.139969,129.946411
165456.295236,148.116455,15.922745,129.676392
165456.336530,147.832428,16.112305,129.459412
165456.377824,148.083405,16.024521,129.862701
165456.419118,147.878845,16.004868,129.892731
165456.460411,148.130814,15.984543,129.789612
165456.501706,147.984787,15.832474,129.482880
165456.543003,148.031494,15.771332,130.051727
165456.584298,148.094299,15.695679,129.165878
165456.625596,148.107697,15.647964,129.338623
165456.666892,148.003525,15.951157,129.370850
165456.708187,148.160950,16.133911,129.505127
165456.749484,148.195251,16.107376,129.610718
165456.790779,148.073410,15.962280,129.287933
165456.832077,148.182098,16.142685,129.523132
165456.873374,148.133102,16.109360,129.521011
165456.914674,148.080231,16.191025,129.375443
165456.955974,147.920547,16.075256,129.348816
165456.997275,147.979828,16.176071,129.317764
165457.038573,148.080215,16.236908,129.509323
165457.079872,148.023956,16.193024,129.398972
165457.121170,148.082428,16.124069,129.374161
165457.162468,148.131424,15.915939,129.181702
165457.203762,148.199509,16.042831,129.420364
165457.245059,148.256912,16.049179,129.290680
165457.286358,148.216293,15.979340,129.130920
165457.327655,148.133865,16.336136,129.044525
165457.368952,148.294922,15.914993,129.288193
165457.410249,148.313477,16.007523,129.405685
165457.451546,148.019135,16.042953,129.251648
165457.492843,148.155182,15.878067,129.015717
165457.534141,148.207214,16.034515,129.083832
165457.575436,148.389175,15.958618,129.443115
165457.616732,147.969299,16.101532,129.352921
165457.658030,148.138885,15.795334,129.125320
165457.699325,147.974106,16.129898,129.337555
165457.740621,148.310104,15.998734,129.313354
165457.781919,148.321579,16.109970,128.945404
165457.823218,148.294876,16.054169,129.237610
165457.864513,148.171860,16.009827,129.464905
165457.905808,148.150757,16.125504,128.973282
165457.947099,148.093658,16.066299,129.489883
165457.988393,148.307541,15.800476,129.262634
165458.029689,148.115112,15.806732,129.098785
165458.070987,148.161148,16.074509,129.087372
165458.112280,148.301682,15.753464,129.037216
165458.153575,148.306839,15.855209,129.168976
165458.194872,148.193237,15.925598,129.496872
165458.236167,148.047974,16.040985,129.564301
165458.277461,148.303802,16.058289,129.155106
165458.318755,148.307266,16.058548,129.400681
165458.360051,148.181412,16.195023,129.359818
165458.401349,148.371887,15.909149,129.006561
165458.442644,148.218048,16.145523,128.987076
165458.483942,148.039795,16.029343,129.223343
165458.525240,148.232224,15.898041,129.246979
165458.566535,148.102859,16.070633,129.468552
165458.607830,148.052689,16.039536,129.290100
165458.649128,148.088089,16.077713,129.444946
165458.690426,148.350021,15.773422,129.225616
165458.731722,148.161850,15.958328,128.909439
165458.773015,148.218048,16.179489,129.327377
165458.814310,148.148224,16.143723,128.808456
165458.855607,148.263992,16.025299,128.644791
165458.896904,148.334412,15.898575,128.804657
165458.938200,148.102676,15.966629,129.149277
165458.979494,148.211746,16.190598,129.047821
165459.020790,148.290817,15.996964,129.017822
165459.062087,148.320251,16.119522,129.460236
165459.103384,148.221603,15.994659,129.229614
165459.144681,148.388977,16.102524,129.271637
165459.185978,147.974457,16.002426,129.102081
165459.227276,148.232285,15.833908,128.968872
165459.268574,148.305511,15.877640,128.945908
165459.309872,148.035339,16.047104,129.263123
165459.351170,148.271210,16.127243,129.323212
165459.392468,147.985138,16.129501,129.052063
165459.433766,148.219864,16.095535,129.133575
165459.475065,148.125366,16.317139,129.373474
165459.516364,148.142792,16.516876,129.112137
165459.557664,148.127396,16.326172,129.409195
165459.598964,148.269424,16.117050,129.354752
165459.640263,148.369156,16.062317,129.305847
165459.681562,148.100433,16.156052,129.483093
165459.722863,148.298248,16.133499,129.004944
165459.764162,148.198517,16.004227,129.495987
165459.805459,148.126633,16.024002,129.264633
165459.846759,148.098022,15.869080,129.030884
165459.888060,148.028885,15.892334,129.155807
165459.929361,148.213455,15.967987,129.535202
165459.970659,148.203430,15.936066,129.542892
165460.011957,148.098419,15.867538,129.476700
165460.053255,148.329330,16.093704,129.072296
165460.094551,148.174988,16.327103,129.381866
165460.135845,148.228271,15.963303,129.386826
165460.177140,148.302032,15.994354,129.671097
165460.218436,148.285416,15.865372,129.464584
165460.259731,148.384903,15.820404,129.111740
165460.301028,148.456802,15.990906,129.283813
165460.342326,148.315079,16.083038,129.526520
165460.383623,148.139771,15.872849,129.338760
165460.424923,148.038925,16.197327,129.342148
165460.466223,148.098099,16.148361,129.201462
165460.507520,148.335556,15.767487,129.262756
165460.548816,148.173843,16.016312,129.580246
165460.590115,148.013016,15.985992,129.384476
165460.631412,147.985382,16.173904,129.776138
165460.672709,148.062088,15.856339,129.675491
165460.714007,147.949997,16.199219,129.874542
165460.755304,148.037537,15.899734,129.353470
165460.796604,148.118637,15.828888,129.636459
165460.837904,148.093643,15.996445,129.568268
165460.879200,148.031891,16.064529,129.718765
165460.920497,148.076462,15.943710,129.744919
165460.961796,147.946838,15.841919,129.927872
165461.003092,147.948090,15.845139,129.685745
165461.044386,148.059982,15.898148,129.785812
165461.085681,148.042297,16.012299,129.863785
165461.126978,148.224274,15.567657,129.661667
165461.168276,148.130081,15.879227,129.655762
165461.209572,147.948334,15.921371,129.639130
165461.250868,148.226410,16.016510,129.656052
165461.292164,148.074860,16.120789,129.576889
165461.333462,148.135635,16.042664,129.393356
165461.374759,148.012146,15.836243,129.270935
165461.416055,148.075439,15.989044,129.695465
165461.457353,148.256714,15.878372,129.533234
165461.498651,147.932907,16.104279,129.614990
165461.539948,147.954285,15.828201,129.393219
165461.581245,148.090225,15.860580,129.437424
165461.622542,147.940842,15.832550,129.429749
165461.663838,147.909378,16.094238,129.806305
165461.705135,148.244537,15.788177,129.905258
165461.746431,147.949966,15.892792,129.545227
165461.787727,148.110870,15.826065,129.964172
165461.829024,148.191528,16.051620,129.610641
165461.870321,148.120590,15.964386,129.777802
165461.911623,148.147430,16.019897,129.894455
165461.952921,148.167786,16.039627,129.885834
165461.994219,148.265640,15.867844,129.647598
165462.035517,148.162445,15.937988,129.660080
165462.076813,148.336151,15.688141,129.433426
165462.118108,148.258987,16.020126,129.432846
165462.159402,148.199112,15.777847,129.562469
165462.200698,148.287170,15.820145,129.693344
165462.241995,147.915176,16.009613,129.531952
165462.283290,148.380127,15.891357,129.549133
165462.324586,148.139603,16.037689,129.565292
165462.365880,148.271515,16.007858,130.103973
165462.407175,148.188370,16.129257,129.948380
165462.448470,148.181976,16.188049,129.410385
165462.489764,148.022446,16.195267,129.395218
165462.531059,148.241089,16.061539,129.313965
165462.572357,148.293274,16.071228,129.442856
165462.613652,148.097656,16.129059,129.710709
165462.654948,148.050613,16.066483,129.266830
165462.696243,148.238159,16.041458,129.565155
165462.737542,147.973999,16.142700,129.613846
165462.778840,148.140823,15.847290,129.719696
165462.820134,148.022446,15.898438,129.611465
165462.861430,148.104950,15.640884,129.640518
165462.902726,147.963943,15.933319,129.512314
165462.944022,148.087967,15.815338,129.812103
165462.985318,148.114563,15.926697,129.945465
165463.026613,148.230148,15.931900,129.771759
165463.067909,148.110428,15.945816,129.645950
165463.109204,147.997391,15.863937,129.571259
165463.150500,147.930511,16.066620,129.380890
165463.191796,147.977173,15.768723,129.629745
165463.233091,147.982986,16.126953,129.650055
165463.274388,147.939087,15.682724,129.406174
165463.315684,147.998550,15.908905,129.881973
165463.356979,148.105927,15.821564,129.947403
165463.398272,148.015594,15.854340,129.937592
165463.439568,148.166046,15.753021,129.529694
165463.480863,148.170380,15.716995,129.915390
165463.522159,148.334854,15.899460,129.774475
165463.563452,148.407074,15.743210,129.557724
165463.604749,147.950821,15.988495,129.644821
165463.646042,148.153137,16.013519,129.531738
165463.687335,148.045059,16.006882,130.051056
165463.728630,148.008621,15.946289,129.806824
165463.769926,148.134003,15.875504,130.005707
165463.811222,148.246094,15.845718,130.030289
165463.852517,148.469284,15.656235,130.059570
165463.893812,148.122818,15.961029,129.937286
165463.935107,148.069092,16.099350,129.890152
165463.976401,147.867676,16.092422,129.769791
165464.017696,147.992661,16.063217,129.408752
165464.058989,148.132736,15.951660,129.465744
165464.100285,148.219620,16.134857,129.632431
165464.141580,148.290787,16.183472,129.940659
165464.182874,148.220657,15.923035,129.697113
165464.224171,148.069992,16.215561,129.755371
165464.265465,148.043686,16.070358,129.900177
165464.306761,148.091537,16.118942,129.657806
165464.348054,147.829758,15.935669,129.527847
165464.389350,148.155991,15.770538,129.162704
165464.430644,148.277069,16.065521,129.557968
165464.471939,148.087082,16.097412,129.683578
165464.513233,148.215775,16.007904,129.534531
165464.554528,147.954193,16.261993,129.689972
165464.595824,148.294113,16.076920,129.697083
165464.637117,148.149963,16.142883,129.701294
165464.678412,148.054352,16.236877,130.027939
165464.719708,147.869583,16.259735,129.744629
165464.761004,148.002823,16.076202,129.957092
165464.802301,147.944077,16.060745,129.739273
165464.843598,148.059052,16.256516,129.523666
165464.884893,147.807434,16.356354,129.933075
165464.926191,147.948563,16.177032,130.132278
165464.967487,148.035095,16.179596,129.907898
165465.008782,148.172928,15.964340,129.967407
165465.050078,148.399796,16.212036,129.602173
165465.091376,148.136261,16.084396,129.624191
165465.132670,148.050446,16.237015,129.523071
165465.173965,148.074707,16.243134,129.717621
165465.215261,148.028320,16.042007,129.686951
165465.256558,148.144440,16.192673,129.703857
165465.297855,148.003265,16.003464,129.631866
165465.339148,147.893890,16.067749,129.679352
165465.380441,147.967407,16.285217,129.665176
165465.421736,148.094879,16.213943,129.536163
165465.463031,147.945572,16.215729,129.727432
165465.504325,148.224777,16.446655,130.001724
165465.545620,148.055679,16.275314,129.893906
165465.586917,148.024902,16.248123,129.734253
165465.628215,148.061172,16.209885,129.817673
165465.669511,147.997925,16.186188,129.902359
165465.710806,148.115524,16.119049,129.810394
165465.752101,148.072449,16.047516,129.382416
165465.793396,148.083450,16.065735,129.335236
165465.834688,147.982986,16.199005,129.496307
165465.875980,148.014908,16.200607,129.533325
165465.917271,148.064651,16.076035,129.414902
165465.958564,148.112961,16.077576,129.786697
165465.999857,148.010284,16.063553,129.652985
165466.041152,147.955292,15.922928,129.984573
165466.082447,148.063599,16.001678,129.698471
165466.123742,148.189819,16.178543,129.790909
165466.165036,147.878281,15.962723,129.484085
165466.206333,147.941162,16.131195,129.825150
165466.247628,148.006577,16.284225,129.913132
165466.288922,147.910812,16.078461,129.736923
165466.330218,147.842804,16.063309,129.740814
165466.371515,147.881195,16.126205,129.864365
165466.412811,148.056122,16.033356,129.710983
165466.454105,148.026382,15.791397,129.893753
165466.495400,148.134277,16.032669,129.896881
165466.536694,148.198181,16.068832,129.967300
165466.577987,148.141251,16.082855,129.774811
165466.619280,147.944778,16.213028,129.505341
165466.660574,148.156296,16.274323,129.888336
165466.701868,148.040039,16.398346,129.926880
165466.743164,148.103546,16.091064,129.575729
165466.784457,148.128281,16.204880,129.719910
165466.825750,148.116226,16.005890,129.848465
165466.867043,148.097778,15.851532,129.868851
165466.908335,148.068207,16.113922,129.888229
165466.949629,148.050415,15.934998,129.753677
165466.990924,148.182449,16.059601,129.553299
165467.032216,148.195114,15.927704,129.502823
165467.073506,148.032486,16.172989,129.813538
165467.114798,147.957153,15.790024,129.498047
165467.156093,148.145081,15.926544,129.638397
165467.197385,147.898392,16.175034,129.663910
165467.238677,148.296951,16.069336,129.376602
165467.279972,148.081116,16.169373,129.567566
165467.321268,148.107742,16.062256,129.739502
165467.362562,148.161865,16.106293,129.581772
165467.403857,148.225876,16.190430,129.651306
165467.445152,148.085098,16.395004,129.789474
165467.486447,147.957703,16.352264,129.619629
165467.527741,147.946671,16.068909,129.820587
165467.569037,147.976364,16.515060,129.416351
165467.610330,148.003250,16.278351,129.617462
165467.651625,148.010391,16.206650,129.471939
165467.692920,147.793762,16.108871,129.499496
165467.734214,147.994370,16.262680,129.723694
165467.775507,148.076431,16.291168,129.834854
165467.816801,148.017883,16.287323,129.609161
165467.858095,148.078156,16.491028,129.596573
165467.899390,148.227936,16.138611,129.821915
165467.940685,148.356262,16.145737,129.884766
165467.981978,148.179001,16.041565,129.776276
165468.023272,148.052048,16.159927,129.528091
165468.064567,147.997360,16.213348,129.404099
165468.105860,147.913605,16.136276,129.810333
165468.147155,147.860107,16.201431,129.687836
165468.188450,148.068481,16.022797,129.634995
165468.229744,147.952011,16.173218,129.881470
165468.271038,148.009720,16.186356,129.745865
165468.312331,147.679504,16.253250,129.292374
165468.353624,147.900696,16.184357,130.140289
165468.394918,147.889069,16.299896,129.684830
165468.436212,148.005081,16.374710,129.582748
165468.477506,148.059814,16.291901,129.739685
165468.518802,148.058899,16.295624,129.575195
165468.560097,148.132568,16.259064,129.677490
165468.601391,148.085373,16.262192,129.539688
165468.642686,148.163712,16.136688,129.467392
165468.683977,147.839371,16.417511,129.619034
165468.725269,148.041931,16.101883,129.559341
165468.766560,147.928467,16.164429,129.610886
165468.807853,147.752533,16.167816,129.505005
165468.849148,147.793823,16.363007,129.289169
165468.890442,147.906052,16.325546,129.526398
165468.931735,147.801178,16.392715,129.568512
165468.973029,147.759628,16.366272,129.645523
165469.014322,147.805634,16.346893,129.491196
165469.055616,147.806427,16.278671,129.429413
165469.096910,147.998093,16.222443,129.441437
165469.138203,148.124725,16.247040,129.746704
165469.179498,147.956421,16.387939,129.639374
165469.220793,148.008362,16.169296,129.494339
165469.262087,147.858536,16.229874,129.343460
165469.303382,147.924072,16.318390,129.528198
165469.344674,147.870407,16.258881,129.547913
165469.385968,147.857056,16.175842,129.716263
165469.427260,147.954056,16.195297,129.668701
165469.468553,147.808182,16.261536,129.488403
165469.509848,148.017014,16.239014,129.668152
165469.551139,147.910889,16.417816,129.635010
165469.592432,148.041489,16.227890,129.644058
165469.633727,147.940094,16.273315,129.693405
165469.675020,148.077377,16.348129,130.051788
165469.716313,148.080948,16.327545,129.542847
165469.757603,148.260269,15.998245,129.683853
165469.798896,148.085907,16.203598,129.614426
165469.840190,147.876740,16.243637,129.901917
165469.881483,147.955460,16.232407,129.736084
165469.922779,148.144028,16.146988,129.318069
165469.964074,147.909561,16.162048,129.615616
165470.005370,147.985779,16.201019,129.760529
165470.046664,148.060867,16.275604,129.698044
165470.087960,148.169388,16.210205,129.938065
165470.129253,148.009369,16.100922,129.342178
165470.170548,148.108322,16.147186,129.704575
165470.211844,147.938965,16.187439,129.994888
165470.253139,147.974365,16.449951,129.808014
165470.294435,147.897339,16.494156,129.923264
165470.335730,148.040085,16.293686,129.728485
165470.377024,148.233963,16.259399,129.930695
165470.418318,148.082489,16.164154,129.545288
165470.459617,147.977554,16.271454,129.725281
165470.500915,147.980011,16.222855,129.444946
165470.542213,148.029709,16.008392,129.224304
165470.583507,148.116959,16.309723,129.372604
165470.624802,147.949600,16.166046,129.796448
165470.666098,147.911011,16.337509,129.572754
165470.707391,148.088608,16.418625,129.622604
165470.748684,147.864044,16.356110,129.666779
165470.789979,147.886642,16.293518,129.721893
165470.831275,148.117874,16.101395,129.444229
165470.872572,148.005997,16.303680,129.609756
165470.913866,148.082947,16.472641,129.571411
165470.955162,148.153717,16.250397,129.713684
165470.996459,148.196487,16.365646,129.580093
165471.037754,148.252167,16.309570,129.804550
165471.079048,148.207794,16.322052,129.748184
165471.120342,148.157837,16.268250,129.904709
165471.161638,148.314560,16.355194,129.702332
165471.202931,147.915756,16.465561,129.656982
165471.244228,148.189423,16.184982,129.881256
165471.285523,148.112869,16.440094,129.448242
165471.326819,148.055832,16.240891,129.577774
165471.368118,147.976196,16.379395,129.801895
165471.409414,147.929443,16.285095,129.714355
165471.450711,148.086029,16.222443,129.643890
165471.492009,147.977310,16.334167,129.786621
165471.533305,147.945084,16.369629,129.771118
165471.574601,147.911346,16.290604,130.109787
165471.615895,147.841339,16.339478,129.828049
165471.657187,147.879471,16.281143,129.742355
165471.698477,148.309128,16.046494,130.036392
165471.739771,148.189728,16.190903,129.706390
165471.781066,148.313293,16.270676,129.635513
165471.822360,148.268646,16.006226,129.706787
165471.863652,147.997818,16.189972,129.560425
165471.904945,148.112869,16.074066,129.638306
165471.946241,147.876572,16.096634,129.353867
165471.987534,147.883759,16.333115,129.600769
165472.028826,148.129013,16.296585,129.698135
165472.070120,148.039322,16.143585,129.644241
165472.111415,147.981491,16.190338,129.647842
165472.152709,148.098190,16.090347,129.549866
165472.194002,147.904099,16.075867,129.314209
165472.235294,148.008652,15.778015,129.342865
165472.276587,148.014130,16.114700,129.349884
165472.317882,147.867340,15.916626,129.352341
165472.359174,147.896469,16.110184,129.462265
165472.400466,147.875778,15.885498,129.499725
165472.441758,147.938019,16.146667,129.482056
165472.483054,148.000931,16.036713,129.690430
165472.524349,147.920914,15.889069,129.570709
165472.565643,148.193680,15.750671,129.535645
165472.606939,148.006454,16.079941,129.812958
165472.648233,147.933609,15.896057,129.676865
165472.689527,147.875168,16.103378,129.441757
165472.730821,147.904068,15.999268,129.835068
165472.772116,147.938354,15.956604,130.031204
165472.813413,147.927933,16.056335,129.852570
165472.854707,148.013718,16.018158,129.701004
165472.896001,147.943390,15.928223,129.953522
165472.937293,147.969009,15.940399,129.560059
165472.978586,148.009262,16.097488,129.777527
165473.019876,147.800690,16.181961,130.142273
165473.061166,147.930435,16.104904,130.033340
165473.102456,147.955200,16.199646,130.039780
165473.143747,147.963699,16.155701,129.899918
165473.185038,148.028610,15.774933,129.885223
165473.226329,147.920563,16.157990,129.766037
165473.267620,148.097412,15.978500,130.122025
165473.308912,148.064316,16.013229,129.878357
165473.350200,148.019073,16.060333,129.728317
165473.391492,147.930069,16.104950,129.645569
165473.432785,147.891296,15.892273,129.509277
165473.474077,147.864395,16.185837,129.724274
165473.515371,147.933960,16.195740,129.826721
165473.556663,147.778107,16.108902,129.820923
165473.597956,148.013184,16.166534,129.840408
165473.639246,147.985519,16.177872,129.629181
165473.680538,148.024918,16.275253,129.726669
165473.721829,148.038300,16.311096,129.852737
165473.763120,147.929916,16.157455,129.789200
165473.804412,147.994064,15.878708,129.840775
165473.845702,148.084656,15.888550,129.462708
165473.886993,148.236710,15.939850,129.819351
165473.928284,148.340195,15.924255,129.836945
165473.969577,147.992615,16.085541,129.965973
165474.010868,147.966660,16.010788,129.719437
165474.052159,148.037674,16.232376,129.585571
165474.093450,148.071747,16.012344,129.579926
165474.134745,147.962143,15.760178,129.650650
165474.176037,148.106155,15.893219,129.623672
165474.217330,148.142548,16.131088,129.539337
165474.258624,147.924438,16.209549,129.376053
165474.299918,148.082245,16.242661,129.558060
165474.341211,148.132858,16.183350,129.659668
165474.382503,148.039734,16.128204,129.746872
165474.423792,148.010452,16.042786,129.443741
165474.465082,148.169510,16.017700,129.606903
165474.506374,148.165146,16.149612,129.768707
165474.547666,147.977310,16.188492,129.758987
165474.588959,148.042923,15.991943,129.835724
165474.630251,147.882675,16.115646,129.800995
165474.671544,147.794235,16.235901,129.419220
165474.712837,147.945969,16.035477,129.730591
165474.754131,147.845459,16.174622,129.723709
165474.795426,147.949326,15.934341,129.567749
165474.836722,147.865555,16.123047,129.629623
165474.878015,147.968582,16.060349,129.739685
165474.919308,147.922562,16.091797,129.874359
165474.960602,147.957291,16.026215,129.990372
165475.001900,148.137894,15.890533,129.789093
165475.043196,147.916534,16.115891,130.000702
165475.084490,147.964218,16.045898,130.055069
165475.125786,147.964264,16.153931,129.838150
165475.167083,148.141052,16.164917,130.052185
165475.208380,148.110825,15.892731,129.771866
165475.249676,148.166580,15.885986,129.813492
165475.290973,148.133606,15.941864,129.918152
165475.332270,147.933121,16.002533,129.877838
165475.373566,147.937943,16.122406,129.883850
165475.414859,148.046707,15.985672,129.739914
165475.456153,147.930862,15.941376,129.790771
165475.497449,148.063736,16.011215,130.015427
165475.538743,148.022873,15.967361,129.845383
165475.580038,148.219208,16.208389,129.922699
165475.621335,147.936432,16.469742,129.875977
165475.662629,147.908661,16.169281,129.308807
165475.703922,148.018555,15.930008,129.749268
165475.745215,148.022995,16.053360,129.707611
165475.786509,148.138351,15.932587,129.470032
165475.827803,147.816132,15.956238,129.434082
165475.869098,148.033066,15.696198,129.520172
165475.910394,148.078598,15.839935,129.568344
165475.951691,147.957748,15.846359,129.749725
165475.992986,148.228760,15.890335,130.131973
165476.034280,148.154175,15.878021,129.977631
165476.075574,148.205063,15.786346,130.047623
165476.116870,148.002914,16.176437,129.773407
165476.158167,148.058823,15.950241,129.906433
