38288.002788,154.575058,18.521103,125.219727
38288.044086,154.633484,18.328598,125.498962
38288.085385,154.685059,18.427887,125.285294
38288.126685,154.879517,18.196548,125.378586
38288.167984,154.795990,18.406723,125.540039
38288.209286,154.698013,18.475250,125.496674
38288.250584,154.851440,18.254257,125.232178
38288.291885,154.717072,18.355652,125.329758
38288.333185,154.745956,18.590607,125.163406
38288.374487,154.632736,18.579376,125.079910
38288.415786,154.680099,18.409286,125.021545
38288.457084,154.543076,18.426315,125.075424
38288.498384,154.446732,18.338608,125.220627
38288.539683,154.538284,18.474579,125.072617
38288.580983,154.778091,18.518433,125.225006
38288.622282,154.571808,18.496811,124.810242
38288.663582,154.524643,18.631271,125.142670
38288.704880,154.356522,18.533905,125.086746
38288.746181,154.594849,18.804504,125.071548
38288.787483,154.425018,18.836548,125.122711
38288.828784,154.554626,18.725037,125.034225
38288.870082,154.626083,18.723892,125.209045
38288.911380,154.563110,18.576126,125.178909
38288.952679,154.865341,18.650696,125.209885
38288.993977,154.703995,18.622803,125.293396
38289.035275,154.644104,18.476639,125.193970
38289.076576,154.650803,18.369156,125.667816
38289.117876,154.629166,18.590347,125.154465
38289.159176,154.616882,18.268219,125.284241
38289.200475,154.702576,18.429291,125.386459
38289.241774,154.797409,18.254105,125.504089
38289.283073,154.773834,18.077530,125.612823
38289.324373,154.679031,18.427078,125.348434
38289.365671,154.783234,18.255875,125.220352
38289.406968,155.017578,18.615814,125.123306
38289.448268,154.786697,18.494324,125.117584
38289.489567,154.828278,18.409210,125.132095
38289.530868,154.555847,18.643784,125.249786
38289.572170,154.645691,18.648956,125.175247
38289.613470,154.751358,18.451553,125.199875
38289.654770,154.630157,18.449387,125.169586
38289.696074,154.727356,18.478760,125.242828
38289.737377,154.673996,18.333847,125.330246
38289.778681,154.743515,18.018524,124.767883
38289.819986,154.785263,18.324402,125.348297
38289.861286,154.719589,18.194733,125.247650
38289.902585,154.885178,18.453308,125.146011
38289.943887,154.707504,18.212753,125.065903
38289.985188,154.801086,18.205658,125.054749
38290.026490,154.854340,18.210297,125.408737
38290.067792,154.931702,18.369766,125.334274
38290.109094,154.798599,18.328598,125.046524
38290.150392,154.916962,18.257370,125.266510
38290.191690,154.739304,18.277145,125.375641
38290.232990,154.746597,18.204102,125.562500
38290.274288,154.597885,18.111801,125.144073
38290.315589,154.603577,18.269501,125.161697
38290.356889,154.841293,18.027481,125.083435
38290.398190,154.805359,17.901276,125.420151
38290.439492,154.765198,18.255661,125.351501
38290.480793,154.780304,18.093933,125.231628
38290.522093,154.632690,18.199570,125.605850
38290.563393,154.679459,18.007645,125.323074
38290.604696,154.948135,18.218475,125.447281
38290.645997,154.877899,18.183426,125.217194
38290.687298,154.980225,18.183792,125.361267
38290.728600,154.876312,18.152115,125.384674
38290.769899,154.772217,18.376801,125.349487
38290.811198,154.742462,18.179901,125.398254
38290.852498,155.011627,18.569672,125.447098
38290.893799,154.972763,18.201874,125.414749
38290.935102,154.907944,18.210953,125.117203
38290.976405,155.096069,18.264328,125.073212
38291.017705,154.942902,17.852432,125.450485
38291.059006,154.900513,17.841904,125.355011
38291.100305,154.655090,18.150696,125.143951
38291.141605,154.825836,17.900848,125.360596
38291.182905,154.492050,18.095352,125.521027
38291.224203,154.717896,17.796234,125.358719
38291.265503,155.046707,17.893066,125.385681
38291.306806,154.610733,18.196701,125.399582
38291.348105,154.768112,18.154846,125.286819
38291.389404,154.830322,18.367432,125.454330
38291.430704,154.738205,17.921509,125.662674
38291.472004,154.604324,18.178452,125.721756
38291.513309,154.851257,18.112991,125.138306
38291.554612,154.710159,18.394684,125.283646
38291.595918,154.862854,17.924988,125.808090
38291.637222,154.559372,18.487717,125.350525
38291.678527,154.395050,18.418396,125.466293
38291.719831,154.789413,18.280624,125.138718
38291.761135,154.664734,18.216202,125.285995
38291.802438,154.471359,18.234497,125.312622
38291.843741,154.447037,18.128830,125.511642
38291.885046,154.482590,18.398941,125.386673
38291.926350,154.590439,18.176926,125.435745
38291.967654,154.541794,18.149261,125.278580
38292.008959,154.680710,18.335098,125.486969
38292.050263,154.591888,18.260574,125.035141
38292.091567,155.036575,18.123550,125.180252
38292.132869,154.783218,18.463104,125.255600
38292.174170,154.691696,18.212067,125.453384
38292.215471,154.863159,18.159882,125.274643
38292.256772,154.782547,18.207108,125.395187
38292.298075,154.619553,18.153488,125.184021
38292.339376,154.889679,18.327789,125.603500
38292.380677,154.464310,18.194824,125.461243
38292.421978,154.731003,18.070175,125.549866
38292.463278,154.593323,18.048157,125.336670
38292.504579,154.746399,18.422974,125.519882
38292.545882,154.527802,18.325394,125.847031
38292.587181,154.698349,18.308289,125.693619
38292.628480,154.425552,18.457031,125.319199
38292.669781,154.697876,18.468948,125.122879
38292.711082,154.519684,18.546753,125.430191
38292.752382,154.735229,18.510681,125.321442
38292.793682,154.829956,18.184875,125.340714
38292.834982,154.756836,18.467834,125.503860
38292.876283,154.705139,18.521317,125.442917
38292.917581,154.707718,18.297775,125.205887
38292.958882,154.585770,18.431778,125.393356
38293.000181,154.715973,18.325851,125.153717
38293.041479,154.600891,18.238373,125.128769
38293.082777,154.698013,18.378906,125.488083
38293.124075,154.426346,18.323471,125.263428
38293.165375,154.749573,18.090820,125.202988
38293.206674,154.640213,18.183411,125.395859
38293.247975,154.622955,18.278442,125.464096
38293.289277,154.621857,18.350906,125.318726
38293.330576,154.606216,18.253357,125.148087
38293.371876,154.730316,18.592422,125.261520
38293.413174,154.691589,18.210358,125.291107
38293.454473,154.718613,18.310989,125.360382
38293.495773,154.431915,18.264374,125.430389
38293.537073,154.799408,18.229263,125.375961
38293.578372,154.679794,18.042740,125.459183
38293.619672,154.622284,18.255264,125.475159
38293.660972,154.497650,18.265366,125.408478
38293.702271,154.557419,18.171890,125.437012
38293.743569,154.667786,18.078629,125.708313
38293.784866,154.505005,18.129440,125.670959
38293.826162,154.577301,18.264709,125.367905
38293.867459,154.514740,18.258377,125.571991
38293.908758,154.667389,18.306274,125.634003
38293.950056,154.802734,18.078247,125.783707
38293.991355,154.760406,18.068863,125.524307
38294.032652,154.855606,18.255814,125.087143
38294.073950,154.773087,18.195282,125.344559
38294.115249,154.960449,18.186249,125.364288
38294.156549,154.653732,18.125351,125.717468
38294.197849,154.686279,17.952408,125.055908
38294.239149,154.619324,18.351028,125.291214
38294.280450,154.929977,18.102020,124.933517
38294.321750,154.603104,18.309418,125.318375
38294.363049,154.842865,18.052765,125.461243
38294.404346,155.020813,17.947601,125.247330
38294.445644,155.040070,18.057190,125.368973
38294.486942,154.920502,18.242188,125.207764
38294.528238,154.860947,18.354507,125.181061
38294.569536,154.907471,18.301147,125.262848
38294.610834,154.656723,18.319916,125.127426
38294.652130,154.761993,18.374176,125.224609
38294.693426,154.815842,18.391769,125.284531
38294.734725,154.815277,18.367844,125.162720
38294.776026,154.609619,18.537903,125.340576
38294.817326,154.919678,18.410217,125.594238
38294.858621,155.100601,18.043304,125.189804
38294.899919,154.998062,18.262421,125.714539
38294.941221,154.871414,18.234726,125.334961
38294.982519,154.612152,18.021118,125.410751
38295.023817,154.693207,18.036621,125.484695
38295.065115,154.768692,18.192184,125.535217
38295.106413,154.950516,18.229156,125.506866
38295.147710,154.953049,18.000229,125.323273
38295.189007,155.064667,18.123825,125.202347
38295.230305,155.015533,18.180405,125.473175
38295.271604,154.924469,18.079147,125.300232
38295.312901,155.045120,17.993484,124.679276
38295.354200,154.957108,18.110199,124.799286
38295.395499,154.870514,18.116089,125.084763
38295.436798,154.898087,18.109665,125.099289
38295.478097,154.701828,17.979660,125.103699
38295.519396,154.912125,18.080475,125.157837
38295.560698,154.779419,18.123642,125.127045
38295.601998,154.850464,17.939682,125.176971
38295.643299,154.878723,18.079254,124.974564
38295.684598,154.804962,18.152634,124.967499
38295.725897,154.807114,18.395020,125.231598
38295.767194,154.993530,18.153809,125.395905
38295.808491,154.876450,18.046219,125.037613
38295.849788,154.725983,17.968948,124.942612
38295.891084,154.957199,18.272675,125.235657
38295.932379,155.223923,18.147629,125.079224
38295.973676,154.885361,18.418045,125.154755
38296.014973,155.182556,18.185867,125.209106
38296.056270,154.669739,18.379852,125.312195
38296.097569,154.922684,18.291916,125.340714
38296.138867,154.947556,18.281158,125.193069
38296.180163,154.787140,18.383408,125.009598
38296.221459,154.852524,18.384033,125.194473
38296.262755,154.515732,18.454071,124.997421
38296.304050,154.811142,18.351715,125.176361
38296.345346,154.600784,18.190002,125.214447
38296.386641,154.730286,18.262558,125.090347
38296.427939,154.852676,18.385818,125.061783
38296.469235,154.874847,18.402161,124.908737
38296.510530,154.880753,18.200485,125.116486
38296.551825,154.889099,18.260147,124.680725
38296.593124,154.868408,18.151932,124.790649
38296.634420,154.961868,18.213623,124.940353
38296.675716,155.034698,18.117828,125.021835
38296.717015,154.697983,18.105728,125.236450
38296.758314,154.808167,18.504974,125.219559
38296.799612,154.829056,18.394455,125.170944
38296.840913,155.001144,17.949936,124.984360
38296.882211,154.672333,18.248764,125.121109
38296.923508,154.793747,18.385071,125.352295
38296.964804,154.683334,18.435196,125.121857
38297.006103,154.798630,18.539917,124.800293
38297.047400,154.944122,18.264328,124.899734
38297.088698,154.979660,18.263275,125.409088
38297.129994,154.940125,18.324677,125.166214
38297.171291,154.923386,18.349106,124.910049
38297.212588,155.222809,18.394531,124.963531
38297.253886,155.029053,18.118546,125.091370
38297.295183,154.735397,18.268097,125.173676
38297.336479,154.934845,18.323166,125.162262
38297.377775,154.992554,18.051315,125.314896
38297.419072,154.795807,18.158417,125.176285
38297.460369,154.811798,18.363022,125.375778
38297.501669,154.938492,18.324936,125.445740
38297.542966,154.880905,18.208557,125.074692
38297.584264,155.005264,18.137589,125.099243
38297.625562,155.169861,18.209778,124.988464
38297.666862,154.823166,18.211594,125.164673
38297.708161,154.805145,18.264908,125.067413
38297.749458,154.586639,18.402679,124.888580
38297.790754,154.806534,18.414001,124.951096
38297.832049,154.904282,18.240479,124.670227
38297.873346,154.686508,18.327438,124.763870
38297.914643,154.886108,18.233597,125.414093
38297.955940,154.555161,18.326691,124.981812
38297.997239,154.468338,18.078812,124.842590
38298.038539,154.823212,18.244156,124.832733
38298.079837,154.698563,18.260605,124.773148
38298.121134,154.863998,18.225403,125.015030
38298.162432,154.863327,18.057648,124.992569
38298.203729,154.682190,18.223999,125.026718
38298.245026,154.912033,18.200409,124.889893
38298.286323,154.892288,18.166855,125.066147
38298.327621,154.680817,18.278290,124.953613
38298.368921,154.622009,18.349228,125.019363
38298.410220,154.837204,18.312469,124.580200
38298.451520,154.995224,18.342682,124.699814
38298.492816,154.938797,18.396759,124.955093
38298.534115,154.795944,18.483612,125.349564
38298.575415,154.943604,18.423660,124.696915
38298.616715,155.065979,18.211823,124.894684
38298.658011,154.956329,18.344742,124.766571
38298.699310,154.920456,18.314041,124.989990
38298.740607,154.782059,18.330551,125.132950
38298.781904,154.761642,18.322449,125.003220
38298.823203,155.060165,18.037033,125.024719
38298.864503,154.981781,18.322708,124.927979
38298.905803,155.043915,18.131424,124.973190
38298.947102,155.062317,18.255539,124.795609
38298.988399,154.906494,18.375381,124.916946
38299.029694,155.044449,18.370392,125.063553
38299.070992,154.802170,18.565613,124.987946
38299.112287,154.897629,18.505554,125.090286
38299.153584,155.019028,18.221344,125.028549
38299.194882,154.979279,18.131866,125.190048
38299.236180,154.869797,18.121948,125.472214
38299.277479,154.995346,18.261337,125.625961
38299.318778,155.207626,17.985947,125.318634
38299.360078,155.244690,18.137466,125.385468
38299.401375,155.000534,17.864456,125.617065
38299.442677,154.794525,18.216034,125.254089
38299.483978,155.010483,18.123291,125.598465
38299.525277,154.987808,18.308167,125.413727
38299.566577,155.118057,18.395508,125.388367
38299.607876,155.084137,18.129608,125.160751
38299.649175,155.042557,18.197723,125.088501
38299.690474,154.995407,18.423782,125.166794
38299.731774,155.004227,18.334396,124.902206
38299.773072,154.984650,18.342072,125.359238
38299.814371,155.222626,18.138184,125.269409
38299.855671,155.100372,18.204498,125.535355
38299.896971,155.046021,18.081009,125.335434
38299.938274,155.052597,18.101700,125.315186
38299.979575,154.826645,18.207001,125.576340
38300.020877,154.979630,18.292404,125.680634
38300.062178,155.024384,18.221756,125.192520
38300.103477,155.146652,18.251221,125.067459
38300.144779,155.066147,18.201904,125.180298
38300.186081,155.067993,18.248901,125.213516
38300.227384,154.951630,18.298981,125.627014
38300.268685,154.945007,18.382004,125.544159
38300.309986,155.139877,18.361069,125.399109
38300.351285,154.804947,18.414200,125.133865
38300.392582,154.956055,18.534409,125.215027
38300.433881,154.786270,18.443817,125.316605
38300.475182,154.974792,18.637421,125.515518
38300.516482,154.948563,18.377914,125.373001
38300.557781,154.760986,18.391556,125.242111
38300.599079,154.819321,18.423798,125.457565
38300.640377,154.721741,18.507843,126.011154
38300.681673,154.791367,18.369537,125.228500
38300.722970,154.834549,18.597626,125.423859
38300.764269,155.168823,18.331909,125.506073
38300.805566,154.853409,18.618759,125.465698
38300.846864,154.961899,18.454910,125.387360
38300.888162,154.993271,18.285934,125.176727
38300.929460,154.949524,18.334564,125.136017
38300.970756,154.815140,18.428696,125.014801
38301.012055,154.891678,18.568314,125.268585
38301.053352,154.771576,18.558762,125.285263
38301.094648,154.852203,18.598602,125.524704
38301.135943,154.825974,18.312927,125.371292
38301.177238,154.829330,18.240372,125.242264
38301.218535,154.672943,18.288376,125.445465
38301.259831,154.802383,18.392853,125.883270
38301.301126,154.625122,18.283936,125.226410
38301.342426,154.593338,18.189514,125.449448
38301.383723,154.697952,18.408417,125.530563
38301.425023,154.959915,18.558182,125.395355
38301.466321,155.079788,18.361755,125.190475
38301.507619,154.771317,18.316864,125.337250
38301.548916,154.905487,18.145599,125.302261
38301.590214,155.034561,18.222733,125.092331
38301.631513,155.110275,18.115112,125.285156
38301.672813,154.969101,18.257355,125.310364
38301.714113,154.972717,18.236969,125.306778
38301.755413,154.849716,18.291626,125.248856
38301.796713,154.739349,18.398285,125.143646
38301.838013,154.678970,18.504089,125.228287
38301.879309,154.808731,18.311874,125.289322
38301.920606,154.780045,18.387070,125.640305
38301.961902,154.642181,18.360046,125.545242
38302.003196,154.668549,18.416077,125.497635
38302.044493,154.695038,18.311951,125.462433
38302.085789,154.829987,18.399811,125.445084
38302.127088,154.703156,18.537170,125.342239
38302.168387,154.778473,18.415146,125.149094
38302.209686,154.847931,18.199875,125.350952
38302.250984,155.016327,18.252258,125.296295
38302.292283,154.928207,18.119080,124.933136
38302.333582,154.920929,18.120361,125.085541
38302.374879,154.737473,18.283890,125.201065
38302.416174,154.650620,18.161240,125.480255
38302.457472,154.628235,18.301071,125.229980
38302.498771,154.769806,18.124619,125.381851
38302.540069,154.889603,18.231537,125.469254
38302.581370,154.859665,18.144806,125.503738
38302.622671,154.774200,18.191727,125.341125
38302.663972,154.835541,18.286301,125.373550
38302.705274,154.817581,18.218140,125.160263
38302.746576,155.073029,18.378708,125.393768
38302.787877,154.957901,18.145020,125.277374
38302.829177,154.992279,18.340881,125.451004
38302.870475,155.114792,18.277969,124.853226
38302.911773,154.997177,18.189774,125.272415
38302.953072,154.885468,18.294144,125.154877
38302.994372,154.848495,18.531250,125.260880
38303.035671,155.038834,18.193283,124.957504
38303.076968,154.988327,18.215958,125.274658
38303.118267,154.966187,18.313431,125.319229
38303.159566,155.239120,18.139130,125.145966
38303.200865,154.618759,18.453995,125.478043
38303.242161,155.096161,18.337936,125.264786
38303.283457,155.175690,18.257645,125.208725
38303.324755,155.010651,18.361160,125.268356
38303.366053,155.069473,18.223801,124.944870
38303.407353,155.027969,18.314621,125.008926
38303.448651,155.022095,18.260727,125.297897
38303.489950,155.080643,18.238876,125.046722
38303.531247,155.097061,18.201538,125.064468
38303.572545,155.322937,18.318405,125.240906
38303.613843,155.068665,18.096878,125.317245
38303.655140,155.098892,17.915909,125.143356
38303.696437,155.128510,17.976730,125.459427
38303.737734,155.098724,18.005676,125.204544
38303.779033,154.935043,18.112427,125.474869
38303.820330,154.878586,18.257828,125.408585
38303.861628,154.984665,18.100082,125.402893
38303.902926,154.956039,18.414124,125.158768
38303.944223,155.131866,18.319763,125.260880
38303.985518,155.092438,18.466446,125.024689
38304.026815,155.183380,18.407089,125.248398
38304.068116,155.161636,18.361145,125.224152
38304.109415,155.135391,18.443802,125.230957
38304.150712,155.315903,18.158493,124.963440
38304.192010,155.244232,18.497910,125.106247
38304.233308,155.350845,18.440353,125.183441
38304.274604,155.006485,18.328598,125.628006
38304.315900,155.358032,18.098419,125.138412
38304.357198,155.168457,18.404404,125.389755
38304.398496,155.168716,18.396744,125.525604
38304.439797,155.344315,18.100281,125.461288
38304.481096,155.320129,18.247894,125.818359
38304.522396,155.150223,18.058517,125.141571
38304.563697,155.230545,18.281967,125.474213
38304.604995,155.426025,18.014557,125.518631
38304.646292,155.346405,18.301590,125.433578
38304.687589,155.021973,18.300552,125.374283
38304.728886,155.017487,18.328964,125.169937
38304.770184,154.985504,18.313995,125.179276
38304.811480,155.164108,18.286713,124.974258
38304.852777,155.078705,18.111633,124.856964
38304.894076,155.111984,18.115723,125.178024
38304.935374,155.067200,18.386230,125.597473
38304.976673,154.845673,18.266632,125.397354
38305.017970,155.276718,18.282608,125.348450
38305.059268,154.975113,18.312057,125.557327
38305.100568,155.085129,18.147461,125.770035
38305.141868,154.916504,18.384567,125.550949
38305.183168,155.031631,18.309036,125.463181
38305.224465,155.137894,18.401733,125.394821
38305.265761,155.060989,18.267990,125.011444
38305.307058,154.966141,18.474655,125.242905
38305.348354,154.905762,18.354691,125.189728
38305.389650,155.002838,18.379395,124.835419
38305.430950,155.080490,18.589859,124.847382
38305.472249,154.940857,18.380997,125.086609
38305.513547,154.779236,18.491043,125.067322
38305.554844,155.040878,18.263382,125.079071
38305.596143,154.967819,18.256210,124.685257
38305.637438,154.759842,18.443558,124.961182
38305.678733,154.929550,18.401627,125.135590
38305.720028,154.730682,18.538361,125.004395
38305.761324,154.764954,18.395905,125.396378
38305.802621,155.031647,18.238846,124.779083
38305.843920,155.196548,18.390503,125.477005
38305.885217,155.045486,18.319931,125.050949
38305.926514,155.016617,18.541931,124.811066
38305.967811,155.055206,18.306549,124.822433
38306.009107,154.921219,18.477234,125.167801
38306.050403,154.933884,18.339905,125.221497
38306.091696,154.899734,18.436905,124.960526
38306.132988,154.949448,18.418091,124.963455
38306.174279,155.008179,18.602356,125.465958
38306.215574,155.040878,18.363831,124.990005
38306.256866,155.027588,18.407242,124.787872
38306.298161,154.803955,18.531677,124.966827
38306.339455,154.851135,18.132996,125.215103
38306.380751,154.772415,18.352371,125.392380
38306.422046,154.870148,18.188980,125.462555
38306.463340,154.830139,18.432846,125.248596
38306.504635,154.988113,18.380051,125.026062
38306.545930,154.948807,18.655945,125.140472
38306.587223,154.899521,18.387970,125.052734
38306.628518,155.031219,18.325089,125.046921
38306.669812,154.918121,18.528488,125.023453
38306.711106,154.981262,18.565689,125.118484
38306.752401,155.064117,18.290115,124.997345
38306.793696,155.024292,18.213898,125.256439
38306.834990,154.823685,18.275742,125.042892
38306.876286,154.938675,18.285583,124.925781
38306.917583,155.092331,18.217178,124.656860
38306.958878,154.876205,18.276550,125.409195
38307.000176,154.864624,18.231125,124.759048
38307.041472,154.950836,18.385223,125.061554
38307.082765,155.032791,18.209061,125.066895
38307.124058,154.785782,18.379166,125.069885
38307.165351,154.933197,18.505875,124.695847
38307.206643,154.690323,18.292053,124.544983
38307.247937,154.952026,18.287521,124.883957
38307.289234,155.031677,18.264740,124.873032
38307.330530,155.169571,18.391983,124.843033
38307.371824,155.044937,18.515167,125.062393
38307.413120,154.874054,18.201324,124.880844
38307.454416,154.887970,18.367874,124.936615
38307.495714,154.793961,18.471313,124.804932
38307.537009,154.786331,18.416580,124.986481
38307.578305,154.582291,18.503708,125.198212
38307.619599,154.776291,18.523483,125.282715
38307.660894,154.805862,18.384277,125.375351
38307.702188,154.750305,18.250504,125.294724
38307.743483,154.699738,18.621948,125.368073
38307.784778,155.061188,18.510010,125.298203
38307.826074,155.014511,18.716721,125.522659
38307.867370,154.795959,18.479858,125.197815
38307.908667,154.915680,18.494324,125.387863
38307.949966,154.873734,18.269806,125.200821
38307.991262,154.955963,18.494614,125.154739
38308.032558,155.122482,18.692688,125.327911
38308.073852,154.933075,18.638214,125.002350
38308.115149,155.127884,18.216873,125.581711
38308.156447,155.005783,18.338181,125.487625
38308.197744,155.034027,18.324249,125.317734
38308.239040,154.937592,18.382843,125.546371
38308.280340,155.120728,18.388214,125.214142
38308.321638,154.985367,18.190567,125.252335
38308.362938,155.034378,18.500885,125.197495
38308.404238,155.113144,18.347778,125.428711
38308.445538,155.191711,18.396210,125.188446
38308.486838,155.179413,18.286972,125.236313
38308.528137,155.080948,18.421326,125.247696
38308.569438,155.109726,18.347916,125.143860
38308.610736,155.182190,18.113113,125.013260
38308.652036,155.199142,18.146667,124.972076
38308.693338,155.152939,18.394165,124.876480
38308.734638,154.905411,18.057388,124.988678
38308.775936,155.000595,18.119812,125.014008
38308.817235,155.066193,18.216721,125.000183
38308.858532,154.835434,18.252731,124.790878
38308.899829,154.944275,18.288498,125.433594
38308.941124,154.836670,18.232727,125.272385
38308.982421,154.844360,18.182587,125.397766
38309.023715,154.809479,18.348083,125.119080
38309.065012,154.883575,18.421936,125.027298
38309.106311,155.188553,18.285507,125.142105
38309.147609,155.056976,18.256607,125.111008
38309.188906,155.087189,18.192978,124.957993
38309.230203,154.959396,18.202911,125.170105
38309.271498,155.054123,18.197693,124.948547
38309.312794,154.689651,18.265900,124.903992
38309.354088,154.957153,18.097031,124.970398
38309.395384,154.756683,18.370712,125.399918
38309.436680,154.902969,18.308075,124.927368
38309.477977,154.959000,18.325287,124.982437
38309.519275,154.846680,18.119324,125.036194
38309.560572,154.968948,18.116547,124.948059
38309.601869,154.923996,18.173141,125.283569
38309.643166,154.865677,18.100433,125.411270
38309.684464,154.892105,18.223129,125.537033
38309.725762,154.803558,18.277634,125.599350
38309.767059,154.825394,18.154556,125.452271
38309.808358,154.876785,18.176392,125.170914
38309.849654,155.045609,18.024155,125.101059
38309.890948,154.821213,18.180038,125.250534
38309.932243,155.101715,18.072220,125.021851
38309.973539,154.946503,18.049271,124.790802
38310.014836,154.898300,17.961197,125.047424
38310.056135,154.957413,17.833389,124.926147
38310.097432,154.771011,17.920547,125.333832
38310.138733,154.832031,18.035599,125.017929
38310.180034,154.942368,17.939987,125.108002
38310.221334,154.880646,18.155045,125.343338
38310.262634,154.755249,18.113297,125.356567
38310.303931,154.584076,18.453415,125.276199
38310.345230,154.923462,18.394623,125.202805
38310.386529,154.777832,18.434692,125.149368
38310.427828,154.833344,18.504120,125.327896
38310.469129,154.945282,18.435928,125.471146
38310.510430,154.671432,18.402588,125.230392
38310.551730,154.778259,18.389801,125.059097
38310.593029,154.805054,18.377640,125.208786
38310.634331,154.950180,18.505661,125.285202
38310.675633,154.772354,18.288940,125.397491
38310.716935,154.866180,18.138702,125.206146
38310.758236,154.772461,18.255722,125.123169
38310.799538,154.872955,18.047241,125.525009
38310.840839,154.779556,17.985825,125.508682
38310.882142,154.692596,18.100891,125.838242
38310.923443,154.795151,18.124985,125.353973
38310.964746,154.924698,18.295547,125.502640
38311.006048,154.788010,18.263138,125.605515
38311.047350,154.970978,18.109711,125.375839
38311.088654,154.906815,18.213272,125.396133
38311.129956,155.059525,18.256195,125.171051
38311.171258,155.068680,17.917709,125.321655
38311.212561,154.974640,18.158356,125.075897
38311.253860,154.921951,18.152817,125.319168
38311.295160,154.855759,18.354004,125.584518
38311.336461,154.891556,18.308273,125.356873
38311.377760,154.630692,18.306824,125.720840
38311.419059,154.929688,18.393127,125.394272
38311.460358,154.890839,18.364609,125.496033
38311.501658,154.892914,18.016815,125.412567
38311.542957,155.010254,18.323837,125.959625
38311.584258,154.967484,18.171783,125.599747
38311.625559,154.855316,18.368866,125.728302
38311.666859,155.073135,18.399414,125.599823
38311.708160,154.879288,18.507095,125.298233
38311.749462,154.633728,18.593277,125.432068
38311.790763,154.682968,18.463989,125.345825
38311.832066,154.920532,18.514557,125.472504
38311.873371,154.851013,18.406235,125.359039
38311.914671,154.979675,18.510117,125.435699
38311.955974,154.749344,18.589981,125.632004
38311.997277,155.003723,18.209183,125.781494
38312.038579,154.753586,18.424866,125.738251
38312.079880,154.607437,18.388855,125.597336
38312.121180,154.643173,18.202255,125.798157
38312.162482,155.006058,18.126404,125.781830
38312.203783,154.918167,18.040695,125.417633
38312.245086,154.899170,18.279175,125.456818
38312.286384,154.943268,18.523117,125.624969
38312.327681,154.916138,18.480881,125.612579
38312.368980,154.828629,18.532288,125.436340
38312.410281,154.699265,18.648666,125.636108
38312.451581,154.965149,18.370850,125.689209
38312.492881,155.143921,18.369553,125.355850
38312.534182,154.822754,18.207443,125.287720
38312.575483,154.958893,18.387466,125.208359
38312.616786,154.871780,18.188492,125.453857
38312.658086,154.819672,18.234024,125.362457
38312.699387,154.603485,18.277542,125.678436
38312.740687,154.821136,18.136490,125.334030
38312.781988,154.861465,17.981140,125.060089
38312.823291,154.834793,18.091690,125.574081
38312.864594,154.740906,18.024796,125.555405
38312.905896,154.794983,18.182999,125.326935
38312.947197,154.785706,18.100128,125.318924
38312.988499,154.666733,18.166061,125.109650
38313.029800,154.764801,18.446671,125.180344
38313.071101,154.776459,18.348663,125.437637
38313.112402,154.889542,18.116531,125.231644
38313.153702,154.965347,18.333679,125.212173
38313.195005,154.794189,18.399277,125.300018
38313.236306,154.911575,18.330856,125.268494
38313.277603,154.919373,18.184525,125.273087
38313.318903,154.873383,18.254150,125.352707
38313.360199,154.941940,18.317734,125.554581
38313.401497,154.945450,18.231308,125.552872
38313.442794,154.793427,18.377350,125.505142
38313.484094,154.792114,18.040894,125.258789
38313.525390,154.778122,18.310654,125.461792
38313.566688,154.843719,18.417648,125.056046
38313.607987,155.008087,18.515472,125.447144
38313.649287,154.857925,18.481781,125.313080
38313.690583,154.780685,18.339493,124.992615
38313.731884,154.664169,18.239426,125.185883
38313.773183,154.861191,18.277573,125.235245
38313.814483,154.752075,18.424561,125.303955
38313.855784,154.604065,18.587524,125.090088
38313.897085,154.643906,18.269958,125.053680
38313.938385,154.755188,18.437256,125.574295
38313.979685,154.474304,18.515533,125.300613
38314.020983,154.661026,18.570129,125.120087
38314.062282,154.572281,18.392685,125.087555
38314.103582,154.680634,18.458633,125.780838
38314.144882,154.716370,18.455948,125.527298
38314.186182,154.716904,18.448669,125.396759
38314.227482,154.671722,18.562332,125.354095
38314.268782,154.738373,18.488953,125.261444
38314.310083,154.700531,18.327698,125.151581
38314.351383,154.673645,18.353745,125.176147
38314.392681,154.814484,18.465897,125.264313
38314.433979,154.810379,18.385529,125.210541
38314.475277,154.793716,18.333481,125.355972
38314.516575,154.714844,18.259094,125.271088
38314.557873,154.653336,18.269302,125.524887
38314.599170,154.716461,18.175400,125.595566
38314.640469,154.763474,18.224197,125.428711
38314.681771,154.743286,18.026352,125.398361
38314.723071,154.836700,17.976303,125.259918
38314.764371,154.810333,17.956390,125.374817
38314.805672,154.708817,18.151108,125.321869
38314.846973,155.002151,18.187393,125.491409
38314.888275,154.875778,18.326691,125.365234
38314.929575,154.864471,18.301834,125.238480
38314.970877,154.769592,18.325851,125.239059
38315.012180,154.634354,18.315491,125.238480
38315.053480,154.780853,18.265030,125.482452
38315.094782,154.931274,18.299698,125.331131
38315.136086,154.858002,18.110931,125.501938
38315.177390,154.650879,18.175858,125.410065
38315.218693,154.680191,18.244980,125.684326
38315.259994,154.592407,18.172272,125.317825
38315.301296,154.423279,18.260422,125.684143
38315.342599,154.790512,18.128479,125.707382
38315.383903,154.581635,18.404465,125.575897
38315.425208,154.642059,18.365982,125.548279
38315.466510,154.541489,18.367584,125.875824
38315.507813,154.736511,18.526932,125.770355
38315.549114,154.685211,18.453705,125.635605
38315.590415,154.537231,18.531693,125.814926
38315.631715,154.681732,18.377365,125.687897
38315.673015,154.731415,18.375397,125.671707
38315.714314,154.695328,18.108582,125.784592
38315.755614,154.512955,18.219345,125.501343
38315.796913,154.465164,18.175064,125.574677
38315.838215,154.513138,18.137482,125.587891
38315.879515,154.391510,18.308487,125.701523
38315.920816,154.444000,18.312653,125.591202
38315.962117,154.565109,18.123993,125.641190
38316.003419,154.519043,18.291824,125.327301
38316.044721,154.365082,18.262192,125.499283
38316.086024,154.329666,18.084610,125.661469
38316.127328,154.480408,18.402847,125.413895
38316.168631,154.547943,18.392380,125.437317
38316.209933,154.387817,18.424057,125.636780
38316.251233,154.750671,18.371689,125.509521
38316.292534,154.535110,18.172455,125.594086
38316.333834,154.517944,18.317520,125.494522
38316.375135,154.424057,18.303955,125.192032
38316.416433,154.424332,18.536301,125.251205
38316.457732,154.483948,18.077499,124.989700
38316.499033,154.509079,18.109512,125.418259
38316.540334,154.327408,18.156693,125.122986
38316.581634,154.526581,18.041840,125.000198
38316.622932,154.741806,17.968430,125.089508
38316.664230,154.632721,18.105194,125.230682
38316.705528,154.386063,17.998718,125.163040
38316.746829,154.624939,18.115936,125.460815
38316.788128,154.458832,18.320099,125.388809
38316.829426,154.381927,18.505020,125.333191
38316.870725,154.767776,18.232849,125.284164
38316.912023,154.470306,18.509186,125.270309
38316.953321,154.715714,18.269318,125.398880
38316.994619,154.715881,18.469254,125.322128
38317.035916,154.632126,18.303192,125.059387
38317.077214,154.661224,18.276718,125.205673
38317.118512,154.735901,18.288712,125.409805
38317.159810,154.586899,18.367645,125.430313
38317.201110,154.596466,18.307327,125.488403
38317.242413,154.625290,18.344986,125.293289
38317.283715,154.488922,18.169006,125.507202
38317.325017,154.585846,18.374710,125.534485
38317.366320,154.558517,18.316833,125.525620
38317.407623,154.723724,18.415894,125.345703
38317.448926,154.693420,18.374802,125.602783
38317.490228,154.547653,18.536407,124.969360
38317.531531,154.598297,18.235001,125.051376
38317.572833,154.843002,18.204834,124.960632
38317.614136,154.721146,18.297043,125.265976
38317.655437,154.681366,18.326599,125.045166
38317.696737,154.820435,18.364853,124.895432
38317.738040,154.694336,18.112717,125.080322
38317.779339,154.459366,18.199799,125.381210
38317.820638,154.690262,18.312164,125.323776
38317.861936,154.813339,18.249374,125.242783
38317.903235,154.793045,18.321579,125.391556
38317.944532,154.580368,18.329941,125.485977
38317.985831,154.731201,18.193832,125.758392
38318.027131,154.605667,18.249954,125.477448
38318.068430,154.557877,18.379074,125.162415
38318.109731,154.594513,18.349594,125.006760
38318.151031,154.626144,18.375076,125.423447
38318.192330,154.775970,18.374420,125.194611
38318.233629,154.670425,18.144455,125.345062
38318.274928,154.725998,18.325760,125.278000
38318.316225,154.860779,18.147644,125.450485
38318.357522,154.802185,18.113190,124.978577
38318.398821,154.734299,18.165527,125.234283
38318.440119,154.636063,18.378220,125.307175
38318.481419,154.590363,18.019272,125.434952
38318.522718,154.846664,18.257034,124.958160
38318.564017,154.592606,18.127518,125.125610
38318.605315,154.704895,18.059875,125.177826
38318.646613,154.508179,18.277908,125.603439
38318.687909,154.457550,18.217468,125.552536
38318.729205,154.779068,18.109741,125.398636
38318.770502,154.862839,18.249084,125.305099
38318.811799,154.936096,18.306702,125.462982
38318.853096,154.970901,18.367966,125.137787
38318.894393,154.811417,18.123596,125.359238
38318.935691,154.724884,18.408997,125.185638
38318.976987,154.678864,18.320953,125.304779
38319.018284,154.908630,18.189178,125.043640
38319.059583,154.718582,18.289551,125.488892
38319.100880,154.844849,18.143723,125.522507
38319.142179,154.785080,18.300552,125.563217
38319.183475,154.613953,18.317825,125.869247
38319.224771,155.042679,18.320374,125.526077
38319.266068,154.869415,18.251358,125.547668
38319.307366,154.668915,18.300491,125.537842
38319.348665,154.869568,18.190979,125.267853
38319.389964,154.835098,18.260635,125.283890
38319.431262,154.965530,18.225311,125.188171
38319.472563,155.027298,18.204376,125.130768
38319.513863,154.760818,18.175537,124.965942
38319.555163,154.968933,18.361282,125.475876
38319.596461,154.719940,18.550964,124.994568
38319.637757,154.700485,18.431717,125.028091
38319.679055,154.900467,18.276703,124.871841
38319.720353,154.852737,18.199234,124.952194
38319.761649,154.927170,18.240891,125.086807
38319.802945,154.956116,18.224655,125.093002
38319.844239,154.701523,18.405609,125.320541
38319.885535,154.784409,18.397797,125.022797
38319.926831,154.747253,18.171875,125.633011
38319.968132,154.924820,18.174942,125.024979
38320.009437,154.878510,18.268417,125.323135
38320.050740,154.860535,18.317139,125.296524
38320.092042,155.034195,18.242844,125.397659
38320.133345,155.023376,18.042648,125.089645
38320.174645,154.969269,18.134537,125.158081
38320.215944,155.101532,18.099304,125.081802
38320.257244,155.020157,18.176682,125.030090
38320.298540,154.840637,18.326874,125.042938
38320.339836,154.829651,18.258026,125.096329
38320.381134,154.722137,18.380569,125.086121
38320.422435,154.590942,18.294403,125.186600
38320.463736,154.687454,18.360504,125.114075
38320.505036,154.739502,18.317673,125.127563
38320.546335,154.644180,18.517685,124.991425
38320.587635,154.534805,18.264481,125.104111
38320.628932,154.583099,18.335693,124.911285
38320.670230,154.465775,18.534973,125.154861
38320.711528,154.748032,18.302048,124.973831
38320.752828,154.741684,18.507065,124.854385
38320.794128,154.723022,18.569504,125.167435
38320.835426,154.552872,18.522430,125.055618
38320.876726,154.744858,18.532394,125.074539
38320.918025,154.815674,18.394791,125.102966
38320.959326,154.715271,18.292679,125.184128
38321.000624,154.754486,18.463272,124.927124
38321.041923,154.617233,18.443359,125.164551
38321.083224,154.779221,18.221436,125.240768
38321.124520,154.884521,18.459885,125.246674
38321.165816,154.526917,18.407379,125.046127
38321.207114,154.733002,18.603546,125.146149
38321.248410,154.738220,18.256210,125.264908
38321.289707,154.643784,18.600784,125.159271
38321.331006,154.519638,18.467422,124.824768
38321.372306,154.788101,18.364334,124.910172
38321.413605,154.748047,18.470810,125.077408
38321.454903,154.726105,18.420074,124.955887
38321.496203,154.637787,18.509171,124.970825
38321.537505,154.882477,18.470688,125.105270
38321.578805,154.807785,18.445236,125.072510
38321.620103,154.707977,18.536499,125.091980
38321.661402,154.606720,18.405533,125.118164
38321.702701,154.586960,18.528610,125.128296
38321.743999,154.856247,18.265244,125.324219
38321.785299,154.633682,18.275330,124.980637
38321.826598,154.594223,18.402267,125.093872
38321.867896,154.490982,18.410156,125.468170
38321.909191,154.735672,18.496872,125.373062
38321.950485,154.581406,18.454605,125.358917
38321.991780,154.681747,18.275146,125.214386
38322.033075,154.632706,18.426483,125.157776
38322.074372,154.720673,18.250168,125.328201
38322.115672,154.536316,18.543320,124.826492
38322.156970,154.494156,18.337524,124.935181
38322.198268,154.642853,18.584229,125.132187
38322.239566,154.689957,18.344406,124.933685
38322.280864,154.780334,18.411957,125.048126
38322.322159,154.758545,18.162903,124.775757
38322.363454,154.629852,18.288284,124.982254
38322.404752,154.560959,18.359253,125.068665
38322.446049,154.462006,18.397034,125.120972
38322.487350,154.279785,18.455200,125.030273
38322.528650,154.475357,18.419632,125.396988
38322.569949,154.464600,18.629196,125.128204
38322.611247,154.692719,18.565125,125.129456
38322.652546,154.735367,18.489990,125.278625
38322.693845,154.473587,18.666336,125.322708
38322.735144,154.712646,18.538834,125.143112
38322.776446,154.708527,18.474030,125.073807
38322.817744,154.871231,18.261993,125.171188
38322.859042,154.786026,18.663269,125.171844
38322.900339,154.888641,18.538910,125.065475
38322.941636,154.767288,18.398499,125.012482
38322.982935,154.630997,18.429672,125.103638
38323.024235,154.457275,18.533859,125.041275
38323.065537,154.613251,18.279694,125.485901
38323.106839,154.624100,18.359985,124.734909
38323.148140,154.589020,18.462448,125.239609
38323.189438,154.531387,18.038895,124.901535
38323.230734,154.585754,18.424210,125.250595
38323.272028,154.578140,18.499725,125.110947
38323.313328,154.563232,18.679581,125.083252
38323.354628,154.776413,18.480438,125.179443
38323.395927,154.599136,18.353027,125.065735
38323.437225,154.643082,18.429184,125.013397
38323.478525,154.559662,18.525574,125.213730
38323.519824,154.521332,18.602295,125.259872
38323.561125,154.563110,18.577194,125.039307
38323.602422,154.572815,18.327530,125.266937
38323.643721,154.421188,18.454239,125.503143
38323.685020,154.530640,18.489502,125.304276
38323.726320,154.862274,18.285339,125.313736
38323.767615,154.529175,18.453430,125.082901
38323.808912,154.708282,18.298447,125.549927
38323.850209,154.552872,18.400497,125.556778
38323.891506,154.691849,18.432083,124.969208
38323.932805,154.620239,18.418060,125.277771
38323.974105,154.507767,18.545135,125.272552
38324.015405,154.703659,18.399414,124.991547
38324.056702,154.894485,18.276947,125.307449
38324.098000,154.773544,18.652725,125.310913
38324.139298,154.959793,18.548477,125.447433
38324.180597,154.632858,18.550110,125.028366
38324.221896,154.554703,18.472214,124.646118
38324.263197,154.457138,18.702591,124.978378
38324.304496,154.564041,18.533615,125.203995
38324.345793,154.465988,18.492859,125.374710
38324.387090,154.663666,18.510880,125.251999
38324.428389,154.806458,18.472336,125.159912
38324.469685,154.532455,18.549728,125.333664
38324.510984,154.494659,18.661407,125.388794
38324.552284,154.579514,18.473129,125.344437
38324.593585,154.784943,18.352432,125.097275
38324.634886,154.685623,18.345322,125.090973
38324.676186,154.765076,18.423721,125.379608
38324.717485,154.475235,18.605774,125.459366
38324.758786,154.557022,18.412292,125.359421
38324.800087,154.593964,18.635406,125.377609
38324.841385,154.561829,18.577286,125.501129
38324.882681,154.514648,18.248413,125.449814
38324.923978,154.713089,18.266388,125.301041
38324.965275,154.640427,18.555511,125.117126
38325.006572,154.627029,18.362396,125.364197
38325.047871,154.527725,18.443512,125.532272
38325.089167,154.418686,18.337875,125.277405
38325.130464,154.527466,18.327759,125.465363
38325.171761,154.441452,18.458481,125.338654
38325.213061,154.598251,18.361115,125.302612
38325.254358,154.677444,18.186630,125.429398
38325.295657,154.726074,18.262039,125.721710
38325.336955,154.598221,18.344681,125.424179
38325.378253,154.675217,18.461227,125.625931
38325.419552,154.867279,18.257156,125.317978
38325.460849,154.621429,18.488190,125.547272
38325.502149,154.717850,18.559158,125.127380
38325.543447,154.918716,18.325531,125.288849
38325.584745,154.785370,18.424393,125.254578
38325.626043,154.721939,18.436569,125.213150
38325.667341,154.994568,18.339844,125.379837
38325.708638,155.088303,18.239944,125.212830
38325.749936,154.851303,18.182663,125.646545
38325.791233,154.763474,18.168640,125.771652
38325.832531,154.742981,18.309967,125.350357
38325.873830,154.866470,18.220261,125.272308
38325.915128,154.851532,18.436737,125.313919
38325.956426,154.794937,18.307083,125.181549
38325.997723,154.722412,18.396317,125.377106
38326.039020,154.779587,18.394424,125.057053
38326.080317,154.633652,18.447937,125.041183
38326.121614,154.873932,18.275467,125.140060
38326.162913,154.837540,18.312057,125.066635
38326.204212,154.752716,18.279114,125.368423
38326.245511,154.664490,18.311737,125.623398
38326.286810,154.708878,18.243790,125.473724
38326.328108,154.871811,18.115311,125.377380
38326.369407,154.953003,18.213379,125.571121
38326.410705,154.935028,18.248199,125.348724
38326.452006,154.986969,18.178619,125.521591
38326.493305,154.844482,18.226974,125.639343
38326.534603,154.935242,18.255768,125.581070
38326.575905,155.054581,18.193726,125.379822
38326.617204,154.896896,18.286728,125.468353
38326.658502,155.005386,18.667587,125.600418
38326.699802,155.031158,18.366074,125.415878
38326.741100,155.027008,18.367783,124.980927
38326.782396,154.949402,18.324188,125.592041
38326.823692,155.231827,18.161636,125.676392
38326.864990,154.847397,18.225143,125.423386
38326.906289,155.019775,18.245514,125.538651
38326.947587,154.908569,18.298447,125.477020
38326.988884,154.613831,18.231949,125.351776
38327.030182,154.922302,18.214371,125.617523
38327.071482,154.757721,18.182785,125.502258
38327.112781,154.847534,18.145157,125.676834
38327.154080,154.707779,18.296982,125.644516
38327.195377,155.084900,18.223633,125.495560
38327.236674,154.818253,18.330643,125.392334
38327.277973,154.708084,18.534363,125.530838
38327.319273,154.846939,18.322403,125.330765
38327.360572,155.077042,18.087769,125.064148
38327.401871,154.847763,18.362000,125.191605
38327.443172,154.671555,18.114548,125.512817
38327.484474,154.690811,18.228928,125.581635
38327.525773,154.726624,18.139587,125.506317
38327.567071,154.544510,18.367722,125.616516
38327.608372,154.756226,18.214844,125.551392
38327.649671,154.596603,18.398865,125.635391
38327.690966,154.885361,18.220673,125.373062
38327.732262,154.936188,18.247711,125.537003
38327.773559,154.679489,18.259308,125.556564
38327.814856,154.830994,18.251633,125.382019
38327.856151,154.943771,18.266891,125.494431
38327.897447,154.709641,18.364334,125.068054
38327.938744,154.856171,18.292633,125.073990
38327.980042,154.751007,18.470108,125.190109
38328.021340,154.978745,18.065659,125.335312
38328.062637,154.787659,18.288864,125.350006
38328.103933,154.833633,18.276505,125.301376
38328.145231,154.824371,18.000961,125.574509
38328.186530,154.977417,18.128021,125.492004
38328.227830,154.803925,18.303009,125.125748
38328.269124,154.824081,18.284256,125.286224
38328.310421,154.639618,18.262390,125.318985
38328.351718,154.914932,18.269424,125.435440
38328.393015,154.911301,18.292007,125.467224
38328.434314,154.811447,18.208694,125.411743
38328.475613,154.759033,18.302292,125.298721
38328.516913,154.817017,18.541031,125.316086
38328.558212,155.038910,18.186005,125.191269
38328.599510,154.968216,18.290695,125.434952
38328.640806,154.837494,18.598145,125.259872
38328.682102,154.687820,18.346634,125.033386
38328.723398,154.747864,18.287094,125.074768
38328.764693,154.724075,18.325760,125.100296
38328.805989,154.935928,18.040237,125.415527
38328.847286,154.783524,18.305374,125.139069
38328.888585,154.777237,18.362259,125.042419
38328.929884,154.848267,18.311035,125.325882
38328.971180,154.911880,18.243088,124.942490
38329.012477,154.744614,18.428146,125.366959
38329.053772,154.983658,18.121460,124.981628
38329.095069,154.757370,18.310898,124.835129
38329.136364,154.958069,18.396362,125.153473
38329.177660,154.791779,18.345200,125.388870
38329.218959,154.904495,18.245712,125.160522
38329.260260,154.889862,18.373276,125.189148
38329.301561,154.789703,18.422653,125.218445
38329.342862,155.002106,18.361267,125.129440
38329.384162,155.004120,18.206131,125.115646
38329.425460,154.916809,18.107224,124.797592
38329.466758,154.735687,18.257248,125.182022
38329.508055,154.879715,17.897995,125.168427
38329.549350,154.949402,18.226166,125.092682
38329.590646,154.678299,18.444534,125.305649
38329.631944,154.867554,18.290817,125.332153
38329.673245,154.834686,18.251923,125.131973
38329.714546,155.003433,18.123734,125.243988
38329.755845,155.101410,18.148987,125.271729
38329.797142,154.906860,18.210144,125.353912
38329.838439,154.861603,18.206497,125.362061
38329.879735,154.782944,18.331894,125.269928
38329.921033,154.822113,18.338287,124.910416
38329.962331,154.837982,18.181549,124.929077
38330.003629,154.909683,18.430817,124.661545
38330.044927,155.062378,18.294266,124.941681
38330.086228,154.788742,18.227448,125.082901
38330.127528,154.608276,18.306152,124.844910
38330.168827,154.601151,18.332748,124.951401
38330.210126,154.691116,18.347015,124.915161
38330.251426,154.667923,18.216187,125.191162
38330.292722,154.685364,18.277832,125.194092
38330.334021,154.573502,18.536148,125.387909
38330.375320,154.669891,18.449966,125.131927
38330.416620,154.795395,18.711777,124.891754
38330.457923,154.842499,18.160172,124.911270
38330.499225,154.721375,18.423874,124.999359
38330.540527,154.773193,18.341278,125.167786
38330.581827,154.666580,18.684998,124.908188
38330.623123,154.723328,18.546082,125.016739
38330.664425,154.793869,18.665390,125.173904
38330.705723,154.692078,18.609100,125.003342
38330.747025,154.715775,18.356705,125.178604
38330.788324,154.870605,18.258453,124.661743
38330.829624,154.732376,18.281372,125.114731
38330.870925,154.568008,18.621857,125.061249
38330.912226,154.774902,18.327927,125.135895
38330.953527,154.809921,18.275406,124.979065
38330.994829,154.865753,18.236603,125.031204
38331.036130,154.898880,18.437195,124.684814
38331.077431,154.759415,18.414017,125.083527
38331.118735,154.691177,18.632278,125.035187
38331.160038,154.784485,18.187485,125.216248
38331.201342,154.962204,18.491989,125.318954
38331.242643,154.921204,18.461121,125.162048
38331.283946,154.727631,18.601883,125.116394
38331.325247,154.780441,18.253860,124.824890
38331.366551,154.747131,18.337097,125.306381
38331.407852,154.871506,18.415192,125.117050
38331.449151,154.770981,18.679993,125.153580
38331.490450,154.758041,18.459641,124.778656
38331.531751,154.742554,18.323120,125.013931
38331.573051,154.623138,18.289246,125.470718
38331.614350,154.738495,18.286926,125.238266
38331.655649,154.819992,18.394531,125.208908
38331.696951,154.749695,18.326340,125.244492
38331.738252,154.759186,18.079788,124.995239
38331.779555,154.847900,17.988022,124.948074
38331.820858,154.787704,18.258499,125.069214
38331.862160,154.806702,18.239670,125.083649
38331.903463,154.665527,18.231171,124.935211
38331.944766,154.744080,18.328629,124.739502
38331.986069,154.506851,18.414459,124.844574
38332.027372,154.713699,18.103287,124.830826
38332.068676,154.492493,18.450897,125.124664
38332.109979,154.781357,18.249130,125.063843
38332.151280,154.739075,18.533630,125.275681
38332.192583,154.777206,18.083923,124.981094
38332.233884,154.636673,18.148270,125.307404
38332.275184,154.711502,18.109756,124.900375
38332.316485,154.900970,18.291382,125.010300
38332.357785,154.990967,18.195297,124.992142
38332.399089,154.832031,18.339096,124.815887
38332.440389,154.673035,18.374329,124.832947
38332.481687,154.776978,18.336578,124.786545
38332.522985,154.814606,18.554138,124.890015
38332.564284,154.928665,18.323502,124.678238
38332.605581,154.789291,18.128784,124.697159
38332.646881,154.730728,18.311539,124.941055
38332.688183,154.752441,18.240936,125.037292
38332.729486,154.701889,18.372849,125.091034
38332.770786,154.763824,18.125229,125.162186
38332.812086,154.702194,18.156464,125.225662
38332.853385,154.921280,18.087555,125.254807
38332.894687,154.651276,18.468155,125.292633
38332.935989,154.556702,18.407928,125.046356
38332.977291,154.581818,18.412842,125.367203
38333.018593,154.809128,18.496246,125.124207
38333.059894,155.029175,18.263229,125.067398
38333.101193,154.813599,18.318497,125.029434
38333.142493,154.903320,18.143982,124.867432
38333.183793,154.880356,18.177322,124.810425
38333.225094,154.934937,18.092804,124.959778
38333.266395,154.759674,18.283112,124.835236
38333.307695,154.865463,18.325729,125.105057
38333.348996,154.691620,18.065872,125.327377
38333.390297,154.860092,18.122772,125.345993
38333.431599,154.877579,18.073776,124.937302
38333.472899,154.860168,17.822525,125.433167
38333.514198,154.937851,17.903244,125.134354
38333.555498,154.873856,17.953430,125.080093
38333.596800,154.839279,18.038040,125.341080
38333.638101,154.972015,17.966980,125.213333
38333.679402,154.983078,18.165985,125.050064
38333.720701,154.973816,17.972473,125.189453
38333.761998,154.898788,17.955704,125.344543
38333.803294,154.915070,18.295059,125.007034
38333.844593,154.844986,18.121841,125.185364
38333.885890,154.928925,18.030518,125.116180
38333.927188,155.077728,17.711655,125.072800
38333.968486,154.902420,18.055115,125.219910
38334.009783,155.105621,18.029221,125.208191
38334.051082,154.973618,18.113586,125.475067
38334.092381,154.914978,18.079010,125.647308
38334.133681,155.044174,17.770889,125.286469
38334.174980,155.077911,17.829468,125.776230
38334.216280,154.906357,17.872940,125.139603
38334.257578,154.944305,18.042252,125.362381
38334.298877,155.035080,17.924011,125.262543
38334.340178,155.036987,17.915939,125.271683
38334.381481,155.244186,17.784653,125.391327
38334.422785,154.953064,18.231842,125.370575
38334.464089,154.878067,18.158752,125.424713
38334.505393,155.016312,17.994507,125.023102
38334.546694,154.656555,18.177231,125.295074
38334.587996,154.599319,18.097382,125.120605
38334.629299,154.857193,18.076981,125.423828
38334.670598,154.621140,18.116913,125.239685
38334.711901,154.864166,18.120224,124.995911
38334.753202,154.638077,17.941742,125.332443
38334.794503,154.679901,18.152603,125.668854
38334.835802,154.717148,18.155548,125.214035
38334.877102,154.544662,18.275436,125.195816
38334.918403,154.677643,18.239777,125.456802
38334.959704,154.812515,18.108215,125.433426
38335.001009,154.884949,17.977722,125.414719
38335.042310,155.014404,18.055313,125.516129
38335.083611,155.069290,18.184631,125.030045
38335.124913,154.831467,18.234055,125.173538
38335.166215,155.043686,18.035889,125.107529
38335.207518,154.843643,18.130905,124.969086
38335.248821,154.950607,17.844971,125.149796
38335.290127,155.118698,17.958847,125.154419
38335.331429,154.915649,17.839142,125.126648
38335.372730,154.784302,17.892349,125.151962
38335.414032,154.826965,17.656372,125.154572
38335.455334,154.767792,17.763351,125.443146
38335.496637,154.929184,17.865005,125.300385
38335.537940,154.937454,18.213257,125.492340
38335.579241,155.022461,18.125977,125.074631
38335.620539,155.087326,18.009155,124.897690
38335.661835,154.899826,18.200577,125.071259
38335.703134,154.968002,18.153244,125.181473
38335.744433,154.913956,18.221161,125.065125
38335.785734,154.963470,18.384155,125.141235
38335.827032,154.936691,18.222580,125.109222
38335.868332,154.926697,18.267258,125.448303
38335.909630,154.816086,18.154861,125.711700
38335.950933,154.856537,18.149475,125.087158
38335.992233,154.770920,18.146469,124.999710
38336.033535,154.733780,18.130020,125.216522
38336.074837,154.876556,17.991623,125.426910
38336.116138,154.894440,18.259750,125.338577
38336.157441,154.986206,18.328918,125.322510
38336.198744,154.905762,18.221603,125.400299
38336.240046,154.890701,18.347336,125.347229
38336.281350,154.853989,18.118134,125.482819
38336.322653,154.738754,18.242035,125.299698
38336.363956,154.735489,18.254807,125.380981
38336.405259,154.681458,18.457779,125.258743
38336.446561,154.507095,18.300858,125.085114
38336.487862,154.684326,18.124374,125.197327
38336.529163,154.667511,18.099960,125.008423
38336.570464,154.737778,18.295639,125.202393
38336.611766,154.703247,18.202133,125.472946
38336.653068,154.689453,18.241165,125.117737
38336.694368,154.625244,18.181351,125.645996
38336.735670,154.581894,18.246994,125.506149
38336.776969,154.870682,18.125961,125.588242
38336.818267,154.702194,18.578369,125.325394
38336.859567,154.626877,18.458099,125.164047
38336.900866,154.820145,18.251663,125.043045
38336.942167,154.708862,18.304077,125.312012
38336.983467,154.808594,18.361969,125.061310
38337.024766,154.744019,18.309280,125.134354
38337.066065,154.834351,18.552032,125.059769
38337.107364,154.750961,18.165253,124.999954
38337.148661,154.752289,18.177017,125.132187
38337.189961,154.802551,18.392960,125.477936
38337.231261,154.620407,18.530090,125.345901
38337.272558,154.578873,18.345978,125.261673
38337.313856,154.586472,18.430878,125.372177
38337.355153,154.867371,18.205307,124.964920
