38134.225937,153.833252,18.189743,125.961273
38134.267238,153.777969,18.430298,125.639130
38134.308539,153.715225,18.402328,125.882736
38134.349841,153.749893,18.445679,125.851227
38134.391142,153.633286,18.605667,125.452789
38134.432447,153.835297,18.559631,125.569504
38134.473750,153.764053,18.380737,125.931366
38134.515055,153.628799,18.443878,125.768753
38134.556358,153.423904,18.920380,125.939148
38134.597659,153.661255,18.639236,125.555847
38134.638960,153.897064,18.660233,125.743469
38134.680263,153.789917,18.309128,125.714401
38134.721566,153.810501,18.385681,125.776443
38134.762870,153.864777,18.254333,125.639465
38134.804175,153.835968,18.373016,125.846191
38134.845478,153.733978,18.416046,125.885727
38134.886782,153.803818,18.346161,125.727051
38134.928085,153.640976,18.389313,125.805008
38134.969392,153.668396,18.428558,126.305634
38135.010696,153.710144,18.162689,126.057281
38135.052000,153.701080,18.242935,125.876999
38135.093301,153.823776,18.384552,125.745056
38135.134603,153.715363,18.343796,125.796478
38135.175906,153.753845,18.630692,125.448380
38135.217209,153.828140,18.376419,125.658401
38135.258513,153.630615,18.479630,125.668152
38135.299817,153.736588,18.586502,125.762344
38135.341122,153.903549,18.451294,125.724197
38135.382425,153.709457,18.556030,125.842041
38135.423722,153.700317,18.483139,125.989868
38135.465020,153.900452,18.360413,125.954330
38135.506319,153.829407,18.631393,125.772583
38135.547620,153.710709,18.455429,125.647781
38135.588920,153.910919,18.244598,125.961166
38135.630222,153.753143,18.440720,125.947632
38135.671524,153.984497,18.338959,125.934921
38135.712828,153.752136,18.354553,125.882172
38135.754131,153.786255,18.558167,125.776306
38135.795432,153.956512,18.570450,125.909821
38135.836732,153.981140,18.588135,125.877487
38135.878031,153.930069,18.320511,125.677246
38135.919330,154.075745,18.307724,125.828827
38135.960628,154.036652,18.280045,125.662048
38136.001928,153.753571,18.493057,125.814987
38136.043228,153.778885,18.266617,125.523453
38136.084529,153.962158,18.360626,125.623489
38136.125827,153.653397,18.315002,125.601868
38136.167126,153.729218,18.468323,125.821136
38136.208427,153.963745,18.324524,125.818192
38136.249727,153.821793,18.644516,125.614151
38136.291026,153.914139,18.494904,125.830200
38136.332328,153.848602,18.403976,125.726135
38136.373629,153.818039,18.564240,125.902390
38136.414931,153.724609,18.544983,125.693130
38136.456233,153.704041,18.544922,125.624771
38136.497534,153.793121,18.446960,125.776718
38136.538837,153.824219,18.380386,125.496628
38136.580138,154.050186,18.293701,125.935150
38136.621441,154.159286,18.148056,125.655838
38136.662744,153.894089,18.435852,125.568481
38136.704046,153.818649,18.343445,125.782181
38136.745346,153.727432,18.256348,125.897522
38136.786645,153.707169,18.682327,125.708618
38136.827945,153.852188,18.476318,126.062653
38136.869247,153.795059,18.486374,125.905640
38136.910548,153.744751,18.456177,125.950974
38136.951849,153.826584,18.374527,125.800110
38136.993152,153.750488,18.687714,125.792313
38137.034454,153.798065,18.582306,126.150574
38137.075755,153.747787,18.489197,125.968338
38137.117053,153.684433,18.634720,125.776596
38137.158353,153.733704,18.924011,125.768158
38137.199651,153.989380,18.330505,125.744278
38137.240948,153.566101,18.758347,125.861115
38137.282248,153.883316,18.316345,125.838226
38137.323547,153.690506,18.903015,125.784683
38137.364846,153.647797,18.601822,125.963455
38137.406146,153.764038,18.715591,125.753922
38137.447448,153.706070,18.617798,125.805267
38137.488747,153.676804,18.934418,125.875656
38137.530050,153.763504,18.662338,125.801910
38137.571353,153.640915,18.498001,125.637466
38137.612659,153.711945,18.656876,125.648956
38137.653961,153.958969,18.619049,125.835602
38137.695263,153.721191,18.727219,125.808243
38137.736564,153.722275,18.537323,125.541306
38137.777865,153.810654,18.588791,125.850784
38137.819167,153.722260,18.544983,125.389999
38137.860468,153.912033,18.407227,125.798569
38137.901767,153.700760,18.456955,125.676819
38137.943065,153.765869,18.583649,125.941757
38137.984366,153.823990,18.376526,125.652100
38138.025669,153.852951,18.219254,125.694183
38138.066975,153.721863,18.428665,125.757156
38138.108278,153.837402,18.474960,125.599503
38138.149581,153.727905,18.390976,125.595276
38138.190884,153.884735,18.581284,125.644745
38138.232186,153.770355,18.860992,125.673813
38138.273487,153.638824,18.697510,125.671265
38138.314793,153.726807,18.312881,125.453506
38138.356095,153.775620,18.689224,125.663406
38138.397396,153.903198,18.486649,125.475906
38138.438699,154.037079,18.455276,125.768860
38138.480002,153.900589,18.573761,125.696152
38138.521305,153.796051,18.437836,125.708237
38138.562607,153.823181,18.319458,125.569870
38138.603910,153.989395,18.166214,125.609344
38138.645212,153.978027,18.120911,125.639252
38138.686515,153.758774,18.236145,125.776489
38138.727817,153.816620,18.184708,125.663284
38138.769120,153.741455,18.494263,125.653778
38138.810421,153.793106,18.376648,125.743515
38138.851724,153.681320,18.648834,125.758392
38138.893027,154.244904,18.282257,125.753738
38138.934331,153.974686,18.482101,125.635315
38138.975632,153.940216,18.415283,125.908539
38139.016932,154.019760,18.591156,125.910828
38139.058235,153.819702,18.733185,125.709625
38139.099537,153.641266,18.471725,125.827621
38139.140835,153.718262,18.442444,126.047699
38139.182134,153.777176,18.296158,125.861725
38139.223433,153.895172,18.399643,125.657089
38139.264733,153.877701,18.231812,125.796051
38139.306032,153.761078,18.416855,126.029922
38139.347333,153.773422,18.215927,126.233414
38139.388634,153.918304,18.364380,126.201065
38139.429935,153.771011,18.530930,125.544388
38139.471235,153.670349,18.492126,125.536484
38139.512537,153.837524,18.464783,125.731964
38139.553837,153.914871,18.414612,125.781769
38139.595138,154.079727,18.347092,125.691483
38139.636436,154.133987,18.381882,125.408508
38139.677733,153.972504,18.497208,125.540421
38139.719033,154.007751,18.417068,125.455475
38139.760331,154.041214,18.304733,125.689621
38139.801628,153.547028,18.368179,125.568344
38139.842924,154.012650,18.305984,125.718414
38139.884220,154.129639,18.368057,125.644699
38139.925516,154.186417,18.207565,125.558823
38139.966815,154.029968,18.125168,125.892395
38140.008114,153.919785,18.643829,125.916412
38140.049413,153.872330,18.315536,125.816696
38140.090712,153.802505,18.611633,126.055557
38140.132014,154.036469,18.484009,125.867889
38140.173315,154.067810,18.653244,125.865448
38140.214616,154.112381,18.257767,125.825226
38140.255919,153.929367,18.435043,125.590073
38140.297223,153.963486,18.358109,125.424530
38140.338525,154.030594,18.235703,125.829285
38140.379828,153.756393,18.445984,125.434036
38140.421131,153.644516,18.369888,125.741364
38140.462432,154.085953,18.205551,125.398315
38140.503734,153.965424,18.235733,125.336349
38140.545034,153.771027,18.330017,125.527985
38140.586336,154.118195,18.034317,125.408615
38140.627638,154.001038,18.282806,125.396194
38140.668938,154.304672,18.266083,125.614609
38140.710239,154.285995,18.195328,125.226273
38140.751541,153.919113,18.315216,125.279144
38140.792843,154.063980,18.344772,125.262802
38140.834145,154.110458,18.284546,125.720840
38140.875448,153.703171,18.571182,125.684311
38140.916750,154.082779,18.430679,125.782272
38140.958055,153.799194,18.457123,125.357635
38140.999361,154.040253,18.429047,125.641357
38141.040665,153.799011,18.453766,125.708496
38141.081969,153.771622,18.503815,125.516541
38141.123274,153.751572,18.576431,125.249481
38141.164579,153.820892,18.279785,125.673828
38141.205883,154.047760,18.232758,125.962479
38141.247186,153.757751,18.281921,125.727905
38141.288491,153.997665,18.294693,125.806564
38141.329795,153.971161,18.465866,125.989975
38141.371099,153.948990,18.564590,125.553314
38141.412402,154.190781,18.289215,125.693436
38141.453703,153.790695,18.406921,125.578064
38141.495006,154.171051,18.525818,125.700546
38141.536308,154.125671,18.313431,125.640015
38141.577615,153.952835,18.353104,125.807083
38141.618919,153.829102,18.534485,125.658005
38141.660221,153.788803,18.358002,125.715652
38141.701525,153.785568,18.583160,125.962265
38141.742830,153.767807,18.534180,125.617218
38141.784135,153.671555,18.486313,125.524460
38141.825439,153.769775,18.535110,125.753738
38141.866740,153.689713,18.302841,125.345993
38141.908042,153.922028,18.754745,125.721985
38141.949344,153.822311,18.538406,125.576309
38141.990647,153.767990,18.718185,125.536469
38142.031950,153.732407,18.718063,125.708939
38142.073254,154.109024,18.421753,125.561035
38142.114558,153.914139,18.425919,125.385025
38142.155862,153.993240,18.338593,125.646393
38142.197164,153.875641,18.778198,125.754852
38142.238470,153.998184,18.267120,125.670792
38142.279775,153.703110,18.488495,125.804611
38142.321079,153.894516,18.485596,125.907120
38142.362383,153.801056,18.334442,125.579193
38142.403688,153.796692,18.316849,125.596405
38142.444992,153.564255,18.393082,125.491837
38142.486299,153.683334,18.449738,125.642899
38142.527604,153.839294,18.579895,125.524521
38142.568908,153.740540,18.508148,125.652313
38142.610212,153.716309,18.369827,125.672623
38142.651514,153.478653,18.501831,125.428452
38142.692819,153.625214,18.435699,125.826859
38142.734123,153.479095,18.476074,125.436447
38142.775429,153.827545,18.325302,125.580536
38142.816732,153.736420,18.423843,125.475815
38142.858035,153.669632,18.350266,125.489944
38142.899335,153.844238,18.203934,125.840607
38142.940637,153.606339,18.407120,125.817291
38142.981939,153.754364,18.302475,125.734741
38143.023241,153.679520,18.385620,125.813980
38143.064544,153.782425,18.403503,125.949921
38143.105847,153.645355,18.452194,125.538132
38143.147151,153.827164,18.365021,125.415085
38143.188454,153.712891,18.328384,125.639648
38143.229758,153.843719,18.303391,125.760818
38143.271063,153.811111,18.336182,125.712112
38143.312368,154.130051,18.292969,125.976105
38143.353671,153.876007,18.448837,125.471069
38143.394974,154.026566,18.236542,125.426834
38143.436276,153.992111,18.457520,125.374771
38143.477576,153.706177,18.337433,125.643692
38143.518878,153.990707,18.108795,125.583115
38143.560179,153.857834,18.180313,125.772018
38143.601480,153.918259,18.502045,125.748688
38143.642783,153.802292,18.388885,125.844528
38143.684085,153.790451,18.427124,125.722015
38143.725389,153.907043,18.463104,125.748962
38143.766693,153.885239,18.213928,125.749588
38143.807999,153.850754,18.516983,125.684280
38143.849307,153.989334,18.386475,125.833115
38143.890611,153.686874,18.462784,125.840424
38143.931912,153.781464,18.481033,126.031158
38143.973214,153.935074,18.798935,125.773911
38144.014520,153.901886,18.450546,125.840103
38144.055826,153.987228,18.397247,125.690308
38144.097130,153.787109,18.488922,125.654495
38144.138432,153.654312,18.562073,126.121933
38144.179734,153.922897,18.501450,125.567291
38144.221036,153.791031,18.576431,125.679581
38144.262337,153.707275,18.412140,125.888535
38144.303638,153.860443,18.485382,125.890793
38144.344939,153.881424,18.583755,126.194748
38144.386239,153.794113,18.585754,126.009674
38144.427542,153.822525,18.442963,126.386597
38144.468843,153.899246,18.482864,126.209396
38144.510143,153.746155,18.695633,126.137115
38144.551446,153.757141,18.591827,125.837418
38144.592749,153.755066,18.563904,125.821335
38144.634051,153.749176,18.574661,125.648361
38144.675353,153.559784,18.447983,126.131866
38144.716655,153.721176,18.435883,125.815979
38144.757958,153.406723,18.640244,126.024490
38144.799259,153.680054,18.848984,126.027115
38144.840562,153.878448,18.526443,126.242554
38144.881866,153.758698,18.525894,125.936996
38144.923170,153.903580,18.356644,126.238480
38144.964474,153.893677,18.365585,126.099503
38145.005775,153.671707,18.451126,126.417603
38145.047080,153.805573,18.657211,126.065598
38145.088385,153.777740,18.611877,125.762009
38145.129689,153.807404,18.443771,125.792953
38145.170994,153.782059,18.502625,126.065094
38145.212296,153.899551,18.526123,125.874573
38145.253596,153.854324,18.513687,126.057465
38145.294897,153.637604,18.523544,126.134323
38145.336200,153.773087,18.517044,126.137253
38145.377503,153.587860,18.637253,126.288712
38145.418807,153.684219,18.444260,125.804230
38145.460110,153.769104,18.685181,126.402374
38145.501412,153.552032,18.543686,126.023636
38145.542713,153.608017,18.599960,125.944916
38145.584016,153.700439,18.549347,125.975311
38145.625320,153.486404,18.524658,126.135315
38145.666624,153.606247,18.524567,126.067245
38145.707929,153.406113,18.683975,126.215424
38145.749229,153.504623,18.678101,126.248016
38145.790528,153.687958,18.728958,125.765182
38145.831831,153.644440,18.599579,126.003464
38145.873134,153.645096,18.930908,125.596863
38145.914437,153.826721,18.470062,125.686417
38145.955737,153.481293,18.612152,125.748001
38145.997038,153.671799,18.468964,125.787354
38146.038340,153.650742,18.621155,125.726288
38146.079643,153.614120,18.861572,125.891403
38146.120945,153.807449,18.603745,125.795319
38146.162247,153.558899,18.444550,126.114563
38146.203546,153.729935,18.583023,126.211121
38146.244847,153.584793,18.741714,126.055161
38146.286147,153.824142,18.448654,125.779694
38146.327448,153.489792,18.692566,125.956985
38146.368751,153.783096,18.474777,126.073715
38146.410054,153.827301,18.646988,126.262497
38146.451353,153.763489,18.578857,125.771988
38146.492655,153.854691,18.493774,125.848190
38146.533957,153.832092,18.488419,125.927826
38146.575259,153.960815,18.337784,126.013962
38146.616561,154.051865,18.270126,125.739395
38146.657860,153.750732,18.532608,125.754990
38146.699162,153.979553,18.576828,125.631805
38146.740465,153.849960,18.523209,125.924591
38146.781767,153.998642,18.332748,125.972961
38146.823070,153.832169,18.446426,125.788223
38146.864372,154.058548,18.656860,125.862289
38146.905673,153.990463,18.576004,125.855911
38146.946977,153.953568,18.545212,125.881653
38146.988280,153.779755,18.804001,125.575058
38147.029584,153.925415,18.366196,125.692978
38147.070886,153.937622,18.530029,125.764771
38147.112188,154.126877,18.431610,125.848373
38147.153491,153.855530,18.383179,125.731262
38147.194794,153.882233,18.498077,125.549835
38147.236096,153.689056,18.630997,125.603806
38147.277396,153.729828,18.521088,125.741699
38147.318697,153.847992,18.650818,125.834198
38147.359998,153.835876,18.378113,125.801590
38147.401298,153.761612,18.430054,125.804703
38147.442600,154.044800,18.635193,125.510056
38147.483902,153.972031,18.615082,125.838364
38147.525201,153.969742,18.578445,125.602249
38147.566500,153.974396,18.649643,125.926407
38147.607798,154.005173,18.613297,125.479004
38147.649100,154.006943,18.661179,125.810089
38147.690403,153.928757,18.778244,125.930649
38147.731707,153.864655,18.560730,125.696182
38147.773011,153.882538,18.662704,125.851685
38147.814311,153.855835,18.808533,125.688553
38147.855614,153.899521,18.489090,125.656509
38147.896916,153.645844,18.731033,125.897324
38147.938220,153.908691,18.523071,125.683990
38147.979524,153.834854,18.444382,125.961761
38148.020826,153.911346,18.281952,126.018646
38148.062129,153.762390,18.513855,125.804520
38148.103437,153.958969,18.664886,125.808197
38148.144740,153.759354,18.880707,125.933807
38148.186045,153.963226,18.614014,125.660095
38148.227352,153.839630,18.624451,126.102463
38148.268657,154.010147,18.647522,125.679794
38148.309961,153.779877,18.577957,125.990662
38148.351266,154.066422,18.566437,125.659531
38148.392570,154.034576,18.484512,125.523361
38148.433874,154.091797,18.356567,125.869843
38148.475178,153.887558,18.472565,125.928436
38148.516485,153.871185,18.692490,125.790543
38148.557788,154.062729,18.647141,125.967255
38148.599089,153.913559,18.506653,126.022125
38148.640392,153.714493,18.638672,125.854599
38148.681695,153.804184,18.517807,125.844788
38148.722999,153.927719,18.671432,125.876450
38148.764301,154.138046,18.714996,125.919037
38148.805606,154.021896,18.283325,125.744797
38148.846909,153.855667,18.480957,125.676392
38148.888215,154.136139,18.364792,125.646729
38148.929520,154.032806,18.471848,125.707779
38148.970821,154.140533,18.251038,125.590378
38149.012127,153.806335,18.539902,125.385468
38149.053431,154.046265,18.259766,125.515060
38149.094731,153.679855,18.554779,125.768173
38149.136032,153.700836,18.180161,125.725296
38149.177331,153.816956,18.444031,125.851486
38149.218628,153.829407,18.395065,125.805359
38149.259928,153.756042,18.464508,126.068375
38149.301228,153.895645,18.249771,125.766922
38149.342529,153.992050,18.209747,125.629883
38149.383833,153.999619,18.654282,125.599426
38149.425135,153.656601,18.487778,125.709900
38149.466436,153.867844,18.308487,125.684952
38149.507736,153.861176,18.501053,125.574066
38149.549034,154.059616,18.636429,125.537384
38149.590332,154.096939,18.360031,125.585999
38149.631630,153.960571,18.538025,125.419662
38149.672929,154.009171,18.241669,125.614349
38149.714227,154.108795,18.406189,125.835220
38149.755527,153.933319,18.545181,125.709412
38149.796827,153.995377,18.604507,125.951431
38149.838127,153.976410,18.481537,125.925949
38149.879428,153.818115,18.494568,125.995239
38149.920728,153.855789,18.510178,125.656357
38149.962027,153.909042,18.499649,126.153198
38150.003327,154.136719,18.446213,126.097397
38150.044626,154.015793,18.615280,126.071609
38150.085924,154.082703,18.436325,126.160583
38150.127224,154.174316,18.374100,126.080673
38150.168523,154.218689,18.416992,125.933548
38150.209822,154.190750,18.401581,126.234665
38150.251119,154.072876,18.514587,126.066971
38150.292416,154.000229,18.280991,125.947632
38150.333714,154.114044,18.282745,125.820938
38150.375012,154.125427,18.276749,126.086838
38150.416312,154.113449,18.474640,126.309097
38150.457610,153.991623,18.446640,126.135193
38150.498909,154.075943,18.248611,126.333282
38150.540209,154.084763,18.116776,126.338516
38150.581506,153.964340,18.541153,126.180893
38150.622807,153.959305,18.522049,126.262131
38150.664107,154.013794,18.376694,126.295609
38150.705409,154.015472,18.186554,125.962296
38150.746709,153.851929,18.370255,126.392258
38150.788010,153.818405,18.432724,126.097763
38150.829310,153.780899,18.470978,126.263458
38150.870613,154.076248,18.360657,126.028259
38150.911916,153.806152,18.418106,126.095520
38150.953216,153.971573,18.182373,126.108566
38150.994519,153.727524,18.220917,126.496506
38151.035820,153.974121,18.255386,126.376083
38151.077121,154.078400,18.299469,126.163391
38151.118421,154.002350,18.292801,126.190369
38151.159721,153.809723,18.376343,126.524216
38151.201020,153.687500,18.406891,126.609207
38151.242321,154.005905,18.611633,126.002335
38151.283621,154.041870,18.249786,125.926682
38151.324923,154.068054,18.286911,126.001251
38151.366224,154.035843,18.460419,126.039368
38151.407523,153.917740,18.329300,125.953674
38151.448823,153.978394,18.338745,126.239441
38151.490123,153.940247,18.252319,126.045105
38151.531424,154.018036,18.385132,125.828949
38151.572723,153.853241,18.494370,125.931274
38151.614023,153.943863,18.348663,125.923340
38151.655324,153.894287,18.443497,125.922653
38151.696625,153.981247,18.325195,125.694519
38151.737924,153.974304,18.142441,125.821075
38151.779225,153.958786,18.087830,126.141434
38151.820526,153.868149,18.119339,125.966278
38151.861823,153.917404,18.502792,126.100845
38151.903123,153.966202,18.311569,126.048477
38151.944424,153.800293,18.468002,125.842209
38151.985727,154.030655,18.353760,125.519043
38152.027028,153.757187,18.355118,125.946304
38152.068330,153.960968,18.341217,126.004135
38152.109628,153.985733,18.206894,125.589722
38152.150926,153.936859,18.087921,125.853424
38152.192226,153.904358,17.952698,125.524933
38152.233527,153.752777,18.450150,126.054230
38152.274824,153.835876,18.153702,126.026749
38152.316123,153.624786,18.406250,126.224136
38152.357423,153.763199,18.364136,125.835159
38152.398722,153.622040,18.287277,126.066681
38152.440021,153.593155,18.268951,125.826920
38152.481319,153.705933,18.312836,125.839691
38152.522617,153.894043,18.231995,125.728134
38152.563916,153.725388,18.197830,125.727264
38152.605214,153.621719,18.531494,125.814163
38152.646515,153.456329,18.257294,126.096085
38152.687817,153.523926,18.231750,125.799286
38152.729118,153.588638,18.537704,125.507767
38152.770420,153.640945,18.469788,125.435303
38152.811721,153.629074,18.507248,125.827072
38152.853020,153.608383,18.336411,125.910553
38152.894319,153.748016,18.527695,125.730057
38152.935617,153.848373,18.579300,125.541321
38152.976919,153.869431,18.467560,125.425201
38153.018222,153.729401,18.357346,125.897079
38153.059520,153.766159,18.307236,125.802109
38153.100821,153.583267,18.528915,126.177795
38153.142120,153.645721,18.238876,125.880035
38153.183418,153.824753,18.454773,125.999695
38153.224716,153.721497,18.409134,125.865356
38153.266016,153.909027,18.462021,125.429626
38153.307316,153.613708,18.509720,125.744583
38153.348612,153.687363,18.521301,125.998337
38153.389914,153.730713,18.362457,125.697418
38153.431212,153.457520,18.378937,125.975296
38153.472510,153.713623,18.324814,125.820679
38153.513808,153.755051,18.239182,125.693542
38153.555109,153.700989,18.375717,125.478851
38153.596409,153.638565,18.445847,125.264023
38153.637709,153.798660,18.091675,125.582611
38153.679011,153.575974,18.280289,125.801041
38153.720314,153.441605,18.153763,125.525757
38153.761619,153.501038,18.363953,125.492325
38153.802923,153.509689,18.414719,125.531464
38153.844225,153.474014,18.694016,125.417618
38153.885526,153.586151,18.368210,125.461670
38153.926826,153.569244,18.242523,125.698090
38153.968124,153.516174,18.326981,125.675507
38154.009425,153.532990,18.196686,125.720261
38154.050725,153.547409,18.165909,125.594101
38154.092025,153.564636,18.297592,125.749985
38154.133325,153.643204,18.280670,125.921631
38154.174623,153.566803,18.302902,125.749741
38154.215921,153.640381,18.249176,125.993942
38154.257221,153.559326,18.197235,125.587952
38154.298519,153.720932,18.116943,125.767502
38154.339811,153.370819,18.221512,125.737686
38154.381104,153.471954,18.245880,125.698303
38154.422399,153.568497,18.439499,125.440735
38154.463694,153.690201,18.427032,125.320312
38154.504991,153.472366,18.631989,125.796753
38154.546289,153.560593,18.571350,125.548325
38154.587589,153.745270,18.397736,125.572495
38154.628888,153.763840,18.436432,125.411362
38154.670183,153.584198,18.419846,125.656998
38154.711480,153.645096,18.336823,125.337128
38154.752776,153.670609,18.468140,125.747360
38154.794075,153.489288,18.227753,125.800659
38154.835372,153.565842,18.184372,125.424759
38154.876672,153.511780,18.367432,125.787842
38154.917971,153.455338,18.701340,125.795074
38154.959270,153.373230,18.583939,125.762863
38155.000572,153.545532,18.865845,125.817245
38155.041875,153.445206,18.638885,125.836166
38155.083174,153.514145,18.715530,125.581772
38155.124474,153.729080,18.409424,125.700439
38155.165773,153.548676,18.331879,125.555618
38155.207071,153.467758,18.090363,125.699875
38155.248370,153.572235,18.219696,125.495682
38155.289669,153.575378,18.264816,125.218750
38155.330967,153.542587,18.320740,125.557816
38155.372266,153.536072,18.225586,125.812881
38155.413565,153.526672,18.215042,125.594360
38155.454865,153.688705,18.389114,125.566956
38155.496166,153.336044,18.348495,125.461578
38155.537467,153.343079,18.455063,125.819092
38155.578767,153.322311,18.393692,125.738663
38155.620065,153.287506,18.567871,125.773941
38155.661363,153.436264,18.654053,125.947037
38155.702662,153.661972,18.255341,125.800537
38155.743961,153.515076,18.254547,125.665039
38155.785260,153.626236,18.425537,125.764053
38155.826559,153.668793,18.301834,125.809830
38155.867858,153.703384,18.384262,125.762085
38155.909159,153.696243,18.522141,125.772263
38155.950458,153.556641,18.367691,125.893463
38155.991756,153.432327,18.394257,126.001648
38156.033058,153.698959,18.229889,126.134613
38156.074360,153.505249,18.272461,125.852585
38156.115660,153.410309,18.396896,125.944626
38156.156960,153.611404,18.428406,125.741287
38156.198258,153.522873,18.423401,125.922272
38156.239559,153.450348,18.593781,125.957550
38156.280859,153.701935,18.593521,125.793564
38156.322158,153.359497,18.612610,126.000824
38156.363454,153.584366,18.691986,125.666946
38156.404754,153.285583,18.679840,125.988632
38156.446054,153.612274,18.514832,125.782471
38156.487354,153.482712,18.714920,125.785446
38156.528653,153.360672,18.662903,125.827423
38156.569950,153.823898,18.637634,125.644379
38156.611251,153.590439,18.322891,125.724152
38156.652552,153.714615,18.163193,125.676987
38156.693856,153.693298,18.350540,125.849487
38156.735157,153.695709,18.373077,125.870239
38156.776462,153.516342,18.252289,125.505722
38156.817765,153.494705,18.265442,125.660553
38156.859067,153.670029,18.377411,125.723465
38156.900368,153.474991,18.483536,125.639938
38156.941672,153.618744,18.449142,125.590012
38156.982975,153.669388,18.475876,125.687393
38157.024278,153.767609,18.411865,125.621704
38157.065581,153.562469,18.495941,125.559311
38157.106887,153.770493,18.540985,125.373413
38157.148189,153.577560,18.383591,125.619049
38157.189493,153.629883,18.349411,125.856369
38157.230793,153.522049,18.372787,125.866119
38157.272096,153.518295,18.315063,125.705765
38157.313397,153.675674,18.483536,126.053391
38157.354699,153.609680,18.327148,125.910477
38157.396004,153.605743,18.254211,125.925812
38157.437307,153.496735,18.314423,125.948868
38157.478609,153.413803,18.268021,125.829819
38157.519912,153.380142,18.296463,125.978790
38157.561214,153.606812,18.291656,125.735168
38157.602516,153.763626,18.197601,125.822052
38157.643819,153.715958,18.214279,126.063354
38157.685122,153.608734,18.347351,125.780731
38157.726425,153.575089,18.206131,125.691269
38157.767728,153.718918,18.242035,125.684189
38157.809028,153.495987,18.231552,125.534622
38157.850328,153.648438,18.035049,125.671341
38157.891630,153.646149,18.266220,125.752380
38157.932932,153.467743,18.319656,125.891251
38157.974234,153.505264,18.329788,125.969803
38158.015533,153.604172,18.224121,125.997437
38158.056833,153.626892,18.295425,125.955597
38158.098135,153.602188,18.408234,126.054489
38158.139435,153.532379,18.173798,125.875412
38158.180737,153.515610,18.324448,126.228973
38158.222038,153.662338,18.433090,126.019791
38158.263339,153.818481,18.196350,126.041672
38158.304640,153.616150,18.209091,126.029800
38158.345939,153.510880,18.254410,126.189560
38158.387241,153.517258,18.310440,125.993332
38158.428545,153.546875,18.382248,125.843430
38158.469847,153.669128,18.250076,125.822739
38158.511149,153.612274,18.330856,126.047913
38158.552452,153.712723,18.177750,126.212738
38158.593756,153.753204,18.354507,126.014252
38158.635057,153.711075,18.077255,126.003006
38158.676359,153.549698,18.222534,125.768600
38158.717660,153.799210,18.088638,125.748856
38158.758961,153.561447,18.204315,126.245285
38158.800263,153.665833,18.034836,125.828247
38158.841565,153.991776,17.965042,125.983505
38158.882867,153.976273,17.956467,125.875748
38158.924170,153.848389,18.061874,125.779434
38158.965473,153.977219,17.962448,126.095398
38159.006775,153.959717,18.148773,125.775604
38159.048078,153.981857,18.215744,125.823074
38159.089381,153.935394,17.926193,126.066055
38159.130683,153.958374,18.085098,125.845688
38159.171985,153.746933,17.957245,126.086197
38159.213287,153.883835,18.193512,125.919815
38159.254589,153.911316,18.121506,126.003036
38159.295892,153.401825,18.206497,125.649582
38159.337197,153.887939,18.104050,125.992004
38159.378500,153.656738,18.187393,125.914169
38159.419803,153.631027,18.394394,125.866821
38159.461108,153.746231,18.324280,125.950897
38159.502412,153.872467,18.230896,125.823608
38159.543715,153.621155,18.255646,125.642715
38159.585020,153.817474,17.963120,125.840347
38159.626324,153.718307,18.212372,125.491486
38159.667629,154.041290,18.032181,125.748856
38159.708932,153.824600,18.036179,125.580170
38159.750234,153.779083,18.072906,125.797409
38159.791537,153.857849,17.894669,125.593262
38159.832841,153.802200,17.965088,125.583115
38159.874145,153.869934,18.125549,125.653503
38159.915448,153.888992,18.027161,125.854553
38159.956752,153.798767,18.072250,126.004669
38159.998053,153.812485,18.121445,126.066925
38160.039353,153.891876,18.244507,125.796616
38160.080653,153.885696,18.264664,125.897446
38160.121953,153.724289,18.266220,125.948517
38160.163254,153.908997,18.025314,125.668472
38160.204555,153.935333,18.125687,125.895172
38160.245856,153.629395,18.319717,125.690155
38160.287157,153.744598,18.260590,125.552185
38160.328457,153.804779,18.073654,125.866180
38160.369758,153.627182,18.237534,125.899017
38160.411061,153.798569,18.183533,126.006073
38160.452362,153.775513,18.063843,125.813080
38160.493662,153.643890,18.065643,125.658508
38160.534965,153.767975,18.215820,125.742386
38160.576266,153.673157,18.463440,126.300095
38160.617566,153.764496,18.155914,126.143448
38160.658865,153.737747,18.582108,125.837830
38160.700164,153.563843,18.428085,125.858093
38160.741467,153.671448,18.308563,125.666550
38160.782770,153.654724,18.506317,125.570709
38160.824071,153.627640,18.322845,125.653534
38160.865374,153.630600,18.448059,125.410934
38160.906676,153.645584,18.498108,125.683380
38160.947978,153.833755,18.436600,125.734024
38160.989284,153.610916,18.265106,125.692917
38161.030587,153.566711,18.412354,125.571198
38161.071891,153.648560,18.231369,125.841324
38161.113191,153.578262,18.223816,125.790787
38161.154491,153.636215,18.377304,125.753326
38161.195794,153.626083,18.252090,125.554199
38161.237096,153.581543,18.163971,125.749603
38161.278398,153.501862,18.098495,125.545944
38161.319699,153.604187,18.198532,125.445068
38161.361001,153.636246,18.336288,125.684814
38161.402304,153.552170,18.308578,126.044159
38161.443606,153.791077,18.051926,125.909195
38161.484907,153.559540,18.223099,125.598999
38161.526208,153.993362,18.177811,125.491470
38161.567508,153.782852,18.133865,125.754593
38161.608809,153.708450,18.123932,125.442963
38161.650110,153.835754,17.967255,125.452164
38161.691409,153.690948,18.267853,125.651825
38161.732707,153.637115,18.487289,125.787033
38161.774006,153.929153,18.114914,125.936722
38161.815304,153.639175,18.064148,125.688004
38161.856605,153.728363,18.323074,125.711960
38161.897908,153.824448,18.444122,125.544708
38161.939207,153.734589,18.175613,125.501556
38161.980510,153.613770,18.289368,125.436066
38162.021815,153.671127,18.230057,125.470108
38162.063118,153.546143,18.419342,125.494644
38162.104418,153.657379,18.294556,125.518112
38162.145719,153.492783,18.329590,125.409821
38162.187024,153.770477,18.059036,125.390610
38162.228328,153.982224,18.018890,125.575867
38162.269629,153.626709,18.117523,125.473297
38162.310931,153.947693,17.951797,125.878250
38162.352233,154.041901,18.042603,125.346146
38162.393533,153.982864,18.158752,125.167587
38162.434835,154.045410,17.989609,125.586777
38162.476134,153.997437,17.961670,125.580429
38162.517434,153.790726,18.023438,125.760361
38162.558736,154.003784,18.091217,125.774475
38162.600040,154.006088,18.210617,125.715439
38162.641344,154.014923,17.955017,125.773895
38162.682648,154.030563,18.267273,125.820572
38162.723948,153.879333,17.973343,125.649414
38162.765250,154.026581,17.996002,125.550064
38162.806552,153.958145,17.955444,125.619812
38162.847852,153.984970,18.108154,125.236725
38162.889154,154.013046,18.142273,125.544815
38162.930454,153.852493,18.042542,125.660522
38162.971756,154.074631,17.937759,125.479355
38163.013058,153.883255,18.219788,125.441330
38163.054364,153.807709,18.004776,125.754745
38163.095668,153.784363,18.201080,125.687851
38163.136971,153.772293,18.379715,125.781281
38163.178275,153.772003,18.181046,125.724884
38163.219581,153.781540,18.402054,125.767670
38163.260886,153.803207,18.407837,125.629166
38163.302190,153.996902,18.112381,125.536224
38163.343494,153.693100,18.384018,125.887955
38163.384799,153.880096,18.271896,125.826981
38163.426103,153.846436,18.354767,125.832993
38163.467408,154.137772,18.033783,125.776474
38163.508714,154.104156,18.256622,125.771561
38163.550018,154.210709,17.973938,125.860809
38163.591325,154.109207,18.006729,125.793182
38163.632629,153.879120,18.344727,125.667404
38163.673930,154.192307,18.228958,125.824478
38163.715234,153.955750,18.106186,125.728607
38163.756536,153.990845,18.440811,125.806854
38163.797839,154.241470,18.410202,125.650223
38163.839138,153.852158,18.383606,125.408112
38163.880441,154.021301,18.340897,125.696838
38163.921743,154.128693,18.254166,125.614166
38163.963043,154.108002,18.235672,125.492493
38164.004344,154.152695,18.026077,125.634628
38164.045647,154.029999,18.271332,125.712662
38164.086950,154.084167,18.224472,125.841949
38164.128254,153.928909,18.335251,125.873093
38164.169558,153.874893,18.268402,125.552322
38164.210863,153.923141,18.366714,125.754761
38164.252165,154.288132,18.136749,125.553879
38164.293467,154.137054,18.302872,125.561264
38164.334769,153.927353,18.232437,125.945892
38164.376073,154.007080,18.074478,125.769531
38164.417376,154.007126,18.296082,125.713181
38164.458675,154.133987,18.394135,125.471008
38164.499976,153.905380,18.435684,125.334167
38164.541276,154.050125,18.282501,125.429108
38164.582577,153.712616,18.260788,125.574402
38164.623878,153.902954,18.203934,125.402069
38164.665179,153.794144,18.264847,125.266800
38164.706477,154.104706,18.179031,125.520004
38164.747776,153.943710,18.340424,125.464584
38164.789074,153.779343,18.335846,125.760742
38164.830372,153.724365,18.414978,125.541412
38164.871669,153.546509,18.312622,125.659454
38164.912966,153.704422,18.262344,125.562073
38164.954263,153.657898,18.457382,125.759018
38164.995561,153.639099,18.460190,125.562790
38165.036860,153.961700,18.457642,125.644943
38165.078160,153.706146,18.409119,125.538589
38165.119456,153.844635,18.583969,125.428024
38165.160755,153.866425,18.264084,125.774399
38165.202053,154.078094,18.266342,125.662415
38165.243350,153.940567,18.372223,125.639191
38165.284651,154.137695,18.138077,125.382416
38165.325950,154.029785,18.106125,125.454483
38165.367253,153.951416,18.164154,125.763275
38165.408551,154.108047,17.788910,125.570206
38165.449850,154.167160,17.976944,125.476242
38165.491150,153.965118,18.048462,125.760696
38165.532447,153.962891,18.308701,125.570663
38165.573750,154.049408,17.879425,125.306412
38165.615051,153.991180,18.164566,125.466064
38165.656354,154.037277,18.254944,125.536911
38165.697657,154.137512,18.227066,125.820724
38165.738960,154.309311,18.293213,125.473907
38165.780261,154.140030,18.359299,125.814667
38165.821564,154.072052,17.981857,125.821747
38165.862865,153.627426,18.393600,125.680099
38165.904166,153.731628,18.319031,125.533279
38165.945469,154.018326,18.085678,125.482147
38165.986769,154.105423,18.211685,125.399475
38166.028071,154.119949,18.131119,125.528183
38166.069371,153.911148,18.257736,125.502457
38166.110673,153.913544,18.340759,125.871872
38166.151976,154.007965,18.037857,125.868515
38166.193274,153.877411,18.240570,126.178558
38166.234574,153.964859,18.205872,125.495255
38166.275876,154.104507,18.296829,126.209961
38166.317178,154.216949,18.287369,125.446533
38166.358482,153.806152,18.327225,125.436462
38166.399785,154.011185,18.177490,125.581421
38166.441085,154.022537,18.199753,125.664520
38166.482388,153.999207,18.264236,125.425491
38166.523692,154.205902,18.223282,125.534561
38166.564993,154.193863,18.177902,125.504288
38166.606294,154.107971,18.152161,126.119095
38166.647594,154.029282,18.193268,125.955887
38166.688894,153.980576,17.912933,125.720016
38166.730196,153.968201,18.121414,125.969742
38166.771498,153.940750,18.345337,125.700958
38166.812803,153.823273,18.140656,126.003510
38166.854105,153.779846,18.257629,126.137405
38166.895408,153.949020,18.370697,126.044846
38166.936710,154.230164,18.275879,125.985107
38166.978013,153.866974,18.372452,125.963715
38167.019318,154.014175,18.278076,125.750183
38167.060617,154.133942,18.379425,125.835327
38167.101917,154.033371,18.378021,125.423141
38167.143217,153.979111,18.338043,125.568695
38167.184518,153.995422,18.261124,125.495239
38167.225820,154.220871,18.169876,125.206314
38167.267121,153.973663,18.511963,125.491364
