161882.723741,143.855530,11.083801,125.435638
161882.765028,143.790878,11.103638,125.420029
161882.806316,143.828857,10.897018,125.410690
161882.847605,143.806946,10.848633,125.381851
161882.888893,143.810486,11.036545,125.373505
161882.930180,143.676590,10.711609,124.992111
161882.971469,143.879257,10.795700,125.355347
161883.012756,143.903976,10.917358,125.193329
161883.054043,143.894623,10.787949,125.601471
161883.095329,143.738419,10.854507,125.477188
161883.136616,143.977463,10.791641,125.354904
161883.177900,143.863647,10.906052,125.438858
161883.219189,144.026535,10.742126,125.276199
161883.260474,143.947968,10.936218,125.201385
161883.301762,143.706909,11.055084,125.497742
161883.343049,143.708878,11.074585,125.184219
161883.384333,143.836990,10.946976,125.000732
161883.425618,143.889755,10.793457,125.273087
161883.466904,143.769608,11.129608,125.333389
161883.508189,143.837418,11.022507,125.091431
161883.549474,143.723022,11.126434,124.938202
161883.590756,143.705856,10.928787,125.029190
161883.632037,143.834808,11.128342,125.003632
161883.673320,143.688919,10.704605,124.872375
161883.714604,143.805252,10.810211,125.089600
161883.755887,143.787766,10.786057,124.919418
161883.797171,143.819946,11.001205,124.958786
161883.838454,143.711075,11.200363,124.943573
161883.879737,143.696793,11.149063,124.762070
161883.921019,143.786621,11.089417,124.929489
161883.962301,143.838531,11.088394,125.177368
161884.003585,143.996613,10.967270,125.178070
161884.044866,143.710480,11.090988,125.069107
161884.086147,143.918640,10.812592,124.713455
161884.127429,143.796707,11.001404,124.772171
161884.168709,143.585892,11.170410,125.071793
161884.209990,143.764771,11.059769,124.917953
161884.251270,143.725189,11.166885,124.705658
161884.292550,143.948685,11.133392,124.790909
161884.333833,143.743042,11.253967,125.057465
161884.375115,143.806625,11.050659,124.970642
161884.416397,143.685242,10.935883,124.789352
161884.457680,143.562241,10.916229,125.013626
161884.498965,143.591446,10.956253,124.771408
161884.540250,143.611389,10.887741,125.430786
161884.581535,143.704590,10.970444,125.025681
161884.622818,143.676239,11.165390,125.212494
161884.664100,143.599197,11.102295,125.267166
161884.705382,143.696091,11.272293,125.182724
161884.746666,143.625732,11.235184,125.228516
161884.787949,143.697479,11.184525,125.496719
161884.829233,143.572479,11.246094,124.999069
161884.870514,143.657394,10.986771,125.035919
161884.911797,143.666336,11.112579,125.108398
161884.953079,143.555481,11.156937,124.863419
161884.994364,143.542755,11.096512,124.971924
161885.035646,143.730652,11.130569,124.993317
161885.076931,143.714157,10.954742,124.556854
161885.118214,143.590851,11.127960,125.196976
161885.159499,143.887070,10.912781,125.280060
161885.200784,143.870407,10.881989,125.302261
161885.242069,143.824249,10.857849,125.383789
161885.283355,143.746658,10.953812,125.231567
161885.324640,143.658295,10.944138,125.202591
161885.365925,143.794067,11.378662,125.123047
161885.407211,143.574478,10.962875,125.213989
161885.448498,143.538757,11.206757,124.776825
161885.489782,143.867691,11.125397,124.928162
161885.531067,143.870239,11.089966,124.944733
161885.572352,143.692383,11.030975,124.751923
161885.613638,143.795700,11.006210,124.797592
161885.654922,143.542603,11.039368,125.214310
161885.696208,143.537384,11.036728,124.605057
161885.737491,143.530853,10.974136,124.805267
161885.778774,143.611710,11.013062,124.869965
161885.820058,143.581635,11.099213,124.923874
161885.861344,143.625702,11.060654,125.011383
161885.902629,143.426315,11.014832,125.150131
161885.943918,143.503235,11.091751,125.183365
161885.985201,143.645203,11.339127,124.933029
161886.026485,143.471161,11.291870,125.113785
161886.067770,143.416763,11.454666,125.372284
161886.109052,143.514755,11.200851,125.234024
161886.150337,143.520676,11.125168,125.257446
161886.191621,143.455902,10.836533,125.122238
161886.232907,143.518326,10.954544,125.121674
161886.274192,143.602341,11.115936,124.955322
161886.315477,143.518280,10.811615,125.098663
161886.356762,143.609863,10.902252,125.118225
161886.398046,143.573853,10.790146,125.132797
161886.439333,143.604599,10.866226,125.048462
161886.480619,143.662842,10.952011,125.157471
161886.521903,143.651382,11.025391,124.988739
161886.563184,143.760757,10.980713,125.354919
161886.604464,143.819031,11.023453,125.058868
161886.645750,143.727036,10.912643,125.559753
161886.687036,143.860947,11.076141,125.460770
161886.728322,143.749054,11.195068,125.233673
161886.769609,143.598160,11.077332,125.221634
161886.810896,143.802292,10.920914,125.391312
161886.852181,143.888870,11.102737,125.234665
161886.893467,143.813660,11.020035,125.435562
161886.934752,143.858093,11.067673,125.144821
161886.976038,143.838989,10.924561,125.174393
161887.017324,143.780075,10.931549,125.019913
161887.058608,143.786453,10.976410,125.177078
161887.099895,143.801208,10.673431,125.070709
161887.141181,143.684448,10.803513,125.288574
161887.182467,143.554611,10.806854,125.393982
161887.223751,143.554916,10.810699,125.354477
161887.265036,143.829056,10.899826,125.569275
161887.306320,143.977509,10.802338,125.231216
161887.347605,143.864319,10.924866,125.035568
161887.388892,143.881577,11.112656,125.288605
161887.430177,144.007050,11.256653,125.001236
161887.471461,143.939377,11.200104,125.184784
161887.512746,143.814224,11.169937,125.022491
161887.554030,143.794144,11.366714,125.270584
161887.595316,143.813843,11.397675,125.239288
161887.636600,143.863968,11.186462,125.283752
161887.677883,143.818222,11.093277,125.123230
161887.719169,143.674408,11.295425,124.836807
161887.760452,143.761551,11.127640,125.086868
161887.801737,144.005585,10.966644,125.012619
161887.843021,143.884491,11.154953,125.117126
161887.884305,143.731567,11.413818,125.203842
161887.925590,143.885208,11.151505,125.090012
161887.966876,143.834900,11.294876,124.908371
161888.008162,143.866394,11.243484,124.836227
161888.049450,143.882187,11.144562,124.830536
161888.090736,143.861099,11.151672,124.768326
161888.132023,143.851776,11.176758,124.770706
161888.173308,143.901077,11.212067,124.662430
161888.214594,144.049393,11.217819,124.691895
161888.255881,143.858444,11.233643,124.659622
161888.297168,143.918198,11.122223,125.021423
161888.338453,144.062378,11.102890,124.807770
161888.379741,143.802124,10.971313,124.828049
161888.421028,143.695282,10.943069,124.726547
161888.462316,143.890747,11.199142,124.590363
161888.503606,143.723587,11.205750,124.734329
161888.544898,143.888062,11.199371,124.934769
161888.586190,143.838776,11.136169,124.764236
161888.627482,143.902252,11.125320,124.885956
161888.668771,143.803467,11.199295,125.012558
161888.710058,143.828720,10.944519,124.703537
161888.751345,143.630081,11.075134,124.709412
161888.792631,143.762482,11.164093,125.008194
161888.833920,143.745132,11.236115,125.051208
161888.875206,143.493073,11.415939,125.039230
161888.916489,143.788147,11.258148,125.131836
161888.957774,143.665680,11.136185,125.032089
161888.999060,143.579605,11.155579,124.791016
161889.040345,143.491867,11.294205,124.878113
161889.081629,143.850769,11.125504,124.991592
161889.122912,143.741486,11.172150,124.982803
161889.164197,143.449188,11.160934,125.276718
161889.205482,143.479324,11.173523,124.993179
161889.246769,143.324631,11.154327,125.084305
161889.288055,143.687057,11.171799,124.921906
161889.329340,143.486664,11.247879,125.182953
161889.370623,143.594269,11.365494,124.673935
161889.411909,143.560364,11.130066,124.890671
161889.453192,143.492462,11.270599,124.918152
161889.494475,143.333481,11.409592,125.144424
161889.535760,143.390015,11.271973,124.758255
161889.577046,143.485687,11.173019,124.722214
161889.618330,143.577484,11.277908,124.642639
161889.659617,143.480408,11.158615,124.588181
161889.700902,143.392380,11.286758,124.490158
161889.742188,143.443039,11.318420,124.958939
161889.783473,143.424438,11.255646,124.576691
161889.824762,143.405701,11.339966,124.723373
161889.866050,143.415039,11.192825,124.328629
161889.907338,143.266037,11.136078,124.651031
161889.948626,143.431183,11.279495,124.432632
161889.989914,143.545395,11.244827,124.612411
161890.031201,143.677353,11.147095,125.041046
161890.072490,143.600372,11.233719,124.724625
161890.113778,143.565887,11.272736,124.799026
161890.155064,143.742905,11.159241,124.850235
161890.196351,143.388947,11.223923,124.735367
161890.237636,143.578918,11.161728,124.611603
161890.278923,143.530518,11.142273,124.850327
161890.320211,143.662354,11.301575,124.847870
161890.361500,143.500870,11.204544,124.914352
161890.402788,143.550537,11.148438,124.917877
161890.444074,143.642151,11.323318,124.850876
161890.485358,143.791183,11.223587,124.882645
161890.526643,143.744705,11.177261,124.706406
161890.567929,143.747833,10.934052,124.710648
161890.609214,143.810699,11.238678,124.724792
161890.650497,143.742172,11.050537,124.631958
161890.691780,143.721619,11.113602,124.887527
161890.733068,143.554276,10.996643,124.566345
161890.774356,143.708786,11.307358,124.896408
161890.815644,143.618149,11.326584,124.738998
161890.856932,143.562775,11.483246,124.836624
161890.898225,143.641205,11.284622,124.598740
161890.939515,143.654053,11.406448,124.734894
161890.980801,143.420898,11.302338,124.542725
161891.022090,143.504166,11.243332,124.756653
161891.063378,143.830017,11.287277,124.612762
161891.104669,143.577545,11.235718,124.513962
161891.145961,143.713455,11.188660,125.024490
161891.187252,143.710220,11.106369,124.535812
161891.228541,143.584549,11.081940,124.576599
161891.269829,143.647385,11.047241,124.560760
161891.311118,143.599182,11.082581,124.906311
161891.352407,143.493546,11.279404,125.043213
161891.393697,143.708130,11.122345,124.913162
161891.434986,143.565506,11.364914,124.697723
161891.476273,143.486481,11.373093,124.844864
161891.517562,143.760117,11.247025,125.059036
161891.558852,143.723953,11.253143,124.647339
161891.600143,143.700485,11.180328,124.581711
161891.641431,143.539505,11.383560,124.696045
161891.682719,143.626495,11.342194,124.561676
161891.724009,143.530106,11.140045,124.532349
161891.765298,143.432938,11.421066,124.466675
161891.806585,143.519501,11.167221,124.452576
161891.847871,143.535248,11.361328,124.871414
161891.889158,143.699219,11.135162,124.566696
161891.930443,143.410400,11.329361,124.514923
161891.971728,143.328262,11.353287,124.624420
161892.013016,143.603348,11.095047,124.693832
161892.054304,143.367920,11.356461,124.656815
161892.095594,143.464249,11.260239,124.291687
161892.136881,143.499176,11.053955,124.597809
161892.178168,143.312607,11.134399,124.554962
161892.219455,143.454834,11.089584,124.893478
161892.260740,143.728683,11.073685,124.571487
161892.302025,143.470947,11.107910,124.517792
161892.343312,143.640045,11.205307,124.664398
161892.384599,143.344696,11.219513,124.175156
161892.425886,143.575256,11.358475,124.160446
161892.467171,143.601913,11.140915,124.454865
161892.508455,143.578247,11.253586,124.419235
161892.549739,143.603775,11.168869,124.629471
161892.591022,143.671158,11.105011,124.383377
161892.632306,143.681152,11.021637,124.258560
161892.673589,143.471848,11.084320,124.461288
161892.714874,143.717361,10.992737,124.630081
161892.756160,143.884033,10.995193,124.721680
161892.797446,143.544250,11.313675,124.668625
161892.838735,143.597549,11.279541,124.767242
161892.880021,143.793793,11.424118,124.719482
161892.921305,143.516724,11.376175,124.934296
161892.962590,143.583527,11.287842,124.527832
161893.003874,143.721848,11.209030,124.481506
161893.045160,143.670639,11.060043,124.793991
161893.086446,143.731888,11.043762,124.299088
161893.127730,143.756287,11.259918,124.643311
161893.169017,143.752472,10.989380,124.643600
161893.210304,143.674545,10.994202,124.533707
161893.251591,143.658142,11.028305,124.532455
161893.292879,143.734085,10.979233,124.638931
161893.334164,143.803894,10.973450,124.771545
161893.375453,143.890335,11.107468,125.132706
161893.416740,143.875031,11.351898,125.040665
161893.458027,143.905731,11.338593,124.843781
161893.499314,143.749374,11.101120,124.592804
161893.540602,143.935745,11.209137,124.797928
161893.581888,143.822006,11.116882,124.755783
161893.623176,143.894180,11.214630,124.805664
161893.664465,143.768478,11.168411,125.004669
161893.705748,143.802307,11.063599,124.895966
161893.747032,143.693817,10.953110,124.637863
161893.788315,143.939224,11.175980,124.734955
161893.829600,143.742798,11.210541,124.772079
161893.870886,143.679626,11.052612,124.727371
161893.912169,143.654709,11.110138,124.847382
161893.953453,143.706146,10.925247,124.719330
161893.994738,143.733704,11.161591,124.782867
161894.036025,143.853546,11.098099,124.650436
161894.077312,143.747116,11.085220,124.897720
161894.118599,143.787521,11.279648,124.922073
161894.159886,143.891907,11.168091,124.741562
161894.201171,143.833664,11.154785,124.537476
161894.242457,143.836731,11.079712,124.868256
161894.283743,143.889389,10.934875,124.976990
161894.325027,143.969284,10.930603,124.693924
161894.366314,143.840118,11.183807,124.888367
161894.407600,143.832825,10.926392,124.627426
161894.448884,144.149307,10.785461,124.557831
161894.490169,143.930008,10.953659,124.491135
161894.531455,143.935776,10.926804,124.675079
161894.572741,143.997864,10.657944,124.708191
161894.614026,143.878128,10.793869,124.397537
161894.655312,144.038605,10.824982,124.326462
161894.696598,143.902481,11.051819,124.535751
161894.737886,143.788605,10.936157,124.680878
161894.779170,143.989349,10.834061,124.436646
161894.820457,144.002579,10.824921,124.385391
161894.861744,143.971863,10.952271,124.393738
161894.903032,143.871216,10.855209,124.316116
161894.944319,144.117828,11.132416,124.574066
161894.985605,143.824203,11.441467,124.791031
161895.026892,143.798309,11.027374,124.873291
161895.068179,143.792572,10.934586,124.697968
161895.109467,143.791412,10.667816,124.841614
161895.150755,143.691559,10.794525,124.729111
161895.192045,143.890854,10.814682,124.832489
161895.233333,143.867584,10.641281,124.653275
161895.274620,143.923599,10.844940,124.755157
161895.315905,143.940140,10.704788,124.940201
161895.357191,143.868088,10.707657,124.633972
161895.398477,143.869446,10.860138,124.630463
161895.439763,143.785217,10.660416,124.481201
161895.481049,143.833984,10.787949,124.714081
161895.522333,144.036026,10.628433,124.435257
161895.563619,143.770203,10.794144,124.721069
161895.604908,143.867081,10.883362,124.929535
161895.646195,143.680344,10.911880,124.487961
161895.687483,143.612320,11.005554,124.870392
161895.728767,143.717148,10.720718,124.631577
161895.770053,143.729843,10.797150,124.605392
161895.811338,143.700058,11.090744,124.661148
161895.852624,143.517776,10.969360,124.786118
161895.893909,143.590958,10.990982,124.547562
161895.935195,143.559341,10.798401,124.510956
161895.976481,143.471802,10.991226,124.359512
161896.017766,143.694702,10.822968,124.163239
161896.059049,143.681564,11.065308,124.641327
161896.100334,143.589569,10.996078,124.786789
161896.141617,143.650055,10.972672,124.452927
161896.182900,143.703995,10.919601,124.583969
161896.224185,143.736038,11.023148,124.669922
161896.265472,143.704590,10.920044,124.713211
161896.306756,143.581924,11.127518,124.750092
161896.348039,143.544144,11.208755,124.771637
161896.389322,143.682419,11.001099,124.764847
161896.430609,143.573059,11.120117,124.709900
161896.471895,143.544266,10.977554,124.449707
161896.513182,143.787918,10.843430,124.559326
161896.554466,143.861435,11.127670,124.574387
161896.595752,143.938721,11.124756,124.881607
161896.637036,143.673843,10.717102,124.918991
161896.678320,143.952515,10.700058,124.472397
161896.719605,143.793289,10.884827,124.386124
161896.760891,143.779892,10.836212,124.183929
161896.802176,143.855164,10.864960,124.437790
161896.843464,143.772415,10.829895,124.554077
161896.884748,143.629684,10.918167,124.537842
161896.926038,143.734268,10.985306,124.449799
161896.967327,143.586273,11.252579,124.736237
161897.008617,143.815948,11.228027,124.410263
161897.049905,143.774307,11.149292,124.647293
161897.091192,143.491470,11.113358,124.457443
161897.132480,143.529633,11.025436,124.398056
161897.173765,143.977493,11.200287,124.617661
161897.215052,143.821304,11.147614,124.645706
161897.256339,143.942505,10.999161,124.779617
161897.297628,143.885956,11.149536,124.857742
161897.338917,143.925369,10.932724,124.656891
161897.380205,143.750092,10.948135,124.742493
161897.421493,143.583145,10.854950,124.472443
161897.462781,143.880829,11.138474,124.670624
161897.504068,143.738800,11.136627,124.604828
161897.545355,143.842117,10.949951,124.660385
161897.586643,143.917252,10.994492,124.632233
161897.627931,143.920303,10.964462,124.506012
161897.669217,143.763123,11.078064,124.447952
161897.710504,144.016571,11.106445,124.590805
161897.751787,143.996368,11.267120,124.714523
161897.793071,143.672668,11.225693,124.536835
161897.834355,143.736984,11.331726,124.887482
161897.875641,143.435913,11.284821,124.661469
161897.916926,143.661011,11.303055,124.286713
161897.958213,143.582977,11.473007,124.488297
161897.999499,143.903290,11.073883,124.697708
161898.040784,143.784195,11.171143,124.613602
161898.082068,143.800781,11.096664,124.698517
161898.123352,143.831482,10.897827,124.439682
161898.164637,143.825851,11.106888,124.531937
161898.205924,143.680969,11.101944,124.440887
161898.247210,143.738998,11.101501,124.529297
161898.288497,143.886200,11.169281,124.575302
161898.329783,143.874603,11.150589,124.892303
161898.371072,143.559982,11.356888,124.928055
161898.412359,143.716568,11.251343,124.643402
161898.453647,143.388016,11.366226,124.942368
161898.494935,143.635544,11.162338,124.574203
161898.536224,143.500137,11.159348,124.574432
161898.577512,143.472244,11.295914,124.563858
161898.618801,143.701309,11.072510,124.671692
161898.660090,143.588333,11.253693,124.623825
161898.701377,143.466873,11.102341,124.621323
161898.742664,143.592987,10.999695,124.857742
161898.783952,143.529938,11.146515,124.560913
161898.825241,143.495575,10.931152,124.482635
161898.866533,143.546814,11.050766,124.367767
161898.907822,143.651459,11.131531,124.564377
161898.949110,143.669632,11.114883,124.519272
161898.990396,143.730316,11.127106,124.720840
161899.031681,143.828445,11.258484,124.334732
161899.072968,143.646484,11.148560,124.430527
161899.114254,143.902451,11.074173,124.348389
161899.155540,143.711319,11.202820,124.724670
161899.196823,143.819580,10.997345,124.455902
161899.238108,143.815063,11.098221,124.407394
161899.279388,143.638275,11.095596,124.685364
161899.320671,143.688141,11.189346,124.821075
161899.361956,143.808945,10.848816,124.544464
161899.403241,143.919785,11.101639,124.596817
161899.444526,143.945023,10.988403,124.646133
161899.485813,143.922119,11.007523,124.482635
161899.527098,143.882462,10.868027,124.439240
161899.568385,143.975967,10.973511,124.836136
161899.609673,143.768600,11.183533,125.058502
161899.650963,143.733643,10.924301,124.611191
161899.692250,143.846237,10.955185,124.848373
161899.733540,143.859543,11.071518,124.864426
161899.774828,143.878174,10.956940,124.932739
161899.816113,143.807419,10.966965,125.026810
161899.857399,143.959366,10.931213,124.462173
161899.898685,143.882401,11.015381,124.743866
161899.939972,143.838211,10.979935,124.383957
161899.981262,143.703384,10.949936,124.829193
161900.022549,143.815811,10.965149,124.214798
161900.063835,143.856339,10.788193,124.669128
161900.105122,143.928192,10.842697,124.747269
161900.146408,143.637909,10.710770,124.435074
161900.187694,143.836288,10.798050,124.405975
161900.228982,143.731705,10.988113,124.474304
161900.270269,143.979294,10.910858,124.532013
161900.311556,143.852371,10.792877,124.440491
161900.352845,143.849945,10.714752,124.429855
161900.394132,143.866745,11.077255,124.732758
161900.435419,143.715302,11.128952,124.378601
161900.476707,143.794250,11.031540,124.734512
161900.517994,143.577866,11.017090,124.268768
161900.559281,143.537033,11.244904,124.739700
161900.600569,143.694778,11.132355,124.723175
161900.641855,143.762177,11.043884,124.420471
161900.683140,143.707352,11.107941,124.538132
161900.724425,143.580704,11.166702,124.336792
161900.765710,143.710663,11.000793,124.671234
161900.806996,143.557877,10.860733,124.403458
161900.848280,143.700882,10.928574,124.517212
161900.889565,143.700150,10.970108,124.704010
161900.930851,143.624084,10.964828,124.481812
161900.972135,143.736008,10.851685,124.654541
161901.013419,143.785263,10.745193,124.574097
161901.054705,143.934479,10.889511,125.065399
161901.095990,143.783951,10.919388,124.757385
161901.137273,143.684357,11.038742,124.783615
161901.178556,143.816238,10.976715,124.679962
161901.219839,143.551819,11.049774,124.461304
161901.261123,143.648514,10.739136,124.359161
161901.302409,143.603821,10.808441,124.597046
161901.343695,143.726196,11.103653,124.590805
161901.384979,143.648376,11.002243,124.467056
161901.426264,143.657364,11.057846,124.479523
161901.467548,143.613358,10.910156,124.249863
161901.508832,143.754440,10.798431,124.382767
161901.550113,143.626572,10.969543,124.706833
161901.591396,143.895157,10.948624,124.696716
161901.632679,143.644135,10.846512,124.751175
161901.673962,143.819031,10.931488,124.804535
161901.715246,143.947006,10.959183,124.310822
161901.756529,143.498917,11.192627,124.532288
161901.797811,143.678146,11.212585,124.952591
161901.839091,143.668671,11.324005,124.560287
161901.880372,143.712250,10.796005,124.680954
161901.921655,143.640640,10.876984,124.517029
161901.962938,143.805557,10.804459,124.445877
161902.004221,143.822083,10.872345,124.614456
161902.045507,143.865402,11.101776,124.398605
161902.086792,143.642120,11.041794,124.505539
161902.128078,143.935226,10.724609,124.812439
161902.169365,143.971466,10.791580,124.427185
161902.210651,143.890579,10.943069,124.541336
161902.251937,143.882965,10.874069,124.212173
161902.293227,143.998047,10.871414,124.587891
161902.334512,143.968857,10.931183,124.382141
161902.375799,143.933624,11.083771,124.735138
161902.417084,143.785400,11.093323,124.673370
161902.458372,143.906235,11.293106,124.300034
161902.499658,144.038910,11.033188,124.408020
161902.540942,143.742081,11.165115,124.317505
161902.582223,143.999573,11.283173,124.582153
161902.623506,143.750244,11.213150,124.568100
161902.664791,143.906815,11.144424,124.643738
161902.706077,143.897934,11.374634,124.646561
161902.747363,143.836365,11.103210,124.525101
161902.788646,143.887756,11.278000,124.623566
161902.829929,143.859894,11.114990,124.867584
161902.871212,143.613159,11.066376,124.963776
161902.912495,143.635300,11.009933,124.631042
161902.953778,143.690170,11.115540,124.693237
161902.995063,143.698364,11.134232,124.852524
161903.036348,143.959442,11.026932,124.864166
161903.077633,143.811371,11.021484,124.554947
161903.118917,143.860764,11.068451,124.783279
161903.160203,143.758698,11.273804,124.781754
161903.201490,143.785492,11.146042,124.904739
161903.242775,143.899597,11.146973,124.670990
161903.284060,143.799286,11.033463,124.767807
161903.325346,143.397430,11.130356,124.845963
161903.366634,143.806915,11.160797,125.049637
161903.407921,143.861374,11.050659,124.777832
161903.449207,143.752228,11.328705,124.515167
161903.490495,143.513672,11.130676,124.736816
161903.531784,144.014969,10.836319,124.637161
161903.573073,143.836411,11.086273,125.046158
161903.614362,143.880249,10.896881,124.814621
161903.655651,143.877731,11.191589,124.929749
161903.696938,143.930573,11.211533,124.552200
161903.738224,143.872559,11.180695,125.083603
161903.779509,143.965286,10.839844,124.744949
161903.820791,143.959274,11.151962,124.775909
161903.862074,143.877884,10.965668,124.900909
161903.903359,143.793106,11.221817,124.892746
161903.944641,143.963638,11.166367,124.539490
161903.985923,143.823700,11.116608,124.623993
161904.027209,143.754105,11.036057,124.672989
161904.068493,143.766052,11.042435,124.383621
161904.109778,143.705551,10.894363,124.281418
161904.151061,143.740463,11.025482,124.511276
161904.192344,143.761261,11.014023,124.672394
161904.233628,143.729599,11.128372,124.728256
161904.274913,143.973328,10.815247,124.731766
161904.316196,143.648926,11.013519,124.589767
161904.357480,143.785965,11.075470,124.652634
161904.398763,143.850647,10.870026,124.708725
161904.440046,143.550446,10.949982,124.495956
161904.481329,143.617981,11.105698,124.718979
161904.522613,143.683640,11.054001,124.691132
161904.563898,143.719147,11.313217,124.453949
161904.605184,143.767471,11.348358,124.510330
161904.646469,143.742340,11.289780,124.575302
161904.687755,143.653259,11.043137,124.488327
161904.729042,143.753510,11.077301,125.025635
161904.770327,143.647141,11.071701,124.478256
161904.811611,143.718674,10.989685,124.806610
161904.852897,143.957550,11.007599,124.577286
161904.894181,143.766144,11.025208,124.546951
161904.935467,143.763687,10.935532,124.698914
161904.976754,143.780884,10.790512,124.453354
161905.018037,143.742004,10.776459,124.673004
161905.059322,143.787323,10.859711,124.223190
161905.100607,143.653809,11.061401,124.496765
161905.141893,143.766403,10.964447,124.468994
161905.183178,143.818497,10.979294,124.766068
161905.224462,143.881500,10.941330,124.719635
161905.265748,143.948334,10.969116,124.400238
161905.307034,143.644470,11.180969,124.565033
161905.348320,143.883591,11.032654,124.372803
161905.389604,143.755600,11.190430,124.609314
161905.430890,143.928375,10.967743,124.710312
161905.472176,143.884521,11.130676,124.646988
161905.513463,143.881073,11.016159,124.624161
161905.554749,143.829758,10.898224,124.836456
161905.596034,144.006088,10.836441,124.708969
161905.637319,143.849625,11.113693,124.562469
161905.678603,143.638809,11.046707,124.676727
161905.719886,143.905594,10.911362,124.669769
161905.761170,143.908661,10.957733,124.635117
161905.802453,144.032394,10.900970,125.123444
161905.843735,143.651321,11.065628,124.976517
161905.885019,143.985245,11.034607,124.399185
161905.926304,143.940033,10.957947,124.707764
161905.967590,144.016602,11.073883,124.318588
161906.008878,143.935303,11.172302,124.356430
161906.050167,143.903763,10.943848,124.728409
161906.091456,143.964645,11.034729,124.224365
161906.132745,143.832062,10.858398,124.800140
161906.174030,143.912552,11.132751,124.662277
161906.215314,144.020630,10.857559,124.829971
161906.256600,144.145004,11.011932,124.697891
161906.297886,143.835251,10.892975,124.724594
161906.339169,143.858444,10.999710,124.613419
161906.380454,144.077499,10.887726,124.749619
161906.421738,144.001221,11.039474,124.834732
161906.463022,143.896912,11.042328,124.948349
161906.504305,143.779205,11.046524,124.863525
161906.545589,143.960388,11.074371,124.751801
161906.586873,143.687180,10.974777,124.875305
161906.628158,143.780411,11.160690,124.894836
161906.669442,143.909775,11.043594,125.219193
161906.710729,143.840134,11.108582,124.832886
161906.752014,143.853302,11.130264,124.786697
161906.793300,143.875916,11.044540,124.977646
161906.834585,143.865555,11.077530,124.909668
161906.875872,143.685379,11.153717,124.666168
161906.917160,143.858704,11.091248,124.850494
161906.958448,143.717209,11.011292,124.643677
161906.999732,143.923523,10.851425,124.641296
161907.041018,144.014999,10.941483,125.018784
161907.082304,143.891953,10.925003,124.391693
161907.123586,143.999298,11.256027,124.899628
161907.164865,143.945969,11.094696,124.885559
161907.206149,143.877686,11.040604,124.982437
161907.247432,144.015228,10.966019,124.500854
161907.288714,143.975647,10.936249,124.823624
161907.329996,143.784363,11.055878,124.556168
161907.371280,143.857117,11.081039,124.585922
161907.412564,143.901535,11.003174,124.653442
161907.453845,143.795395,11.049774,124.930084
161907.495128,143.778488,11.061523,125.051788
161907.536409,143.509201,11.155731,124.527985
161907.577690,143.727356,10.816452,124.638397
161907.618971,143.652817,10.830887,124.593262
161907.660254,143.675247,10.906525,124.324661
161907.701537,143.637375,10.936966,124.593994
161907.742819,143.631546,10.956726,124.741028
161907.784104,143.927429,10.927582,124.518600
161907.825386,143.842468,10.888168,124.765274
161907.866667,143.673569,10.875183,124.855499
161907.907950,143.827621,11.039505,124.801056
161907.949233,143.908295,10.889130,124.342422
161907.990515,143.872269,11.008423,124.784592
161908.031795,143.973831,11.108047,124.971924
161908.073077,143.868317,10.995132,124.639297
161908.114359,143.754959,10.848343,124.873032
161908.155642,143.908310,11.009903,124.738922
161908.196923,143.777176,11.054489,124.530579
161908.238203,143.784821,10.806717,124.714264
161908.279489,143.681717,10.976532,124.748856
161908.320775,143.752014,10.780869,124.804749
161908.362060,143.796387,11.029556,124.780579
161908.403346,143.829620,11.067307,124.551651
161908.444630,143.914581,10.851898,124.637924
161908.485915,143.936081,10.959976,124.633194
161908.527199,143.606735,10.833145,124.384232
161908.568483,144.078857,10.772095,125.022797
161908.609769,143.898056,10.908646,124.914200
161908.651054,143.807922,11.024918,124.785843
161908.692340,143.814301,11.124069,124.956787
161908.733626,143.868225,11.138199,124.775330
161908.774911,143.612457,11.093903,124.668610
161908.816196,143.650925,11.073853,124.599167
161908.857480,143.762833,11.085190,124.635757
161908.898766,143.534393,11.191956,124.578873
161908.940050,143.469131,11.301208,124.706818
161908.981333,143.594589,10.955475,124.498810
161909.022617,143.494949,10.846191,124.815063
161909.063902,143.426056,10.880554,124.690140
161909.105187,143.417816,11.011490,124.898529
161909.146470,143.410263,11.231781,124.795670
161909.187753,143.755157,11.189682,124.802017
161909.229035,143.665192,11.070114,124.709488
161909.270319,143.555740,11.191925,124.832458
161909.311603,143.661331,10.873627,124.726074
161909.352887,143.999573,11.005920,124.753006
161909.394172,143.948959,11.152054,124.776215
161909.435458,143.930466,11.235443,124.716843
161909.476744,143.776031,11.001221,124.413483
161909.518030,143.869156,11.111252,124.795410
161909.559315,143.701691,11.315689,124.682983
161909.600602,143.933151,11.193939,124.550964
161909.641888,143.980667,11.187836,124.719498
161909.683174,143.616547,11.249084,124.774963
161909.724461,143.816177,10.992722,124.732010
161909.765749,143.671402,10.898956,124.592804
161909.807035,143.641769,11.223251,124.906372
161909.848323,143.745026,10.929993,124.544434
161909.889609,143.863937,11.077896,124.771240
161909.930897,143.766281,11.214355,124.992569
161909.972182,143.844742,11.209518,124.856979
161910.013466,143.771835,11.263718,124.760529
161910.054751,143.695862,11.106995,124.849487
161910.096036,143.610535,11.269409,124.749115
161910.137319,143.827805,11.181564,124.960541
161910.178603,143.858093,11.139114,124.798615
161910.219886,143.938293,11.074799,124.971954
161910.261170,143.758514,11.159256,124.802750
161910.302455,143.853546,11.066422,124.913879
161910.343739,143.899429,10.958908,124.646759
161910.385025,144.049576,11.117874,124.727692
161910.426309,144.034363,10.928085,125.071472
161910.467592,144.005295,10.886322,124.618546
161910.508873,143.919144,11.040665,124.964706
161910.550157,143.905167,10.938705,124.893219
161910.591442,143.904587,11.121460,125.173904
161910.632727,143.752121,11.186905,125.091721
161910.674013,143.783890,11.220322,124.759094
161910.715299,143.777603,11.005478,125.026627
161910.756583,143.914841,11.053070,124.834442
161910.797868,143.739487,11.194138,124.651688
161910.839150,143.961945,11.000748,125.027893
161910.880429,143.825073,11.068970,124.699814
161910.921710,143.823273,11.194412,124.780334
161910.962994,143.665833,11.011246,124.627396
161911.004275,143.765472,11.051086,124.884155
161911.045557,143.620560,11.144821,124.936737
161911.086841,143.696442,10.928253,124.799545
161911.128126,143.817932,10.895676,124.949127
161911.169413,143.972122,11.153397,124.996597
161911.210702,143.805313,11.200516,125.133148
161911.251990,143.548904,11.193130,124.735291
161911.293279,143.630951,11.157318,124.626938
161911.334565,143.578293,11.070801,124.610184
161911.375850,143.637390,11.254105,124.873230
161911.417136,143.476181,11.181870,124.655411
161911.458422,143.494034,11.411499,124.758484
161911.499708,143.605804,11.155991,124.788803
161911.540993,143.534927,11.181900,124.573135
161911.582277,143.721069,11.073212,124.930756
161911.623560,143.615295,11.338364,125.019958
161911.664846,143.508514,11.158981,124.908096
161911.706133,143.720581,11.151840,124.616302
161911.747419,143.734177,11.056519,124.734589
161911.788706,143.861938,10.980423,124.779465
161911.829994,143.804749,11.065826,124.459412
161911.871279,143.680710,11.017838,124.469086
161911.912565,143.394043,11.319687,124.816788
161911.953848,143.651108,11.102158,124.386749
161911.995134,143.675720,11.249390,124.399353
161912.036422,143.478821,11.499252,124.367294
161912.077710,143.583115,11.162857,124.529236
161912.118997,143.636475,11.351379,124.535370
161912.160284,143.566116,11.463898,124.564896
161912.201569,143.792511,11.072678,124.709015
161912.242854,143.714340,11.217377,124.730820
161912.284141,143.912506,11.182556,124.613113
161912.325428,143.635422,11.425217,124.718185
161912.366714,143.636093,11.344498,124.589523
161912.407999,143.749268,11.347107,124.874268
161912.449284,143.525177,11.080811,124.665833
161912.490566,143.729401,11.136475,124.759979
161912.531852,143.892654,11.072327,124.707230
161912.573137,143.607330,11.302734,124.722717
161912.614420,143.830917,11.238419,124.702316
161912.655705,143.730988,11.202484,124.905502
161912.696991,143.475861,11.162949,124.646103
161912.738278,143.745987,11.206635,124.680115
161912.779563,143.708542,11.217560,124.677185
161912.820851,143.704376,11.125259,124.801743
161912.862139,143.384689,11.355423,124.712494
161912.903426,143.564240,11.397675,124.502716
161912.944711,143.902420,11.185760,124.878555
161912.985998,143.637405,11.327621,124.618591
161913.027286,143.666702,11.228790,124.541061
161913.068574,143.661819,11.223206,124.369843
161913.109861,143.535950,11.142365,124.712769
161913.151148,143.614227,11.130112,124.666748
161913.192434,143.651428,11.181473,124.601303
161913.233719,143.551498,11.095825,124.556488
161913.275004,143.495514,11.307449,124.630157
161913.316290,143.757629,11.382797,124.762939
161913.357575,143.632645,11.317963,124.546951
161913.398863,143.607529,11.407166,125.120544
161913.440149,143.684418,11.239639,124.668015
161913.481435,143.859848,11.132111,124.607407
161913.522721,143.933258,11.189804,125.121811
161913.564007,143.876740,11.139572,124.877319
161913.605295,143.754959,11.169266,124.793533
161913.646584,143.794144,11.081512,124.465698
161913.687872,143.822159,11.016037,124.832855
161913.729161,143.687759,11.096268,124.965881
161913.770448,143.763672,11.097458,124.704193
161913.811738,143.720535,11.146652,125.243027
161913.853025,143.864258,11.091980,124.673035
161913.894312,143.898712,10.967117,124.797440
161913.935600,143.790100,11.048218,124.540405
161913.976886,143.765900,10.994568,124.619949
161914.018170,143.919495,10.800339,124.866135
161914.059457,143.886810,10.879517,125.196426
161914.100740,143.807449,10.885513,124.975525
161914.142027,143.867691,10.883926,124.820114
161914.183310,143.903214,11.088257,125.118820
161914.224597,143.900192,11.188354,124.604904
161914.265883,143.819839,11.138992,124.956131
161914.307169,143.775024,11.071869,125.035995
161914.348454,143.816498,11.132584,125.258621
161914.389741,143.675308,11.074753,125.227783
161914.431026,143.740707,10.924332,125.134064
161914.472312,144.025803,10.709274,124.894012
161914.513600,143.718079,10.955978,124.893539
161914.554887,143.532776,11.115067,125.431885
161914.596175,143.694824,10.858307,125.402710
161914.637461,143.789032,11.249237,125.050690
161914.678749,143.620789,11.148697,125.271057
161914.720036,143.857361,11.143967,125.087570
161914.761321,143.748505,11.039230,124.898468
161914.802607,144.040375,10.999771,125.190536
161914.843894,143.844910,11.199081,125.364243
161914.885179,143.862778,11.113739,124.918182
161914.926465,143.725266,10.985062,125.287521
161914.967751,143.643417,11.082092,124.943832
161915.009035,143.749023,11.136581,125.026840
161915.050321,143.637711,11.153122,124.940399
161915.091607,143.684052,11.197632,124.901031
161915.132891,143.756989,10.859238,124.719727
161915.174174,143.532440,10.929459,124.845673
161915.215459,143.813263,11.015793,124.745300
161915.256743,143.721970,11.109100,124.831360
161915.298028,143.596985,11.155533,124.885880
161915.339313,143.855331,10.860703,124.626068
161915.380596,143.818161,11.000366,124.744705
161915.421882,143.647278,11.125229,124.691071
161915.463167,143.833511,11.101044,124.781921
161915.504451,144.004074,11.159714,124.791061
161915.545736,143.928848,11.014984,124.949905
161915.587021,143.995224,10.818466,124.645630
161915.628305,144.108475,10.753937,124.631683
161915.669590,143.908127,10.843140,124.681046
161915.710876,143.899719,11.136261,124.838165
161915.752163,144.102524,10.866455,124.698273
161915.793450,143.840393,10.915894,124.652008
161915.834739,144.110016,10.741653,124.762665
161915.876026,143.832657,10.891342,124.269272
161915.917315,144.090500,10.741302,124.440536
161915.958604,143.986313,11.068542,124.512360
161915.999892,143.996796,10.945511,124.856491
161916.041178,144.156830,10.959915,124.576630
161916.082464,144.084595,10.889282,124.760437
161916.123751,143.886703,10.848572,124.539246
161916.165037,143.922989,10.994202,124.823318
161916.206323,143.917343,11.048050,124.360306
161916.247611,144.057495,10.761215,124.579178
161916.288898,143.899277,10.939362,124.840286
161916.330187,143.956848,10.954041,124.663666
161916.371477,144.138458,10.974335,124.962585
161916.412768,143.860397,11.139511,124.628510
161916.454054,144.004715,10.882950,124.678482
161916.495341,143.933945,10.962708,124.405212
161916.536630,143.906387,10.882858,124.413406
161916.577916,143.917892,10.900284,124.249954
161916.619202,143.878738,10.950455,124.663284
161916.660490,143.977325,10.953171,124.695343
161916.701780,143.668060,10.917297,124.365662
161916.743071,143.770981,10.990784,124.435440
161916.784361,144.020264,10.813522,124.601730
161916.825648,143.817108,11.031754,124.383484
161916.866934,143.876236,10.908188,124.419235
161916.908223,143.851715,10.857101,124.321960
161916.949511,143.790527,10.973145,124.687820
161916.990797,143.850296,10.927414,124.682800
161917.032085,143.838242,10.788254,124.388504
161917.073373,143.894836,11.041992,124.472046
161917.114662,143.955292,10.727692,124.971481
161917.155949,144.159760,10.781006,124.604279
161917.197237,143.983841,10.823608,124.992676
161917.238526,143.970428,10.914230,124.702377
161917.279815,143.970642,10.929001,124.736755
161917.321103,144.016846,10.646561,124.546951
161917.362390,143.857956,10.914993,124.652908
161917.403679,144.113953,10.783844,124.181931
161917.444968,144.093826,10.760361,124.624664
161917.486255,144.120880,10.677658,124.592667
161917.527542,143.968414,10.774323,124.649506
161917.568831,144.032715,10.830765,124.570786
161917.610119,143.942673,10.774734,124.399323
161917.651406,144.003143,10.832855,124.556168
161917.692695,144.069077,10.675262,124.588211
161917.733984,144.115555,10.591263,124.432693
161917.775273,144.077484,10.680832,124.336380
161917.816559,144.096741,10.649155,124.230835
161917.857848,143.928802,10.848694,124.467697
161917.899133,143.937653,10.578659,124.608185
161917.940420,144.111557,10.713898,124.591476
161917.981707,143.873932,10.771027,124.517075
161918.022991,143.929901,10.534882,124.471939
161918.064277,144.039871,10.574768,124.706909
161918.105564,143.808411,10.902634,124.513382
161918.146850,143.992722,10.829376,124.704834
161918.188137,144.132111,10.763626,124.904144
161918.229424,144.056717,10.758514,124.674561
161918.270710,144.011215,10.755051,124.894623
161918.311996,144.026505,10.905701,124.898727
161918.353283,143.836548,10.871765,124.967850
161918.394569,143.637756,10.951324,124.933060
161918.435857,143.625305,10.985458,125.107529
161918.477142,143.718170,10.923584,125.037735
161918.518427,143.605835,11.025284,125.060547
161918.559711,143.806335,10.953476,125.065384
161918.600997,143.686768,10.713699,124.874847
161918.642281,143.773895,11.015732,124.710800
161918.683567,144.006226,10.909927,124.633575
161918.724851,143.749496,11.103714,124.521713
161918.766138,143.856964,10.969376,124.671722
161918.807422,143.723679,10.750336,124.719391
161918.848707,143.931107,10.856262,124.719269
161918.889993,143.917023,10.681808,124.795837
161918.931278,143.838104,10.878601,124.749374
161918.972565,143.871506,10.849243,124.777100
161919.013849,143.852219,10.777969,124.717300
161919.055135,143.841064,10.859985,124.413269
161919.096417,144.013535,10.911926,124.658081
161919.137700,144.105850,10.741943,124.703018
161919.178983,143.986710,10.880890,124.903885
161919.220268,143.993912,10.997772,125.033951
161919.261552,143.841614,11.094330,124.863129
161919.302838,143.883133,10.821564,124.973694
161919.344123,143.834824,10.962952,124.828964
161919.385411,143.909653,10.718445,124.545471
161919.426699,143.816544,11.059296,124.805832
161919.467987,143.793274,10.862457,124.753311
161919.509276,143.868454,11.185196,125.037048
161919.550564,143.864197,10.984741,124.945801
161919.591851,143.837250,10.883865,124.634018
161919.633136,144.216949,10.842957,124.736420
161919.674426,144.076614,10.904510,124.461212
161919.715716,144.096863,10.751572,124.319595
161919.757005,144.131287,11.001999,124.498535
161919.798293,144.090378,10.990829,124.593857
161919.839580,144.164398,10.954712,124.433563
161919.880866,144.174988,11.051468,124.389633
161919.922151,144.044006,10.720276,124.493210
161919.963438,144.108826,10.717422,124.873383
161920.004726,144.194962,10.752609,124.485413
161920.046016,144.077560,10.751785,124.679291
161920.087305,143.970016,10.712128,124.869370
161920.128595,144.026642,11.050156,125.326889
161920.169883,144.031738,10.830307,124.706940
161920.211170,143.838623,10.857056,124.661987
161920.252462,143.827271,10.957840,124.695557
161920.293752,143.930237,11.176971,124.902771
161920.335042,144.117004,11.103439,124.466980
161920.376331,143.931961,10.991531,124.621368
161920.417619,144.098434,10.626923,124.582001
161920.458907,143.840149,10.711700,124.684097
161920.500196,143.940201,11.133133,124.802872
161920.541483,143.860703,10.892380,124.688354
161920.582771,143.714798,10.918396,124.844055
161920.624058,143.803207,10.962646,124.697388
161920.665346,143.749237,10.979706,124.586136
161920.706637,143.745514,10.875000,125.006897
161920.747928,143.770065,10.888504,124.631592
161920.789219,143.945374,10.820572,124.485199
161920.830509,143.762283,10.781403,124.843094
161920.871798,143.837402,10.640121,124.899292
161920.913087,143.780563,10.860443,124.893448
161920.954377,143.906006,10.942459,124.417221
161920.995667,143.875183,10.896194,124.711288
161921.036957,143.814392,10.994354,124.854172
161921.078246,143.685593,10.847473,124.984543
161921.119534,143.664001,10.866058,124.762634
161921.160822,143.653305,10.844330,124.806549
161921.202109,143.675644,11.010468,124.625061
161921.243398,143.631134,11.109451,124.655472
161921.284685,143.744080,10.812088,124.772110
161921.325972,143.794235,10.853012,124.832809
161921.367258,143.678986,10.952423,124.687424
161921.408545,143.788040,10.864578,124.603790
161921.449833,143.925491,10.837875,124.898819
161921.491123,143.891937,10.951614,124.808578
161921.532411,143.702896,10.980026,124.822876
161921.573699,143.893600,10.829102,124.736298
161921.614987,143.740479,10.842468,124.395020
161921.656274,143.751190,10.949081,124.581329
161921.697561,143.826004,10.882767,124.782791
161921.738848,143.754471,11.051666,124.872696
161921.780135,143.655823,10.978821,125.086441
161921.821422,143.735840,10.928314,124.857697
161921.862710,143.523941,11.183868,125.152222
161921.904000,143.747513,10.948364,124.732040
161921.945289,143.785309,11.023132,124.714127
161921.986580,143.716797,10.935303,124.843292
161922.027869,143.669556,10.914398,124.920334
161922.069157,143.808197,10.673630,124.556717
161922.110445,143.758163,10.889542,124.803574
161922.151731,143.735214,10.796921,124.815414
161922.193017,143.824173,10.645477,124.879623
161922.234304,143.815414,10.739090,125.000000
161922.275591,143.833435,10.882904,124.980423
161922.316879,143.818375,10.843338,124.639908
161922.358168,143.806030,10.803894,125.016815
161922.399457,143.856705,10.731842,125.135071
161922.440744,143.957336,10.971695,124.858109
161922.482031,143.970505,10.994339,125.009293
161922.523318,143.964172,10.632874,124.727982
161922.564605,143.769562,10.821426,125.063278
161922.605893,143.859283,10.860413,124.921875
161922.647181,143.731491,10.939804,124.875900
161922.688468,143.841248,10.715515,125.037689
161922.729756,143.773712,10.914780,124.880615
161922.771045,143.935989,10.911179,125.127609
161922.812333,143.736786,11.114761,124.973816
161922.853622,143.923843,10.625671,124.639832
161922.894911,143.807739,10.850784,124.644241
161922.936201,143.646988,11.002518,125.190521
161922.977491,143.638947,10.851044,125.124832
161923.018781,143.791840,10.976196,124.862305
161923.060070,143.968170,10.846359,124.661880
161923.101359,143.823868,11.041428,124.837204
161923.142648,143.606735,11.112396,125.081055
161923.183938,143.727509,10.883286,124.962753
161923.225227,143.882965,10.917923,125.156693
161923.266514,143.613556,11.060181,124.909546
161923.307804,143.819168,11.100708,124.867691
161923.349092,143.790146,10.828766,124.942657
161923.390381,143.468536,10.847427,125.000305
161923.431670,143.800919,10.899780,124.957245
161923.472961,143.593506,11.032120,124.927261
161923.514250,143.666183,11.107788,124.658905
161923.555540,143.547775,11.179474,124.528488
161923.596827,143.711365,11.035629,124.694214
161923.638115,143.724335,11.006439,124.807678
161923.679404,143.738281,11.026718,124.443970
161923.720691,143.527390,10.932541,124.565689
161923.761979,143.696396,11.180557,124.869995
161923.803265,143.576080,11.157181,124.804718
161923.844553,143.575134,11.306152,124.472885
161923.885845,143.738998,11.173813,124.706894
161923.927135,143.724213,11.199402,124.715683
161923.968425,143.853836,11.173340,124.694504
161924.009716,143.652328,11.252563,124.804047
161924.051006,143.544388,11.206650,124.667145
161924.092293,143.675262,10.912048,124.518143
161924.133583,143.744415,10.845932,124.854507
161924.174871,143.578323,10.992172,124.855698
161924.216160,143.618332,10.915680,124.711029
161924.257449,143.691742,10.926544,124.833984
161924.298737,143.872864,10.863159,124.833817
161924.340026,143.935135,10.737076,125.045334
161924.381315,143.754257,11.140427,124.723129
161924.422603,143.772263,11.089691,124.649185
161924.463890,143.623184,10.955933,124.830597
161924.505177,143.516464,11.239761,124.825165
161924.546464,143.865112,11.096771,124.847931
161924.587748,143.726471,10.963928,125.029480
161924.629034,143.601120,11.008301,124.591782
161924.670320,143.723877,10.917480,124.927261
161924.711606,143.694336,10.934219,124.592850
161924.752894,143.695023,10.785461,124.690918
161924.794183,143.640717,10.778152,124.901871
161924.835469,143.615433,10.839249,124.899521
161924.876756,143.767120,10.846512,124.857208
161924.918042,143.741562,10.899155,124.986496
161924.959329,143.700546,10.918274,124.971390
161925.000614,143.784470,10.738602,124.771774
161925.041899,143.881531,10.852402,124.629852
161925.083183,143.838165,11.012283,124.833694
161925.124469,143.795197,10.897766,124.741348
161925.165755,143.838165,11.117004,124.740585
161925.207039,144.082870,10.972168,124.484085
161925.248324,144.049408,10.800903,124.756149
161925.289613,144.020950,10.914215,124.920807
161925.330899,143.801559,11.047562,124.708878
161925.372186,143.880096,11.122360,124.857132
161925.413473,143.745667,11.188278,124.542191
161925.454761,143.900620,11.102890,124.807983
161925.496049,144.019623,11.026138,124.568604
161925.537335,143.791718,10.995071,124.957169
161925.578619,143.876282,11.046021,124.857986
161925.619905,143.941666,10.858124,124.719131
161925.661188,143.956299,11.066360,124.405060
161925.702473,143.918915,10.817123,124.602585
161925.743759,144.058121,10.855499,124.627731
161925.785044,144.030716,11.052368,124.660629
161925.826331,143.772781,10.898254,124.551727
161925.867619,143.824905,10.954727,124.487610
161925.908904,143.966782,10.960129,124.769791
161925.950191,143.778229,11.015472,124.878265
161925.991477,143.787476,10.896164,124.544708
161926.032763,143.722885,11.197891,124.864594
161926.074051,143.661057,11.188171,124.741959
161926.115338,143.671616,11.063263,125.035629
161926.156625,143.746948,11.207367,124.610901
161926.197912,143.685425,11.144821,124.725708
161926.239199,143.772507,11.080322,124.795700
161926.280488,143.813187,11.269653,124.725952
161926.321776,143.769989,10.854645,124.686234
161926.363062,143.755417,11.207199,124.718155
161926.404349,143.877472,11.045380,124.790695
161926.445638,143.642242,11.205276,124.632126
161926.486925,143.664978,11.123444,124.640152
161926.528212,143.534348,11.014420,124.455322
161926.569500,143.891602,11.194382,124.854965
161926.610788,143.968246,11.052902,124.675079
161926.652078,143.904556,10.943329,124.530258
161926.693366,143.614304,11.068863,124.555969
161926.734653,143.820862,10.953583,124.677322
161926.775941,143.690613,10.960587,124.808884
161926.817228,143.788818,11.110474,124.619385
161926.858518,143.769226,10.945663,124.621414
161926.899808,143.658829,10.931702,124.579041
161926.941096,143.725616,10.970184,124.685684
161926.982385,143.769135,11.159256,124.877975
161927.023674,143.781540,11.263626,124.709244
161927.064963,143.797897,10.988586,124.926544
161927.106251,143.776520,11.063736,125.138000
161927.147540,143.693512,11.006821,125.256943
161927.188829,143.718369,11.204178,124.789032
161927.230120,143.744507,11.406174,124.933472
161927.271410,143.799911,11.222397,124.817047
161927.312700,143.448318,11.250641,124.948654
161927.353989,143.737244,11.104385,124.902008
161927.395277,143.491074,11.207092,124.603455
161927.436563,143.610825,10.996292,124.983337
161927.477849,143.509720,11.157669,124.618561
161927.519137,143.648682,10.966415,124.519470
161927.560427,143.711212,10.939941,124.741562
161927.601717,143.798584,10.946686,124.617966
161927.643004,143.640640,11.194199,124.696243
161927.684292,143.598328,11.062881,124.494797
161927.725577,143.418503,11.120438,124.648041
161927.766865,143.489777,11.156799,124.683289
161927.808154,143.744858,11.164352,124.767929
161927.849440,143.520050,11.233200,124.802078
161927.890726,143.637085,11.023056,124.964478
161927.932012,143.564041,11.173248,124.483551
161927.973296,143.651794,10.872009,125.049591
161928.014580,143.666122,11.057144,124.942444
161928.055867,143.417435,11.001694,124.695724
161928.097153,143.761459,10.957794,124.640411
161928.138440,143.522934,10.801712,124.600937
161928.179728,143.499588,10.923492,124.518845
161928.221014,143.586609,10.749298,124.731110
161928.262299,143.252319,10.971436,124.664108
161928.303585,143.520645,10.975662,124.583267
161928.344872,143.689545,10.743286,124.741821
161928.386158,143.800491,10.897614,124.620743
161928.427443,143.567795,10.867844,124.565292
161928.468730,143.655411,10.719559,124.630600
161928.510019,143.597580,10.892014,124.601257
161928.551310,143.461136,10.952072,124.693634
161928.592599,143.570099,10.770721,125.186600
161928.633890,143.696823,10.948761,124.949066
161928.675180,143.667679,10.963638,124.992599
161928.716470,143.543610,10.773880,125.111359
161928.757759,143.683029,10.636642,124.922104
161928.799048,143.816772,10.870712,124.822800
161928.840338,143.610077,10.913910,124.926849
161928.881626,143.805923,11.023224,124.964813
161928.922912,143.577759,11.026108,124.824127
161928.964200,143.706436,11.026855,124.967285
161929.005490,143.496155,10.920120,124.863892
161929.046778,143.764572,10.763840,124.827484
161929.088065,143.901337,10.897812,124.877075
161929.129353,143.660736,10.857635,124.481705
161929.170640,143.878418,10.651154,125.023956
161929.211925,143.682602,10.990967,124.744751
161929.253210,143.716949,10.931885,125.028656
161929.294496,143.800903,10.756165,125.098221
161929.335783,143.754288,10.734573,124.831757
161929.377070,143.696198,10.900040,124.921692
161929.418356,143.842545,10.842743,124.761200
161929.459644,143.966629,10.747482,124.468857
161929.500934,143.650513,10.655411,124.583527
161929.542221,143.578232,10.779877,124.719009
161929.583508,143.893005,10.703674,124.589554
161929.624795,143.571198,10.623581,124.569061
161929.666083,143.510300,10.764328,124.585159
161929.707370,143.623810,10.837967,124.866745
161929.748658,143.538574,10.825470,124.679916
161929.789946,143.658829,10.722443,124.608292
161929.831233,143.709167,10.777130,124.317154
161929.872521,143.536697,10.840134,124.772034
161929.913812,143.708145,10.972107,124.570404
161929.955103,143.777878,10.864243,124.403519
161929.996394,143.651352,10.945953,124.503036
161930.037682,143.801285,10.710098,124.772202
161930.078968,143.857651,10.847641,124.856216
161930.120257,143.724289,10.972137,124.762375
161930.161545,143.754211,10.909729,124.418350
161930.202837,143.871597,10.749390,124.395447
161930.244128,143.674820,10.688202,124.636871
161930.285418,143.741562,10.709702,124.759293
161930.326710,143.759369,10.845947,124.893677
161930.368002,143.667267,10.915283,124.600204
161930.409293,143.534637,10.856293,124.751709
161930.450581,143.797485,10.776291,124.963608
161930.491870,143.627411,10.938034,124.859161
161930.533161,143.757706,10.781799,124.748306
161930.574448,143.966949,10.948349,124.777039
161930.615735,143.784576,10.974426,124.960876
161930.657021,143.772247,11.104309,125.117493
161930.698309,143.703415,10.945343,125.048828
161930.739595,143.708542,10.942230,124.967209
161930.780882,143.647202,10.878693,124.620560
161930.822167,143.662582,10.965378,124.785950
161930.863454,143.692841,11.159851,124.719742
161930.904742,143.854034,10.910995,124.854294
161930.946030,143.642593,10.916733,124.837112
161930.987318,143.683777,10.843536,125.111847
161931.028605,143.704819,10.823959,124.940964
161931.069893,143.671112,10.832703,125.057480
161931.111178,143.708313,10.827744,124.975647
161931.152465,143.732742,10.973999,125.082535
161931.193753,143.577240,10.859268,124.540787
161931.235042,143.540192,11.113220,124.654526
161931.276328,143.731018,11.004364,124.866409
161931.317613,143.625229,11.069763,124.757339
161931.358901,143.493515,10.998627,124.778458
161931.400188,143.674225,10.958191,124.884338
161931.441476,143.708160,11.179901,125.095444
161931.482765,143.751587,10.972839,124.822052
161931.524052,143.806839,11.183594,125.047211
161931.565338,143.677872,11.048859,124.918869
161931.606625,143.654404,11.031219,125.083603
161931.647914,143.634644,11.128510,125.022079
161931.689205,143.493210,11.058228,125.329788
161931.730494,143.509659,11.115021,124.993500
161931.771781,143.451996,11.006821,125.021896
161931.813069,143.559219,11.057846,124.809845
161931.854356,143.721191,11.032394,125.230515
161931.895642,143.665695,10.901138,125.106995
161931.936931,143.742889,11.007202,125.392059
161931.978218,143.787155,11.042816,125.205261
161932.019504,143.778580,11.044159,125.307739
161932.060791,143.629593,10.917297,124.809357
161932.102078,143.661072,10.892639,125.031616
161932.143364,143.646240,10.903320,124.945969
161932.184650,143.600357,11.034225,125.076843
161932.225936,143.822723,10.987411,124.941132
161932.267223,143.624420,11.298248,125.010513
161932.308508,143.623489,11.344086,124.948715
161932.349793,143.759689,10.790710,124.942307
161932.391079,143.664917,11.274979,125.570709
161932.432362,143.672592,11.060638,125.001160
161932.473646,143.664185,11.253250,125.115463
161932.514927,143.709229,11.131882,125.194016
161932.556211,143.902695,11.082321,125.051346
161932.597493,143.871750,10.988037,125.311996
161932.638775,143.902466,10.853424,125.400986
161932.680059,144.094330,10.894638,125.091064
161932.721345,143.852570,10.879684,125.168777
161932.762630,144.002060,11.104401,125.325684
161932.803916,144.046310,11.110779,125.113022
161932.845202,144.023071,10.969467,125.043396
161932.886485,143.769104,11.193741,125.287277
161932.927771,144.025055,10.921005,125.031281
161932.969055,143.972595,10.978745,125.189743
161933.010340,143.628006,10.894638,125.151520
161933.051625,143.834229,10.799820,125.270874
161933.092911,143.826309,10.859314,125.330750
161933.134198,143.863174,10.921753,124.897476
161933.175486,144.077438,11.009445,125.012573
161933.216775,144.141327,10.840347,125.316452
161933.258063,143.970108,10.842606,125.369125
161933.299349,143.989960,10.910995,125.356781
161933.340634,143.971222,10.949280,125.513855
161933.381920,143.951477,10.940903,125.480927
161933.423206,143.790085,11.018387,125.240448
161933.464492,143.807175,11.026077,125.421616
161933.505778,143.959091,10.761902,125.285507
161933.547064,143.749084,10.814987,125.356445
161933.588351,143.845734,10.845291,125.492035
161933.629639,143.790665,10.948883,125.492218
161933.670926,144.039169,10.649292,125.093292
161933.712211,144.032471,10.837921,125.598953
161933.753496,143.962631,10.774948,125.173294
161933.794781,143.853149,10.943237,125.282425
161933.836066,143.852737,10.733643,125.177002
161933.877354,143.876602,10.800537,125.116943
161933.918640,144.112595,10.546143,124.916000
161933.959925,143.878967,10.683762,125.005981
161934.001214,143.785492,10.892960,125.412933
161934.042503,143.634781,10.866943,125.294052
161934.083791,143.856201,10.819687,124.938934
161934.125082,143.985535,11.029800,124.971420
161934.166371,143.896301,11.107986,124.989746
161934.207659,143.878250,10.810135,125.124496
161934.248950,143.790298,10.956116,125.324936
161934.290241,143.679398,10.923599,125.334274
161934.331530,143.759384,10.831436,125.270782
161934.372818,143.650284,10.997253,125.263519
161934.414108,143.658890,10.916107,124.952103
161934.455395,143.680206,10.815384,125.084839
161934.496682,143.544403,10.954102,125.351578
161934.537972,143.655685,10.885193,125.190475
161934.579260,143.700165,10.768967,125.482040
161934.620550,143.596161,10.893372,125.226028
161934.661840,143.686584,10.792389,125.242935
161934.703130,143.677963,11.096176,125.270889
161934.744418,143.742722,10.982574,125.253616
161934.785707,143.602921,10.889069,125.013809
161934.826994,143.750565,10.970032,125.303162
161934.868280,143.584854,10.796631,124.996033
161934.909569,143.489899,10.952209,124.922623
161934.950858,143.795029,10.773743,124.845978
161934.992148,143.929245,10.782303,125.231628
161935.033437,143.771378,10.960510,124.992645
161935.074727,143.886444,10.849518,124.984009
161935.116017,143.872864,10.902603,125.029053
161935.157308,144.103424,10.843521,125.313507
161935.198598,143.850113,11.203522,125.434570
161935.239891,143.924057,10.704605,125.570450
161935.281182,143.857544,11.076889,125.001663
161935.322474,143.962051,10.980331,125.380142
161935.363767,144.048935,10.930984,124.896408
161935.405059,143.771179,11.015411,125.287994
161935.446350,143.686218,11.046204,125.165253
161935.487639,143.883575,11.083359,124.837021
161935.528930,143.856750,10.910690,124.850861
161935.570221,143.927979,10.830109,124.895142
161935.611514,143.993301,10.730240,124.675354
161935.652804,143.866440,10.806488,125.115997
161935.694095,144.027634,10.563126,125.068344
161935.735389,143.760971,10.838959,125.315094
161935.776679,144.042343,10.770721,125.350266
161935.817972,144.113541,10.875290,125.332092
161935.859265,143.809814,10.791946,125.323517
161935.900558,143.856064,10.902740,125.232727
161935.941847,143.866821,10.841858,125.131531
161935.983137,143.853317,10.864014,125.351746
161936.024428,143.846848,11.083115,125.272202
161936.065721,143.951080,11.063370,124.997284
161936.107010,143.752258,10.996155,125.280426
161936.148300,143.826843,11.113541,124.836792
161936.189590,143.856308,10.914169,125.126358
161936.230880,143.601746,11.148102,125.139603
161936.272171,143.604965,11.176712,124.842667
161936.313462,143.639359,11.031815,124.984146
161936.354751,143.894455,11.314819,125.272812
161936.396039,143.738937,11.075562,125.232330
161936.437330,143.740295,11.013550,124.994675
161936.478624,143.773773,11.064743,125.170319
161936.519916,143.893906,11.250961,125.032089
161936.561207,143.776062,10.954544,125.157486
161936.602495,143.628220,11.028763,125.272003
161936.643784,143.794525,11.039215,125.285919
161936.685075,143.779449,10.850540,125.118759
161936.726366,143.915817,11.023407,125.075180
161936.767659,143.628769,11.201675,125.057053
161936.808948,143.680084,11.242386,125.294174
161936.850236,143.821533,11.229202,125.166779
161936.891523,143.784256,11.132156,124.840454
161936.932811,143.743362,11.126801,125.236542
161936.974102,143.821472,11.094650,125.152176
161937.015392,143.492676,11.140533,125.090195
161937.056683,143.650055,11.121429,124.680527
161937.097973,143.862503,11.175781,124.978226
161937.139263,143.606796,11.150925,125.112305
161937.180551,143.941345,11.037292,125.021744
161937.221837,143.821381,11.047760,125.122269
161937.263129,143.702377,11.088837,124.918350
161937.304422,143.555450,11.151764,125.009155
161937.345710,143.506180,11.130371,125.137177
161937.387000,143.663177,10.943283,125.128799
161937.428290,143.528458,11.116806,125.257538
161937.469579,143.726974,11.133514,125.107529
161937.510869,143.655243,10.976486,124.999405
161937.552157,143.605438,10.955978,124.866241
161937.593446,143.567719,10.948868,125.031113
161937.634734,143.663345,10.948990,125.208679
161937.676023,143.382492,10.841812,124.652161
161937.717312,143.525970,11.102432,125.073608
161937.758601,143.560760,11.051270,124.917007
161937.799891,143.380768,11.025269,124.960815
161937.841179,143.464005,10.872116,125.004501
161937.882468,143.589706,10.969482,125.331177
161937.923756,143.563263,10.942276,125.186478
161937.965043,143.625320,10.910965,125.177856
161938.006329,143.521164,11.047516,125.157990
161938.047617,143.599655,11.039658,125.059875
161938.088907,143.485535,10.794724,125.023346
161938.130194,143.673950,10.921677,125.291718
161938.171479,143.596817,11.033905,125.426361
161938.212768,143.635284,10.868866,125.321716
161938.254055,143.619049,10.965530,125.457718
161938.295345,143.645432,10.977036,125.270096
161938.336632,143.571335,11.019333,125.312607
161938.377918,143.556046,11.099396,125.140198
161938.419202,143.503113,10.781570,125.428436
161938.460490,143.779922,10.785141,125.290604
161938.501778,143.727859,10.802948,125.255783
161938.543066,143.748962,10.833618,125.148117
161938.584353,143.585648,11.236542,125.335403
161938.625640,143.795242,11.057327,125.349991
161938.666927,143.550171,11.019592,125.440750
161938.708214,143.773697,10.810501,125.198898
161938.749500,143.675751,10.936417,125.075974
161938.790788,143.560638,10.924805,125.191757
161938.832075,143.874191,11.008987,125.350616
161938.873363,143.729828,10.813644,125.507309
161938.914649,143.584290,11.057663,125.110657
161938.955934,143.744400,11.172852,125.323685
161938.997222,143.580887,10.937912,125.191544
161939.038508,143.281250,10.990906,125.199646
161939.079794,143.446442,10.650345,124.940857
161939.121078,143.544800,10.918121,125.313858
161939.162361,143.460480,11.047470,125.266068
161939.203644,143.413513,10.893372,125.355423
161939.244930,143.608337,10.785645,125.085968
161939.286217,143.435211,10.979782,125.262009
161939.327501,143.607071,10.905991,125.400681
161939.368785,143.634171,10.762024,124.845627
161939.410072,143.607864,10.942871,125.280167
161939.451358,143.749313,11.057114,125.271988
161939.492647,143.809158,11.109299,125.455185
161939.533940,143.742523,11.056076,125.508499
161939.575229,143.775406,10.841797,125.216156
161939.616517,143.740097,11.004761,125.584412
161939.657807,143.709152,10.985931,125.563873
161939.699097,143.756454,11.273972,125.175781
161939.740388,143.670303,11.065475,125.153625
161939.781679,143.867844,10.987366,125.301788
161939.822968,143.736694,10.824234,125.266251
161939.864262,143.640091,10.845047,125.425766
161939.905550,143.768433,10.901138,125.351578
161939.946841,143.818420,11.040009,125.590424
161939.988131,143.587082,11.013290,125.325302
161940.029421,143.673431,10.888870,125.236008
161940.070713,143.822617,10.966125,125.146927
161940.112004,143.707214,11.126007,125.538605
161940.153294,143.653107,10.873138,125.223755
161940.194582,143.882385,11.106613,125.432449
161940.235870,143.852325,11.141403,125.455765
161940.277158,144.037888,11.083954,125.375580
161940.318448,143.890594,11.183853,125.333328
161940.359740,143.624512,11.170990,125.268982
161940.401029,143.641525,11.046051,125.497162
161940.442316,143.994171,10.965805,124.978317
161940.483606,143.786240,11.101288,125.583817
161940.524894,143.811691,10.913895,125.748367
161940.566182,143.615509,11.015228,125.169250
161940.607469,143.604416,11.191010,125.501953
161940.648757,143.685471,11.137894,125.407486
161940.690044,143.606079,11.060715,125.415283
161940.731333,143.682114,10.892029,125.546371
161940.772622,143.756775,10.992172,125.225540
161940.813910,143.536362,11.297836,125.631256
161940.855196,143.722443,11.238861,125.217865
161940.896483,143.742493,11.199005,125.371201
161940.937769,143.585037,11.156372,125.081055
161940.979056,143.567688,11.012238,125.228165
161941.020341,143.633972,10.867661,125.346588
161941.061628,143.823563,10.977173,125.285583
161941.102915,143.764847,11.052322,125.211304
161941.144202,143.609558,11.195953,125.449982
161941.185489,143.714951,10.967331,125.570297
161941.226774,143.528961,11.062195,125.266449
161941.268061,143.531219,11.089981,125.344177
161941.309349,143.664673,11.100647,125.423767
161941.350636,143.784698,11.264191,125.537231
161941.391921,143.857849,10.908905,125.423981
161941.433208,143.591003,11.124084,125.410690
161941.474496,143.784607,11.053055,125.451431
161941.515783,143.920486,11.144135,125.660263
161941.557071,143.861038,10.930298,125.356964
161941.598359,143.807129,11.054810,125.495697
161941.639645,143.787033,11.220215,125.456375
161941.680930,143.807999,11.084000,125.071060
161941.722217,143.602829,11.245758,125.541046
161941.763504,143.792999,10.999512,125.469467
161941.804792,143.745453,11.015823,125.351456
161941.846078,143.621628,11.115005,125.623016
161941.887362,143.483917,11.381226,125.398895
161941.928648,143.665253,11.067780,125.206070
161941.969935,143.560303,11.100739,125.497696
161942.011221,143.719971,11.039246,125.563217
161942.052509,143.781677,11.069611,125.377472
161942.093796,143.732162,11.121933,125.453232
161942.135082,143.642532,11.349762,125.640579
161942.176370,143.500534,11.141983,125.135895
161942.217654,143.666245,11.249741,125.653931
161942.258939,143.488525,11.123001,125.587799
161942.300223,143.432892,11.086166,125.451599
161942.341511,143.442108,11.146759,125.213226
161942.382798,143.576843,11.032440,125.425491
161942.424086,143.786041,11.066833,125.247559
161942.465373,143.867172,10.871216,125.270981
161942.506662,143.825180,11.026154,125.007355
161942.547947,143.488022,10.962296,125.078125
161942.589233,143.710983,10.715073,125.253998
161942.630519,143.709900,10.937668,125.279343
161942.671805,143.716766,10.831131,124.885132
161942.713093,143.638245,10.771194,125.018219
161942.754379,143.592850,10.910675,124.938263
161942.795664,143.622971,10.944382,125.026703
161942.836951,143.621307,10.969238,125.438156
161942.878237,143.836060,10.914322,125.480667
161942.919523,143.745758,11.059158,125.520126
161942.960808,143.707977,10.920654,125.114777
161943.002096,143.513779,11.380432,125.254440
161943.043384,143.634369,10.934540,125.436096
161943.084671,143.389664,11.546112,125.382385
161943.125961,143.665222,11.242111,125.267548
161943.167249,143.477249,11.385529,125.004623
161943.208537,143.633041,11.263977,125.283188
161943.249825,143.512039,11.123398,125.521500
161943.291116,143.357132,11.009201,125.475296
161943.332406,143.524109,11.181259,125.522141
161943.373694,143.379593,11.176453,125.243179
161943.414981,143.235733,11.231522,124.987900
161943.456271,143.480179,11.145447,125.053665
161943.497561,143.701553,11.289551,125.012192
161943.538850,143.503281,11.347672,125.087524
161943.580138,143.609207,11.448547,125.461899
161943.621427,143.668961,11.194382,124.985611
161943.662716,143.329025,11.476257,125.567154
161943.704006,143.377686,11.406387,125.015869
161943.745296,143.429398,11.287613,125.116302
161943.786585,143.347473,11.751556,125.316376
161943.827874,143.286469,11.357971,125.351105
161943.869163,143.318558,11.537659,125.344604
161943.910453,143.510300,11.293854,125.289581
161943.951743,143.477768,11.320419,125.200439
161943.993032,143.618881,11.389725,125.104141
161944.034324,143.644211,11.486832,124.906815
161944.075613,143.382889,11.415405,125.268738
161944.116904,143.590271,11.513962,125.072952
161944.158193,143.637131,11.483551,125.061157
161944.199485,143.503677,11.200821,125.235443
161944.240777,143.598450,11.323044,124.956192
161944.282069,143.581757,11.440857,125.077240
161944.323357,143.440170,11.127747,125.374283
161944.364645,143.514633,11.136688,124.918121
161944.405936,143.639282,11.034378,125.315552
161944.447226,143.250595,11.398468,125.145462
161944.488517,143.590851,11.064453,124.910538
161944.529805,143.389114,11.129608,125.221527
161944.571097,143.597458,11.128830,124.825134
161944.612386,143.483246,11.127609,125.271439
161944.653679,143.485596,11.257095,125.343140
161944.694967,143.539948,11.089752,125.262436
161944.736259,143.556381,11.293015,125.586014
161944.777548,143.734833,11.199509,125.065353
161944.818837,143.443481,10.940247,125.234344
161944.860125,143.698608,11.080475,125.487076
161944.901411,143.480865,11.483643,125.232559
161944.942700,143.483231,11.178650,125.057297
161944.983988,143.582062,11.184662,125.114243
161945.025277,143.460953,11.240692,125.158676
161945.066565,143.488297,11.140060,125.052231
161945.107852,143.661835,11.140717,125.032562
161945.149140,143.413223,11.386978,124.868668
161945.190429,143.530426,10.914627,124.895187
161945.231719,143.391312,11.109833,124.826660
161945.273007,143.677216,11.040833,125.062012
161945.314294,143.491272,11.032623,124.818756
161945.355582,143.329300,11.088165,124.637085
161945.396869,143.559357,11.203537,124.726685
161945.438157,143.332413,11.239838,124.663742
161945.479444,143.683136,11.301758,124.800262
161945.520732,143.677673,10.986481,124.898636
161945.562022,143.490067,11.256454,124.871277
161945.603312,143.312988,11.303879,124.610397
161945.644603,143.546310,10.979843,124.847992
161945.685891,143.382736,11.203369,124.953583
161945.727180,143.587402,11.111633,124.932297
161945.768470,143.500443,11.202560,125.254013
161945.809760,143.449219,11.297211,124.917389
161945.851047,143.419647,11.335159,125.105270
161945.892335,143.326050,11.247314,124.782928
161945.933624,143.488968,10.942276,125.126953
161945.974912,143.505264,10.858429,124.952423
161946.016200,143.302643,11.161209,124.709396
161946.057487,143.360886,10.932312,124.845154
161946.098774,143.382751,10.957077,125.166473
161946.140062,143.413010,10.938644,124.715714
161946.181349,143.442169,10.980316,124.822235
161946.222636,143.386246,10.846085,125.049561
161946.263926,143.571518,11.114410,125.069534
161946.305212,143.459824,11.235306,125.206436
161946.346500,143.638916,11.140839,125.143768
161946.387788,143.655823,11.209869,125.234909
161946.429076,143.647385,10.940811,125.162521
161946.470364,143.524582,11.189590,125.221848
161946.511652,143.547470,11.055984,125.163605
161946.552940,143.520538,11.222260,125.158875
161946.594228,143.659332,10.856979,125.201752
161946.635517,143.644211,11.128036,124.942535
161946.676808,143.673431,10.829803,125.308914
161946.718098,143.469482,11.040497,125.154572
161946.759391,143.743011,10.820084,125.381226
161946.800681,143.740021,11.036346,125.556381
161946.841969,143.787720,11.018631,125.656464
161946.883258,144.062256,10.801392,125.565262
161946.924547,143.941299,10.785583,125.419327
161946.965836,143.726028,10.947586,125.184982
161947.007124,143.898300,10.754425,125.170120
161947.048414,143.769073,10.915070,125.385757
161947.089703,143.903610,10.650391,125.304077
161947.130993,143.902222,10.970581,125.436951
161947.172285,143.728348,10.874023,125.107361
161947.213575,143.683868,10.995636,125.091919
161947.254866,143.682831,11.033493,125.399216
161947.296157,143.622437,10.924835,125.429825
161947.337449,143.788559,11.085846,125.445541
161947.378738,143.812119,10.927658,125.408249
161947.420028,143.887466,10.933411,125.388260
161947.461317,143.945847,11.082474,125.217148
161947.502607,143.840637,11.082245,125.326279
161947.543896,143.807480,11.001633,125.169708
161947.585184,143.647400,11.061188,125.339432
161947.626475,143.696045,11.139435,125.341629
161947.667766,143.766113,11.091507,125.411621
161947.709056,143.629593,11.215408,125.276093
161947.750346,143.678345,11.308792,125.151443
161947.791635,143.572800,11.136780,125.084015
161947.832927,143.705048,11.210464,125.083771
161947.874218,143.626923,11.161942,125.206482
161947.915510,143.629013,10.967178,124.861374
161947.956801,143.577469,11.136703,125.099319
161947.998094,143.882904,10.740936,125.055984
161948.039386,143.740433,11.045044,125.048035
161948.080680,143.694595,11.013794,125.090454
161948.121974,143.616013,10.867599,125.051498
161948.163267,143.619217,10.764450,124.956833
161948.204558,143.639084,10.992767,125.332092
161948.245849,143.840897,10.884155,125.247589
161948.287139,143.649857,11.058685,124.992569
161948.328430,143.528732,11.386536,125.216461
161948.369722,143.662369,11.129807,125.240891
161948.411013,143.782501,11.066330,125.049759
161948.452305,143.666840,11.323441,125.058395
161948.493599,143.534042,11.098877,124.879272
161948.534890,143.462555,11.306152,125.348740
161948.576183,143.634918,10.998734,125.201462
161948.617474,143.530807,11.164673,125.114105
161948.658766,143.515839,11.150131,124.994232
161948.700057,143.630249,11.056747,125.062271
161948.741348,143.545181,11.101318,125.238052
161948.782639,143.606583,11.076736,125.225082
161948.823930,143.489975,10.875183,124.935059
161948.865218,143.717590,11.167953,124.919174
161948.906507,143.484741,11.481308,124.841354
161948.947795,143.560577,11.484680,125.339050
161948.989085,143.711624,11.050537,125.209869
161949.030378,143.696564,11.275360,125.181305
161949.071670,143.655579,11.314301,124.920074
161949.112962,143.906525,11.348038,124.788773
161949.154254,143.477386,11.460098,125.480331
161949.195544,143.637512,11.279312,125.159683
161949.236832,143.537125,11.228745,125.123901
161949.278121,143.839828,11.248032,125.132385
161949.319410,143.627289,11.331329,124.765060
161949.360700,143.515579,11.007339,124.868713
161949.401991,143.609299,11.083557,124.657654
161949.443279,143.460434,11.235046,124.837082
161949.484568,143.486893,11.296387,124.858215
161949.525859,143.674194,11.368576,125.091492
161949.567151,143.577896,11.117569,124.628143
161949.608438,143.510818,11.265289,125.064346
161949.649725,143.547440,11.546021,125.092163
161949.691016,143.667740,11.374542,124.784988
161949.732305,143.583206,11.187088,124.798950
161949.773591,143.682373,11.472595,124.907684
161949.814880,143.480621,11.225342,124.850510
161949.856166,143.513107,11.272079,124.558563
161949.897455,143.510651,11.290314,124.529968
161949.938744,143.403625,11.345291,124.726334
161949.980034,143.378830,11.139893,124.758438
161950.021326,143.344986,11.494492,125.064240
161950.062618,143.507523,11.179245,124.912399
161950.103910,143.368622,11.343109,125.396042
161950.145201,143.496780,11.040939,125.233658
161950.186492,143.447098,11.259003,125.109268
161950.227784,143.340881,11.246185,124.852707
161950.269078,143.261948,11.408859,125.015030
161950.310373,143.250656,11.272705,124.675262
161950.351665,143.567139,11.482620,125.083527
161950.392958,143.372665,11.523819,125.145233
161950.434251,143.379181,11.433456,124.993958
161950.475542,143.469330,11.439362,125.078568
161950.516834,143.330231,11.400452,125.063950
161950.558124,143.188538,11.510666,125.119598
161950.599415,143.244965,11.337585,125.298111
161950.640706,143.389130,11.315399,125.299652
161950.681998,143.469788,11.117691,125.156631
161950.723289,143.880096,11.186325,125.277039
161950.764581,143.587662,11.133194,125.177933
161950.805872,143.404877,11.307892,125.324600
161950.847163,143.643417,11.132385,125.068909
161950.888455,143.778915,11.367279,125.075439
161950.929747,143.897522,11.070053,125.151459
161950.971039,143.734879,11.269180,125.150162
161951.012330,143.655045,11.250977,125.118805
161951.053623,143.902161,11.276108,125.356918
161951.094912,143.765121,11.059769,125.204102
