162536.595245,144.774887,10.472488,124.426224
162536.636546,144.518753,10.647980,124.667435
162536.677848,144.592499,10.287628,124.441849
162536.719152,144.758362,10.307144,124.280197
162536.760455,144.925156,10.238770,124.687302
162536.801756,144.738037,10.206528,124.630005
162536.843056,144.665665,10.468933,124.549164
162536.884355,144.921280,10.372940,124.708496
162536.925656,144.811737,10.217392,124.505112
162536.966957,144.874100,10.289963,124.491562
162537.008259,144.807419,10.312714,124.345795
162537.049560,144.776566,10.313843,124.570160
162537.090861,144.379105,10.468796,124.522919
162537.132161,144.641418,10.465134,124.561020
162537.173462,144.780563,10.261703,124.451614
162537.214765,144.594513,10.332642,124.607437
162537.256066,144.503601,10.780151,124.584061
162537.297368,144.460007,10.543808,124.530899
162537.338666,144.618210,10.474075,124.776901
162537.379969,144.374893,10.509079,124.555771
162537.421271,144.520004,10.502792,124.694656
162537.462574,144.428314,10.331741,124.321213
162537.503874,144.418457,10.524261,124.552597
162537.545174,144.372726,10.435135,124.698318
162537.586476,144.549606,10.247391,124.385696
162537.627777,144.640564,10.446075,124.350174
162537.669076,144.784332,10.408401,124.140045
162537.710377,144.772247,10.232880,124.136230
162537.751677,144.637955,10.079773,124.814362
162537.792977,144.836517,10.168411,124.519424
162537.834276,144.699463,10.451935,124.452560
162537.875578,144.652191,10.342789,124.640564
162537.916880,144.637787,10.283142,124.177902
162537.958183,144.588333,10.486771,124.405685
162537.999483,144.531128,10.360718,124.828995
162538.040784,144.743637,10.574814,124.709473
162538.082084,144.726471,10.333282,124.644119
162538.123386,144.610840,10.396072,124.403687
162538.164691,144.737549,10.451813,124.421402
162538.205991,144.621704,10.489349,124.402466
162538.247293,144.734146,10.219254,124.284012
162538.288598,144.721283,10.236450,124.580734
162538.329903,144.726242,10.082123,124.261169
162538.371204,144.576721,10.214188,124.358047
162538.412508,144.591660,10.246597,124.120270
162538.453807,144.521133,10.343781,124.249664
162538.495108,144.707581,10.313721,124.245148
162538.536409,144.651382,10.284042,124.207489
162538.577711,144.788101,10.197327,124.158569
162538.619012,144.575226,10.218674,124.099243
162538.660313,144.701874,10.281052,124.946396
162538.701616,144.611893,10.289276,124.344940
162538.742921,144.438980,10.157944,124.496185
162538.784224,144.523605,10.428101,124.372543
162538.825526,144.709290,10.113785,124.312103
162538.866829,144.559067,10.526901,124.573776
162538.908132,144.544022,10.394501,124.572998
162538.949436,144.630905,10.459854,124.527878
162538.990740,144.660065,10.441055,124.310120
162539.032046,144.555206,10.335999,124.419601
162539.073350,144.648407,10.520660,124.883484
162539.114652,144.600891,10.358734,124.613831
162539.155952,144.529282,10.291382,124.464813
162539.197254,144.683945,10.508972,124.269775
162539.238554,144.592529,10.330139,124.571152
162539.279855,144.508194,10.182846,124.527039
162539.321157,144.403412,10.273605,124.482895
162539.362460,144.468353,10.328506,124.497314
162539.403763,144.416946,10.374847,124.619980
162539.445069,144.611206,10.329987,124.365997
162539.486371,144.377625,10.297058,124.283676
162539.527673,144.506485,10.587280,124.683365
162539.568976,144.674118,10.501572,124.702805
162539.610275,144.497925,10.515198,124.727676
162539.651576,144.504410,10.432693,124.655533
162539.692876,144.472366,10.340042,124.610947
162539.734175,144.636765,10.313904,124.220306
162539.775476,144.352417,10.399872,124.532257
162539.816778,144.362686,10.258652,124.676208
162539.858081,144.587006,10.195557,124.389114
162539.899383,144.774857,10.156464,124.255356
162539.940685,144.758224,10.187164,124.325607
162539.981987,144.593018,10.012558,124.549622
162540.023289,144.383209,10.455414,124.644379
162540.064591,144.566086,10.296661,124.771744
162540.105895,144.447006,10.342239,124.778427
162540.147197,144.676697,10.247360,124.507034
162540.188500,144.744583,10.410172,124.722153
162540.229802,144.576401,10.472672,124.594269
162540.271106,144.588730,10.564468,124.833572
162540.312410,144.759903,10.291504,124.786789
162540.353713,144.641663,10.365326,124.735352
162540.395016,144.573486,10.555573,124.803528
162540.436320,144.532440,10.504410,124.641220
162540.477623,144.546021,10.304031,124.875992
162540.518926,144.720749,10.482834,124.964752
162540.560229,144.609161,10.309250,124.735489
162540.601531,144.434280,10.595734,124.731247
162540.642832,144.462692,10.502335,124.830811
162540.684137,144.557053,10.349396,124.841110
162540.725445,144.600525,10.623795,124.329895
162540.766750,144.528427,10.328125,124.967590
162540.808053,144.461716,10.498138,124.841217
162540.849357,144.615967,10.418411,124.644485
162540.890662,144.483246,10.289703,124.443756
162540.931967,144.731613,10.570267,124.524246
162540.973275,144.561920,10.292648,124.374374
162541.014579,144.675873,10.085739,124.484451
162541.055884,144.555420,10.272095,124.617874
162541.097189,144.568619,10.418137,124.319977
162541.138492,144.448624,10.246216,124.531799
162541.179795,144.259186,10.217606,124.655823
162541.221097,144.210358,10.362823,124.678833
162541.262399,144.461472,10.253708,124.617996
162541.303701,144.484879,10.166061,124.554550
162541.345003,144.555908,10.293152,124.448685
162541.386305,144.632080,10.288315,124.716919
162541.427609,144.304535,10.568848,124.619919
162541.468912,144.670227,10.453033,124.428421
162541.510213,144.493637,10.342209,124.304688
162541.551514,144.682266,10.152740,124.443939
162541.592819,144.377396,10.564987,124.241699
162541.634123,144.540298,10.414978,124.101990
162541.675422,144.517105,10.222763,124.232849
162541.716722,144.501816,10.348602,124.452057
162541.758023,144.505875,10.342926,124.271194
162541.799324,144.574692,10.429382,124.321335
162541.840625,144.579376,10.273972,124.560074
162541.881928,144.603165,10.426010,124.282501
162541.923231,144.617447,10.090012,124.786758
162541.964533,144.609024,10.268448,124.724945
162542.005834,144.656998,10.313385,124.754486
162542.047133,144.752197,10.124893,124.451248
162542.088431,144.645493,10.089813,124.606155
162542.129730,144.588333,10.052292,124.518631
162542.171031,144.803665,10.157150,124.126663
162542.212332,144.547989,10.077881,124.363174
162542.253632,144.709930,10.110336,124.439880
162542.294935,144.937256,9.969299,124.695892
162542.336236,144.563583,10.213516,124.733032
162542.377536,144.474579,10.292130,124.323502
162542.418837,144.440582,10.182587,124.336014
162542.460138,144.533936,10.155823,124.749466
162542.501439,144.528580,10.179855,124.577255
162542.542742,144.497147,10.409210,124.547394
162542.584043,144.431076,10.177063,124.812119
162542.625345,144.194061,10.403137,124.490707
162542.666646,144.314941,10.182770,124.336258
162542.707947,144.632233,10.235382,124.584229
162542.749248,144.625259,10.301559,124.624512
162542.790552,144.400192,10.355515,124.569626
162542.831855,144.452789,10.310303,124.740036
162542.873161,144.465500,10.438202,124.861710
162542.914468,144.428223,10.200668,124.843079
162542.955772,144.306595,10.387863,124.753006
162542.997075,144.538116,10.215851,124.764465
162543.038377,144.651733,10.217926,125.060410
162543.079678,144.443253,10.475143,124.880539
162543.120981,144.482101,10.212341,124.539780
162543.162284,144.394821,10.215042,124.842926
162543.203584,144.394928,10.102539,124.668243
162543.244885,144.706345,10.082184,124.818420
162543.286186,144.426208,10.325119,124.682327
162543.327483,144.773361,10.242889,124.971268
162543.368781,144.649857,10.259216,124.849548
162543.410080,144.706848,10.084686,124.800949
162543.451381,144.678696,10.254318,124.729828
162543.492681,144.597214,10.422470,125.059738
162543.533981,144.733200,10.350876,125.115234
162543.575284,144.744080,10.355240,125.022720
162543.616583,144.663834,10.104645,124.687332
162543.657883,144.627823,10.265976,124.816284
162543.699182,144.559357,10.038864,125.116821
162543.740482,144.715958,10.164017,124.964645
162543.781783,144.701096,10.256088,125.089600
162543.823085,144.356033,10.390045,124.865387
162543.864386,144.498825,10.096710,124.806870
162543.905686,144.508911,10.397751,125.095749
162543.946986,144.538361,9.952286,124.613174
162543.988286,144.663010,9.944794,124.854202
162544.029588,144.560638,10.117081,124.551727
162544.070891,144.488297,10.221039,124.761826
162544.112190,144.534241,10.119202,124.807922
162544.153490,144.655960,10.394196,124.761017
162544.194791,144.488098,10.478561,125.023163
162544.236090,144.312393,10.487961,124.792160
162544.277391,144.691635,10.256073,124.807983
162544.318694,144.427200,10.186050,124.959854
162544.359997,144.625244,10.262115,124.445770
162544.401299,144.416351,10.172714,124.331207
162544.442603,144.311844,10.500336,124.631012
162544.483906,144.518417,10.228409,124.810776
162544.525208,144.385681,10.239700,124.561676
162544.566508,144.489517,10.282761,124.744614
162544.607809,144.370468,10.292267,124.719711
162544.649112,144.532776,10.146454,124.611710
162544.690418,144.549637,10.343842,124.863312
162544.731721,144.524261,10.365860,124.693588
162544.773023,144.604279,10.432693,124.921890
162544.814326,144.538528,10.250229,124.739075
162544.855631,144.562775,10.202454,124.882568
162544.896935,144.386353,10.180649,124.787399
162544.938238,144.588486,10.160049,124.954102
162544.979541,144.397217,10.268875,125.038284
162545.020846,144.464630,10.240891,124.868225
162545.062150,144.382462,10.152176,124.955017
162545.103454,144.600830,10.084473,124.745148
162545.144758,144.495850,9.993896,124.522720
162545.186063,144.657928,10.097931,124.952103
162545.227366,144.818176,10.074646,124.789474
162545.268670,144.628525,10.167389,124.745819
162545.309972,144.698593,10.076981,124.703217
162545.351275,144.807663,10.181808,124.911972
162545.392576,144.807373,10.269363,124.968048
162545.433875,144.782608,10.171783,124.851730
162545.475175,144.453094,10.409378,125.225967
162545.516474,144.558777,10.014206,124.954254
162545.557775,144.459381,10.285187,124.992294
162545.599077,144.767776,10.173706,125.332703
162545.640379,144.830597,10.267014,124.577713
162545.681680,144.906586,10.363358,125.047180
162545.722980,144.677475,10.125305,124.919144
162545.764281,144.718811,9.753830,124.764526
162545.805582,144.679092,10.091064,124.491714
162545.846882,144.767685,10.080109,125.199844
162545.888185,144.816162,10.093170,125.195206
162545.929485,144.734543,10.297470,124.917297
162545.970786,144.762207,10.162323,125.435898
162546.012087,144.712723,10.119629,125.126740
162546.053388,144.929276,10.329224,125.388855
162546.094690,144.758896,10.372375,124.881393
162546.135991,144.554977,10.477005,124.664688
162546.177292,144.686752,10.242508,124.861618
162546.218596,144.726608,10.124359,125.287628
162546.259899,144.359070,10.172791,125.003418
162546.301203,144.721619,10.320343,124.918259
162546.342506,144.654449,10.252304,125.163391
162546.383810,144.563095,10.214111,125.107269
162546.425114,144.532318,10.278000,124.814499
162546.466416,144.627945,9.903259,124.970932
162546.507720,144.445099,10.062698,125.100616
162546.549023,144.448074,10.452988,125.257904
162546.590326,144.579102,10.127792,125.192719
162546.631629,144.680832,10.137985,125.136383
162546.672934,144.778488,10.200638,124.924011
162546.714237,144.678162,10.142731,124.809311
162546.755543,144.815659,10.266602,124.927032
162546.796850,144.805695,10.088135,125.199753
162546.838152,144.733002,10.178024,125.039764
162546.879455,144.824692,10.231552,124.780624
162546.920759,144.777466,10.142776,125.106628
162546.962062,144.733002,10.063629,124.879486
162547.003366,144.849182,9.823761,124.592896
162547.044672,144.843597,9.865448,124.576202
162547.085975,144.810455,10.081238,124.614380
162547.127277,144.562592,10.047104,124.787766
162547.168578,144.792175,10.010727,125.007080
162547.209881,144.726181,9.861923,124.809692
162547.251183,144.744400,10.201782,124.833008
162547.292486,144.880692,9.963638,124.759232
162547.333789,144.871872,9.688705,124.721451
162547.375094,145.011276,9.709869,124.993713
162547.416399,144.790970,9.861343,124.509644
162547.457701,144.839859,9.828964,124.783844
162547.499005,144.807358,9.810150,124.803436
162547.540306,144.881866,9.925797,125.113419
162547.581607,144.845474,9.834351,124.714508
162547.622909,144.645599,10.023407,125.011887
162547.664210,144.860489,9.805481,124.584824
162547.705511,144.903076,9.857376,124.839508
162547.746813,144.776352,9.915390,124.427704
162547.788116,144.894867,9.702698,124.744492
162547.829418,145.030914,9.631927,124.743164
162547.870722,144.590820,10.007660,124.668381
162547.912027,144.912781,9.885895,124.845764
162547.953331,144.739517,9.885223,124.575241
162547.994636,144.601532,10.074051,124.801468
162548.035941,144.585968,10.011734,124.521088
162548.077244,144.742157,10.141479,125.391907
162548.118547,144.843689,9.890106,125.007095
162548.159849,144.826477,10.074585,125.334854
162548.201153,144.651672,10.006409,124.991913
162548.242458,144.879578,9.944214,124.908920
162548.283762,144.906281,9.932571,124.769974
162548.325067,144.636063,9.976028,124.620361
162548.366373,144.974640,9.790039,124.867462
162548.407679,144.992920,9.651642,125.047760
162548.448981,144.930481,9.738998,125.014282
162548.490282,144.639847,9.945129,125.262451
162548.531584,144.687027,10.076065,125.291214
162548.572888,144.717026,10.083389,125.173309
162548.614195,144.587265,10.064468,125.233917
162548.655499,144.561310,9.924637,125.174591
162548.696802,144.661301,10.013687,125.125732
162548.738107,144.826645,10.222412,125.083389
162548.779409,144.881592,9.877625,125.060455
162548.820712,144.675430,10.068420,124.933578
162548.862015,144.630615,10.046036,125.322784
162548.903321,144.550537,9.954926,125.017532
162548.944623,144.572510,10.059845,124.453857
162548.985925,144.634796,10.071640,124.528656
162549.027228,144.563705,10.037903,124.300323
162549.068530,144.649780,9.792358,124.634781
162549.109833,144.504333,9.878204,124.742981
162549.151137,144.527161,9.947556,124.776398
162549.192441,144.581680,10.052887,124.538696
162549.233744,144.806412,9.831207,124.449005
162549.275051,144.785141,9.862335,124.320236
162549.316356,144.901810,9.912842,124.626221
162549.357662,144.614334,10.012329,124.546204
162549.398967,144.659256,10.051453,124.507523
162549.440274,144.703888,10.107101,124.806702
162549.481577,144.517426,10.044601,124.734268
162549.522879,144.646606,10.009155,124.796021
162549.564183,144.559952,10.179474,125.033829
162549.605488,144.407013,10.158722,124.936386
162549.646791,144.479935,10.106445,124.796875
162549.688097,144.417831,10.015945,124.590958
162549.729404,144.403976,10.155029,124.559860
162549.770708,144.216751,10.117493,124.613007
162549.812014,144.584763,10.019470,124.997375
162549.853319,144.452225,10.337936,124.899063
162549.894623,144.480301,10.190582,124.989395
162549.935927,144.779236,9.936325,124.869537
162549.977231,144.359940,10.108551,124.676910
162550.018536,144.599472,9.867493,124.481476
162550.059839,144.343704,10.404373,124.827881
162550.101142,144.594147,10.051605,124.424393
162550.142446,144.539337,10.174561,124.691452
162550.183749,144.592575,10.047668,124.597839
162550.225052,144.609818,10.031281,124.336182
162550.266355,144.355591,10.056961,124.762268
162550.307656,144.505630,10.143158,124.683365
162550.348956,144.573914,10.030319,124.620728
162550.390258,144.498199,9.933624,124.760529
162550.431562,144.511520,9.981750,124.890060
162550.472866,144.412445,9.977005,124.691910
162550.514171,144.541580,9.992050,124.808182
162550.555477,144.731613,9.972626,125.088058
162550.596782,144.901978,9.778442,124.743118
162550.638086,144.789948,10.077972,125.033615
162550.679390,144.668671,10.035416,125.454346
162550.720693,144.709808,10.145340,125.357971
162550.761996,144.781158,10.106888,125.124939
162550.803300,144.651245,10.137604,124.977844
162550.844602,144.780411,9.967743,124.581512
162550.885904,144.959351,10.013519,124.616501
162550.927207,144.657745,10.150436,124.492630
162550.968509,144.697845,10.022018,124.616745
162551.009810,144.741119,10.084412,124.844818
162551.051112,144.611145,9.974045,124.759048
162551.092416,144.964493,9.944580,124.458664
162551.133719,144.796051,9.792938,124.629425
162551.175026,144.834564,10.060455,124.871948
162551.216332,144.899033,9.934006,124.811783
162551.257638,144.649963,9.867371,124.730637
162551.298940,144.669128,10.123169,124.538162
162551.340241,144.563324,10.281113,124.837906
162551.381542,144.607513,10.359726,124.604797
162551.422843,144.678452,10.121521,124.392227
162551.464146,144.631042,10.180817,124.892105
162551.505448,144.562195,10.150421,124.709229
162551.546750,144.510071,10.340439,124.672104
162551.588053,144.759811,10.166733,124.900635
162551.629354,144.698364,10.117706,124.400238
162551.670657,144.586472,10.080688,125.073669
162551.711960,144.561218,10.078247,124.486008
162551.753265,144.900436,10.341843,124.656631
162551.794568,144.593445,10.239334,125.051208
162551.835873,144.527390,10.265793,124.811813
162551.877177,144.597641,10.235519,125.025970
162551.918480,144.624603,10.328537,124.602036
162551.959783,144.860611,10.235870,124.690994
162552.001089,144.700241,10.423874,124.763794
162552.042393,144.593430,10.394135,125.118301
162552.083695,144.856110,10.181488,124.773972
162552.125000,144.759964,10.197708,124.610168
162552.166303,144.613571,10.481140,124.615738
162552.207606,144.482635,10.591919,124.462433
162552.248907,144.591827,10.401184,124.298401
162552.290208,144.846527,10.176971,124.128754
162552.331513,144.550156,10.364243,124.469803
162552.372816,144.747696,10.224854,124.602173
162552.414116,144.819962,10.187820,124.631866
162552.455415,144.758209,10.453278,124.308365
162552.496712,144.806961,10.238739,124.256516
162552.538012,144.512100,10.315903,124.426956
162552.579312,144.729599,10.158051,124.287186
162552.620612,144.568878,10.215942,124.630905
162552.661913,144.652802,10.534653,124.624725
162552.703217,144.873001,10.309937,124.374252
162552.744519,144.763657,10.223831,124.310425
162552.785823,144.594193,10.179184,124.376831
162552.827124,144.742828,10.472458,124.401840
162552.868427,144.809799,10.250732,124.368652
162552.909729,144.649063,10.498917,124.304443
162552.951032,144.887756,10.358109,124.102509
162552.992334,144.665039,10.415604,124.387070
162553.033636,144.772125,10.178513,124.292496
162553.074938,144.369049,10.559555,124.116699
162553.116241,144.580841,10.423889,124.457764
162553.157545,144.629166,10.278488,124.396347
162553.198849,144.598663,10.365112,124.618195
162553.240150,144.712189,10.408127,124.352264
162553.281453,144.751328,10.423203,124.545364
162553.322755,144.540176,10.464935,124.386856
162553.364058,144.622772,10.469971,124.602264
162553.405363,144.618027,10.294998,123.898453
162553.446669,144.498230,10.454742,124.535950
162553.487973,144.548737,10.581558,124.275787
162553.529278,144.552994,10.621872,124.399826
162553.570582,144.776077,10.340637,124.182144
162553.611886,144.517441,10.428543,124.404572
162553.653190,144.506317,10.416260,123.975586
162553.694495,144.593094,10.254486,124.415009
162553.735798,144.287964,10.416489,124.251434
162553.777100,144.640060,10.340393,124.580902
162553.818402,144.567963,10.090897,124.178177
162553.859706,144.355911,10.356796,124.258682
162553.901009,144.544586,10.258652,124.227432
162553.942312,144.359451,10.473099,124.539825
162553.983614,144.684479,10.497223,124.235519
162554.024918,144.497818,10.413132,124.495453
162554.066221,144.461487,10.500656,124.575439
162554.107522,144.686127,10.158234,124.411057
162554.148826,144.644882,10.475754,124.502396
162554.190131,144.619644,10.487717,124.378387
162554.231436,144.700211,10.426224,124.726440
162554.272739,144.684479,10.560196,124.859970
162554.314040,144.741013,10.044220,124.521759
162554.355341,144.695221,10.292191,124.896271
162554.396644,144.877502,10.294601,125.088821
162554.437947,144.565536,10.194183,124.355347
162554.479249,144.690079,10.290207,124.843338
162554.520549,144.446579,10.231949,124.747971
162554.561849,144.621124,10.376678,124.469101
162554.603151,144.648270,10.143265,124.608704
162554.644452,144.420380,10.291824,124.500381
162554.685753,144.801590,10.289368,124.246780
162554.727055,144.257782,10.307068,124.586243
162554.768358,144.498947,10.362656,124.461456
162554.809661,144.617508,10.208939,124.608246
162554.850966,144.360535,10.426071,124.499771
162554.892269,144.591614,10.195663,124.666214
162554.933573,144.583084,10.337128,124.556107
162554.974878,144.096481,10.451584,124.412842
162555.016184,144.357315,10.339005,124.758499
162555.057488,144.593048,10.037338,124.943130
162555.098790,144.507782,10.061935,124.935562
162555.140093,144.385391,10.339828,124.610443
162555.181394,144.458588,10.325470,124.690323
162555.222697,144.651352,10.358398,124.556625
162555.263999,144.314285,10.330597,124.653351
162555.305305,144.509323,10.464218,124.536346
162555.346611,144.428055,10.361786,124.423096
162555.387916,144.659164,10.153076,124.368271
162555.429221,144.676666,10.162140,124.665421
162555.470524,144.506729,10.247726,124.558151
162555.511827,144.584778,10.411148,124.420197
162555.553130,144.450317,10.290710,124.140015
162555.594432,144.481903,10.308777,124.331085
162555.635735,144.624619,10.225189,124.294922
162555.677037,144.604691,9.970871,124.190659
162555.718341,144.543137,10.312683,124.319641
162555.759646,144.366196,10.217209,124.051712
162555.800947,144.590683,10.178085,124.293991
162555.842250,144.395126,10.339951,124.588226
162555.883554,144.416489,10.250549,124.448868
162555.924855,144.767136,10.215332,124.528580
162555.966161,144.668121,10.202087,124.282730
162556.007465,144.771500,10.198288,124.452118
162556.048766,144.559952,10.275955,124.800461
162556.090068,144.547302,10.169739,124.603622
162556.131371,144.767685,10.318100,124.542084
162556.172673,144.551605,10.462494,124.522675
162556.213977,144.738342,10.214828,124.520813
162556.255278,144.707504,10.081390,124.415985
162556.296580,144.608139,10.405228,124.437469
162556.337884,144.341965,10.374741,124.722519
162556.379186,144.505997,10.201843,124.972946
162556.420488,144.349487,10.269989,124.787216
162556.461792,144.565063,10.527054,124.898911
162556.503095,144.510162,10.277863,124.757996
162556.544401,144.538834,10.246506,124.683533
162556.585707,144.474182,10.227066,124.606125
162556.627013,144.554718,10.399689,124.368271
162556.668316,144.538422,10.297653,124.415634
162556.709620,144.661987,10.085297,124.295792
162556.750925,144.560410,10.236923,124.608154
162556.792230,144.565140,10.266739,124.346924
162556.833537,144.552002,10.372681,124.354889
162556.874842,144.566696,10.359985,124.146484
162556.916146,144.693542,10.223022,124.476105
162556.957450,144.723480,10.119934,124.606064
162556.998755,144.722672,10.056107,124.517990
162557.040059,144.411835,10.118362,124.537323
162557.081361,144.834808,10.144730,124.697586
162557.122666,144.737335,10.150146,124.624023
162557.163972,144.517776,10.212921,124.659103
162557.205278,144.563187,10.259659,124.999283
162557.246582,144.654175,10.181396,124.696152
162557.287885,144.721024,10.158936,124.594070
162557.329190,144.818344,10.279800,124.656296
162557.370497,144.838409,10.079605,124.679764
162557.411805,144.669495,10.219925,124.279739
162557.453115,144.935120,10.288498,124.750732
162557.494421,144.769547,10.214874,124.295822
162557.535728,144.763748,10.087357,124.313416
162557.577032,144.640564,10.082336,124.348267
162557.618338,144.547607,10.208725,124.616608
162557.659645,144.608734,10.032440,124.611679
162557.700951,144.612183,10.148224,124.391449
162557.742254,144.842804,10.231247,124.703995
162557.783559,144.566803,10.163284,124.674377
162557.824863,144.584793,10.067764,124.498322
162557.866167,144.664230,10.106949,124.696716
162557.907473,144.564255,10.138275,124.629364
162557.948777,144.597260,10.197632,124.994385
162557.990082,144.511734,10.340424,124.293350
162558.031387,144.427643,10.113846,124.433365
162558.072694,144.574097,10.140366,124.368744
162558.113999,144.549973,10.429840,124.742340
162558.155306,144.460403,10.050964,124.742691
162558.196611,144.598892,10.121399,124.384705
162558.237917,144.565903,9.963425,124.523727
162558.279223,144.648911,9.929626,124.469055
162558.320527,144.511246,10.252655,124.727463
162558.361832,144.537582,10.423584,124.851013
162558.403135,144.758240,9.954620,124.779053
162558.444440,144.762772,10.176300,124.872406
162558.485746,144.687592,10.316681,125.057999
162558.527052,144.583450,10.301544,125.037643
162558.568355,144.596970,10.263977,124.921356
162558.609660,144.430695,10.433929,124.966660
162558.650966,144.504395,10.309464,124.847092
162558.692271,144.691620,10.438995,124.680206
162558.733575,144.621033,10.022736,124.496704
162558.774880,144.712234,10.334808,124.678253
162558.816185,144.442963,10.353668,124.270279
162558.857492,144.288193,10.463257,124.322647
162558.898799,144.281509,10.333115,124.501862
162558.940107,144.347168,10.313599,124.446747
162558.981414,144.573746,10.444458,124.730072
162559.022720,144.654495,10.228333,124.365585
162559.064026,144.488235,10.475052,124.546402
162559.105333,144.546188,10.369568,124.255920
162559.146638,144.708023,10.303513,124.406265
162559.187944,144.643906,10.387650,124.346008
162559.229251,144.585846,10.753586,124.663391
162559.270559,144.713364,10.452576,124.648254
162559.311866,144.610489,10.296249,124.229431
162559.353171,144.477509,10.281250,123.985062
162559.394477,144.668732,10.547775,124.603653
162559.435782,144.545776,10.403793,124.593369
162559.477087,144.575821,10.225830,124.725403
162559.518391,144.532684,10.474670,124.524078
162559.559695,144.421326,10.241837,124.175827
162559.601001,144.719833,10.220947,124.214935
162559.642308,144.436600,10.122864,124.133636
162559.683612,144.609741,10.202621,124.781876
162559.724917,144.614029,10.294159,124.718338
162559.766224,144.472244,10.088333,124.363480
162559.807530,144.812271,10.235123,124.130234
162559.848836,144.712402,10.281738,124.355133
162559.890140,144.621307,10.327667,124.592499
162559.931446,144.606384,10.151169,124.737488
162559.972752,144.687561,10.148315,124.352051
162560.014063,144.631577,10.098679,124.351791
162560.055371,144.565842,10.188187,124.351395
162560.096680,144.463913,10.583008,124.444901
162560.137987,144.659485,10.224030,124.413254
162560.179294,144.646820,10.099457,124.568146
162560.220600,144.476166,10.262329,124.482300
162560.261905,144.758926,10.209366,124.604431
162560.303212,144.835770,10.293533,125.083344
162560.344518,144.628571,10.239746,124.713577
162560.385823,144.668152,10.255524,124.508789
162560.427129,144.608582,10.266663,124.639725
162560.468436,144.757462,10.162918,124.516449
162560.509742,144.808456,10.183319,124.202957
162560.551046,144.983963,10.225250,124.383606
162560.592350,144.588287,10.493759,124.451080
162560.633655,144.794937,10.380051,124.585342
162560.674962,144.739716,10.536240,124.481033
162560.716267,144.868317,10.333588,124.689926
162560.757572,144.471085,10.443100,124.329391
162560.798877,144.632385,10.163635,124.338898
162560.840182,144.429382,10.291382,124.477310
162560.881490,144.765533,10.195358,124.653458
162560.922795,144.430313,10.368790,124.241226
162560.964098,144.498474,10.252319,124.265610
162561.005400,144.628159,10.223022,124.195007
162561.046701,144.567078,10.262039,124.359665
162561.088003,144.737259,10.172913,124.253632
162561.129306,144.760376,10.191437,124.205994
162561.170611,144.630341,10.177307,124.529465
162561.211917,144.680862,10.430908,124.357132
162561.253223,144.649948,10.346817,124.424713
162561.294528,144.607437,10.247070,124.362152
162561.335834,144.576462,10.347595,124.195984
162561.377141,144.470825,10.433640,124.623215
162561.418445,144.644745,10.286591,124.794022
162561.459748,144.729477,10.025452,124.664536
162561.501052,144.516922,10.344574,124.675262
162561.542356,144.487289,10.361130,124.590744
162561.583659,144.580460,10.196991,124.277817
162561.624961,144.637634,10.365845,124.399796
162561.666265,144.503525,10.433411,124.442093
162561.707571,144.396515,10.299545,124.602814
162561.748879,144.566864,10.150711,124.758575
162561.790186,144.494476,10.180817,124.792328
162561.831495,144.536728,10.410950,124.707672
162561.872804,144.626175,10.391052,124.818481
162561.914109,144.566422,10.455643,124.878250
162561.955416,144.750000,10.347305,124.869400
162561.996720,144.776260,10.203125,124.525650
162562.038024,144.609009,10.251572,124.825745
162562.079331,144.522705,10.377426,124.310120
162562.120637,144.375778,10.366974,124.762329
162562.161942,144.838318,10.163986,124.458939
162562.203247,144.581909,10.030014,124.429321
162562.244555,144.680527,10.437973,124.627014
162562.285861,144.541550,10.494034,124.633133
162562.327167,144.714935,10.218521,124.469467
162562.368472,144.500320,10.227402,124.653656
162562.409778,144.568130,10.351059,124.894577
162562.451083,144.549194,10.583969,124.809601
162562.492389,144.505524,10.639786,124.608261
162562.533693,144.549561,10.633820,124.530914
162562.575000,144.775406,10.399673,124.418396
162562.616308,144.711227,10.372803,124.611603
162562.657615,144.865677,10.264587,124.182739
162562.698924,144.511871,10.350006,124.271637
162562.740230,144.669571,10.278671,124.054108
162562.781537,144.484406,10.293777,124.605865
162562.822844,144.707352,10.144455,124.608994
162562.864153,144.581909,10.461792,124.460999
162562.905461,144.551788,9.964584,124.454575
162562.946771,144.637527,10.134857,124.191818
162562.988082,144.776001,10.155518,124.578232
162563.029390,144.731293,10.169159,124.498947
162563.070698,144.748169,10.155121,124.423538
162563.112007,144.847717,10.284454,124.963715
162563.153316,144.758865,10.572098,124.548843
162563.194625,144.607529,10.370834,124.463287
162563.235934,144.759491,10.439682,124.100220
162563.277242,144.770096,10.380463,124.435471
162563.318551,144.528885,10.497009,124.477356
162563.359859,144.666321,10.387131,124.336273
162563.401164,144.661484,10.371857,124.131485
162563.442471,144.624451,10.170929,124.586365
162563.483777,144.418716,10.251511,124.528061
162563.525084,144.607300,10.354813,124.225571
162563.566392,144.697495,10.040985,124.081604
162563.607699,144.763367,10.296936,124.352615
162563.649006,144.858459,10.208420,124.455383
162563.690317,144.839066,10.180450,124.420807
162563.731624,144.714142,10.479401,124.682617
162563.772930,144.645203,10.441757,124.202942
162563.814235,144.737061,10.206970,124.197800
162563.855541,144.683701,10.514511,124.557953
162563.896848,144.773148,10.258942,124.595688
162563.938156,144.726715,10.220535,124.603195
162563.979464,144.810440,10.162201,124.476746
162564.020771,144.716553,10.500397,124.740479
162564.062076,144.735260,10.222504,124.250580
162564.103380,144.456039,10.446976,124.331741
162564.144687,144.338379,10.577911,124.280350
162564.185994,144.573273,10.485855,124.212875
162564.227299,144.635773,10.393387,124.704819
162564.268607,144.645996,10.342606,124.679626
162564.309910,144.720367,10.559875,124.192383
162564.351215,144.574432,10.424988,124.404648
162564.392519,144.510635,10.577560,124.566559
162564.433825,144.603271,10.493240,124.332687
162564.475130,144.512939,10.411026,124.098389
162564.516436,144.505615,10.519516,124.243042
162564.557740,144.643738,10.508377,124.516647
162564.599044,144.845032,10.453354,124.414185
162564.640348,144.651367,10.510986,124.352402
162564.681652,144.908936,10.210815,124.293243
162564.722959,144.662857,10.581390,124.262650
162564.764268,144.536804,10.477509,124.394363
162564.805576,144.858566,10.299774,124.271988
162564.846883,144.604614,10.545303,123.939926
162564.888191,144.579865,10.396774,124.211655
162564.929499,144.677185,10.210037,123.966888
162564.970809,144.447800,10.512039,124.557739
162565.012119,144.401672,10.564926,124.768127
162565.053428,144.552216,10.387100,124.072281
162565.094734,144.557877,10.436218,124.332703
162565.136043,144.569839,10.501938,124.723633
162565.177353,144.573273,10.464874,123.952789
162565.218661,144.500198,10.643860,124.509750
162565.259969,144.549713,10.488617,124.366379
162565.301275,144.635849,10.606506,124.513153
162565.342581,144.798126,10.442551,124.403748
162565.383888,144.449921,10.552368,124.609100
162565.425195,144.289322,10.600159,124.020752
162565.466501,144.464294,10.764481,124.640137
162565.507810,144.391296,10.557510,124.420593
162565.549119,144.206055,10.492340,124.588669
162565.590428,144.328415,10.616226,124.345551
162565.631735,144.294968,10.565308,124.373108
162565.673041,144.478027,10.555084,124.243988
162565.714349,144.731735,10.295380,124.609863
162565.755656,144.643616,10.622894,124.798431
162565.796962,144.403046,10.782043,124.629578
162565.838269,144.729980,10.313797,124.428772
162565.879577,144.661758,10.446640,124.534698
162565.920883,144.528290,10.740433,124.727966
162565.962191,144.727829,10.313766,124.227539
162566.003499,144.656937,10.480408,124.394608
162566.044804,144.693451,10.492905,124.421768
162566.086111,144.762833,10.357285,124.333633
162566.127417,144.430832,10.272873,124.140320
162566.168723,144.515610,10.184845,124.533447
162566.210030,144.565765,10.350189,124.431396
162566.251336,144.633194,10.415939,124.112274
162566.292640,144.917633,10.314377,124.228607
162566.333945,144.771408,10.477188,124.468536
162566.375253,144.835678,10.562149,124.579803
162566.416560,144.692856,10.473145,124.682922
162566.457867,144.699066,10.479126,124.426590
162566.499172,144.706665,10.478653,124.057190
162566.540476,144.355057,10.418945,124.441086
162566.581780,144.769424,10.191193,124.437805
162566.623089,144.602478,10.290024,124.886368
162566.664397,144.627075,10.342346,124.174667
162566.705706,144.531815,10.321198,124.003098
162566.747011,144.647690,10.226654,124.195709
162566.788316,144.640320,10.302338,124.243500
162566.829621,144.541656,10.331848,124.153763
162566.870925,144.519592,10.419128,124.067322
162566.912233,144.404678,10.434723,124.290588
162566.953539,144.491135,10.466904,124.339722
162566.994845,144.542770,10.315323,124.455734
162567.036152,144.594391,10.401016,124.301331
162567.077456,144.782822,10.201309,124.441971
162567.118762,144.596146,10.226212,124.824554
162567.160068,144.424911,10.542160,124.969879
162567.201373,144.565491,10.394058,124.345840
162567.242678,144.533646,10.418625,124.632904
162567.283983,144.621338,10.653152,124.507034
162567.325288,144.640823,10.456955,124.009857
162567.366593,144.680344,10.643906,124.015991
162567.407897,144.560349,10.583038,124.160477
162567.449201,144.331818,10.580338,124.125427
162567.490504,144.470901,10.642181,124.089630
162567.531806,144.553864,10.639740,124.567383
162567.573111,144.555542,10.620956,124.368057
162567.614417,144.301636,10.780334,124.461472
162567.655720,144.399384,10.771805,124.485458
162567.697025,144.450806,10.576935,124.606598
162567.738331,144.626678,10.575592,124.500412
162567.779634,144.516479,10.697113,124.514481
162567.820941,144.510590,10.724899,124.437958
162567.862246,144.550232,10.711975,124.229538
162567.903548,144.227509,10.815323,124.108871
162567.944852,144.466232,10.651382,124.170029
162567.986155,144.655899,10.348190,123.996216
162568.027459,144.442932,10.707581,124.219528
162568.068765,144.408981,10.519897,124.243332
162568.110068,144.391479,10.496185,124.015671
162568.151373,144.488464,10.391663,124.064240
162568.192675,144.550262,10.417786,123.821152
162568.233978,144.458176,10.557678,123.894821
162568.275279,144.569046,10.440903,124.332657
162568.316581,144.645859,10.403717,123.902618
162568.357884,144.673447,10.457108,124.294449
162568.399187,144.537308,10.620468,124.168167
162568.440491,144.718781,10.557098,124.313065
162568.481794,144.393066,10.766815,124.035019
162568.523098,144.566422,10.565536,124.744507
162568.564402,144.547943,10.495316,123.989670
162568.605708,144.600647,10.579346,124.188522
162568.647013,144.463608,10.501495,123.860443
162568.688318,144.567978,10.634003,124.165497
162568.729621,144.585968,10.385590,124.284668
162568.770927,144.415695,10.312897,124.301956
162568.812233,144.589279,10.214981,124.510086
162568.853539,144.656021,10.135529,124.215103
162568.894844,144.626251,10.391983,124.066193
162568.936151,144.652313,10.270569,124.248917
162568.977456,144.842926,10.284668,124.360794
162569.018764,144.723068,10.172714,124.475098
162569.060070,144.638153,10.232941,124.038361
162569.101378,144.727982,10.189072,124.446991
162569.142681,144.725632,10.191071,124.323685
162569.183987,144.735397,10.202911,124.095749
162569.225293,144.597824,10.284012,124.170212
162569.266600,144.575394,10.485489,124.457047
162569.307905,144.680847,10.329727,124.306580
162569.349211,144.620407,10.354568,124.383133
162569.390516,144.554520,10.468872,124.808243
162569.431821,144.701370,10.169556,124.284134
162569.473125,144.457596,10.323425,124.454407
162569.514428,144.592651,10.256531,124.442612
162569.555733,144.583084,10.291641,124.182510
162569.597037,144.521057,10.340881,124.278015
162569.638341,144.605270,10.180893,124.292358
162569.679646,144.663696,10.146774,124.337418
162569.720953,144.518494,10.554794,124.308701
162569.762260,144.508469,10.492447,124.333435
162569.803566,144.350220,10.469193,124.477188
162569.844871,144.464035,10.487320,124.531342
162569.886177,144.707092,10.333694,124.250961
162569.927482,144.531357,10.329880,124.300278
162569.968787,144.498779,10.523727,124.468964
162570.010093,144.619598,10.570847,124.218414
162570.051398,144.528061,10.277786,124.327957
162570.092700,144.379761,10.417114,124.494965
162570.134003,144.596298,10.525986,124.677902
162570.175307,144.538177,10.442612,124.487793
162570.216611,144.674774,10.334488,124.613281
162570.257916,144.559967,10.406738,124.607910
162570.299220,144.637085,10.378067,124.456406
162570.340526,144.553162,10.562073,124.925186
162570.381833,144.373932,10.578613,124.537598
162570.423139,144.595551,10.481339,124.577744
162570.464444,144.721603,10.276031,124.446594
162570.505749,144.883575,10.421524,124.649902
162570.547053,144.585526,10.329895,125.073547
162570.588358,144.741150,10.208313,124.303879
162570.629662,144.770508,10.309998,124.122116
162570.670964,144.595490,10.166626,124.784958
162570.712268,144.550217,10.231689,124.556946
162570.753574,144.311554,10.452682,124.640503
162570.794879,144.416428,10.541245,124.411392
162570.836182,144.399719,10.665253,124.717316
162570.877488,144.558655,10.382843,125.003021
162570.918791,144.604294,10.479309,125.029099
162570.960094,144.445450,10.679016,124.685623
162571.001398,144.480103,10.856461,124.761734
162571.042702,144.481720,10.615326,124.711090
162571.084009,144.526917,10.757523,124.636703
162571.125314,144.221771,10.838028,124.594360
162571.166619,144.305374,10.586014,124.444763
162571.207920,144.616379,10.488403,124.180603
162571.249223,144.383560,10.458817,124.044662
162571.290528,144.490021,10.602692,124.560730
162571.331833,144.441467,10.507401,124.269424
162571.373139,144.524750,10.414383,124.349960
162571.414445,144.425568,10.510147,124.376190
162571.455749,144.511276,10.615860,124.645554
162571.497054,144.313019,10.533798,124.114487
162571.538355,144.453079,10.535767,124.068619
162571.579652,144.408615,10.549164,123.866531
162571.620953,144.494629,10.225922,124.209991
162571.662255,144.512558,10.385056,124.327835
162571.703558,144.337143,10.540970,124.367477
162571.744860,144.417343,10.598038,124.189529
162571.786163,144.415207,10.440842,124.042252
162571.827466,144.209106,10.675354,124.241318
162571.868773,144.311279,10.846939,124.234207
162571.910077,144.367218,10.697968,124.342407
162571.951380,144.400467,10.503021,124.380646
162571.992682,144.360321,10.520798,124.582336
162572.033985,144.449936,10.540344,124.619370
162572.075287,144.365463,10.366669,124.533493
162572.116589,144.275436,10.611176,124.453720
162572.157892,144.436935,10.522903,124.515320
162572.199194,144.459259,10.648529,124.606781
162572.240498,144.442093,10.158310,124.688507
162572.281800,144.393127,10.461823,124.448044
162572.323104,144.376572,10.537659,124.453873
162572.364405,144.351501,10.490494,124.648972
162572.405710,144.288757,10.391861,124.593170
162572.447013,144.475479,10.148041,124.686478
162572.488316,144.440567,10.360184,124.507614
162572.529620,144.406174,10.397644,124.439865
162572.570924,144.542511,10.167480,123.907288
162572.612230,144.573959,10.150909,124.365555
162572.653536,144.498795,10.291626,124.249252
162572.694839,144.363922,10.405914,124.443390
162572.736143,144.393021,10.567871,124.586502
162572.777448,144.319778,10.508011,124.429321
162572.818750,144.497253,10.363495,124.701370
162572.860053,144.429611,10.333694,124.517776
162572.901357,144.513351,10.274582,124.612701
162572.942660,144.602936,10.305954,124.607651
162572.983965,144.575134,10.373764,124.432755
162573.025268,144.547379,10.387421,124.648727
162573.066570,144.465576,10.500412,124.610397
162573.107876,144.506714,10.359314,124.304535
162573.149177,144.444656,10.326813,124.313477
162573.190476,144.510712,10.283005,124.065826
162573.231778,144.417480,10.436844,124.071106
162573.273079,144.468292,10.333618,124.281372
162573.314382,144.450714,10.326324,124.428146
162573.355681,144.269730,10.215469,123.915955
162573.396980,144.608780,10.242889,124.009354
162573.438281,144.353165,10.393906,124.165039
162573.479583,144.417603,10.353821,124.277115
162573.520884,144.745361,10.293472,124.269470
162573.562184,144.703979,10.267868,124.054642
162573.603486,144.475204,10.339508,124.445160
162573.644788,144.604843,10.246933,124.341599
162573.686089,144.448242,10.371048,124.197815
162573.727391,144.530838,10.365845,124.293594
162573.768693,144.383850,10.442459,124.170410
162573.809995,144.453308,10.305939,124.565689
162573.851295,144.693817,10.182678,124.108734
162573.892597,144.413742,10.503586,124.179611
162573.933901,144.352692,10.493805,124.271271
162573.975201,144.500061,10.366730,124.270798
162574.016502,144.293274,10.195496,124.208221
162574.057807,144.372330,10.283722,124.178589
162574.099109,144.631683,10.259476,123.875443
162574.140411,144.387039,10.092911,124.229233
162574.181714,144.474792,10.021500,124.503403
162574.223018,144.464172,10.239853,124.112823
162574.264321,144.345779,10.330505,124.293060
162574.305623,144.345169,10.393402,124.159027
162574.346924,144.475113,10.610565,124.411575
162574.388226,144.464157,10.648697,124.418610
162574.429530,144.365219,10.368546,124.247147
162574.470834,144.579590,10.373291,124.216949
162574.512137,144.673187,10.239532,124.045715
162574.553442,144.668045,10.123947,123.954163
162574.594743,144.519974,10.343613,124.315567
162574.636045,144.545181,10.409531,124.530975
162574.677347,144.340485,10.219681,124.286484
162574.718649,144.576126,10.222015,124.175156
162574.759951,144.514023,10.174850,124.455109
162574.801257,144.752884,10.210052,124.846954
162574.842563,144.493225,10.031723,124.632629
162574.883869,144.441772,10.221222,124.603027
162574.925174,144.686600,10.011932,124.457138
162574.966480,144.602722,10.221848,124.354645
162575.007789,144.653152,10.381714,124.572708
162575.049095,144.541565,10.450439,124.645844
162575.090399,144.592148,10.263702,124.432068
162575.131702,144.589172,10.171982,124.766617
162575.173006,144.536057,10.220428,124.706711
162575.214313,144.579620,10.165421,124.306946
162575.255620,144.536057,10.114944,124.541214
162575.296926,144.346878,10.328339,124.424484
162575.338229,144.318771,10.211838,124.385818
162575.379534,144.549301,10.151108,124.234039
162575.420841,144.524902,10.256073,124.333054
162575.462145,144.301254,10.566406,124.495117
162575.503451,144.539719,10.274841,124.769897
162575.544754,144.531982,10.365814,124.460266
162575.586057,144.733505,10.099670,124.260910
162575.627360,144.608093,10.150146,124.353409
162575.668661,144.619110,10.260193,124.452438
162575.709962,144.757446,10.219376,124.422760
162575.751262,144.810013,10.128433,124.338699
162575.792564,144.714523,10.211838,124.395126
162575.833869,144.731125,10.157806,124.432144
162575.875174,144.721024,10.202209,124.299896
162575.916481,144.656219,10.012512,124.569656
162575.957789,144.636017,9.923019,124.341064
162575.999098,144.410034,10.336349,124.591003
162576.040405,144.606506,10.028198,124.373428
162576.081710,144.499863,10.075073,124.603760
162576.123017,144.541199,10.205063,124.587769
162576.164325,144.561081,10.431290,124.647995
162576.205630,144.372818,10.227798,124.576553
162576.246934,144.533295,10.262146,124.778534
162576.288238,144.435654,10.345840,124.678787
162576.329543,144.601044,10.326065,124.183029
162576.370849,144.706131,10.347061,124.307266
162576.412153,144.748505,10.201599,124.238632
162576.453459,144.416779,10.290512,124.593613
162576.494760,144.394882,10.222763,123.730606
162576.536064,144.379593,10.465988,124.017532
162576.577369,144.524185,10.107162,124.488525
162576.618675,144.589310,9.958801,124.251129
162576.659981,144.548843,10.012619,124.055527
162576.701287,144.434692,10.085968,124.226837
162576.742593,144.444687,10.147034,124.507996
162576.783897,144.439682,10.202072,124.395004
162576.825202,144.585281,10.031601,124.332489
162576.866509,144.477798,10.075989,124.671509
162576.907814,144.556107,10.184067,124.684525
162576.949119,144.562195,10.085129,124.577545
162576.990423,144.356766,10.238403,124.928497
162577.031732,144.578674,10.017242,124.634354
162577.073039,144.492722,10.058456,124.341858
162577.114345,144.187271,10.227203,124.445419
162577.155650,144.386063,10.296112,124.420700
162577.196954,144.139526,10.360641,124.432861
162577.238260,144.279434,10.159363,124.336395
162577.279564,144.357544,10.305725,124.571686
162577.320869,144.312820,10.358871,124.362946
162577.362174,144.251968,10.298721,124.569565
162577.403480,144.210709,10.254181,124.487671
162577.444786,144.142212,10.360992,124.728973
162577.486091,144.322647,10.258957,124.735428
162577.527397,144.490509,10.476273,124.364868
162577.568704,144.132721,10.387924,124.461380
162577.610010,144.270325,10.463211,124.374954
162577.651314,144.240646,10.368362,124.377502
162577.692620,144.310074,10.527893,124.341904
162577.733926,144.438644,10.341919,124.313171
162577.775232,144.405930,10.411041,124.771927
162577.816537,144.526581,10.380554,124.102432
162577.857843,144.493378,10.187225,124.481888
162577.899148,144.420044,10.081284,124.595810
162577.940455,144.368256,10.395691,124.634872
162577.981763,144.198212,10.357437,124.509216
162578.023069,144.324600,10.237015,124.405594
162578.064374,144.354202,10.289093,124.325470
162578.105677,144.377930,10.307373,124.595184
162578.146983,144.515671,10.186981,124.282715
162578.188288,144.249954,10.296173,124.025787
162578.229594,144.344833,10.467697,124.375549
162578.270899,144.460449,10.477142,124.612030
162578.312206,144.337006,10.359085,124.440598
162578.353511,144.238480,10.343704,124.358719
162578.394814,144.188782,10.509064,124.100525
162578.436118,144.213089,10.626801,124.258011
162578.477423,144.135056,10.432541,124.144058
162578.518727,144.312653,10.163025,124.462601
162578.560031,144.450424,10.321060,124.371826
162578.601335,144.227295,10.283295,124.505066
162578.642636,144.366577,10.220352,124.352432
162578.683939,144.294907,10.386932,124.451767
162578.725243,144.269470,10.154770,124.817383
162578.766544,144.444214,10.113174,124.471802
162578.807844,144.401749,10.040680,124.687668
162578.849144,144.211349,10.141068,124.673935
162578.890445,144.382477,10.335785,124.764084
162578.931748,144.624802,10.148682,124.681152
162578.973049,144.616806,10.340500,124.869644
162579.014353,144.486450,10.233459,124.569672
162579.055653,144.663651,10.147781,124.618698
162579.096957,144.419647,10.217926,124.527267
162579.138259,144.417084,10.233536,124.003036
162579.179563,144.431274,10.213181,124.496796
162579.220866,144.553574,10.390610,124.362000
162579.262168,144.206802,10.546570,124.305557
162579.303468,144.303726,10.432770,124.442596
162579.344773,144.405594,10.420486,124.148376
162579.386077,144.447540,10.250763,124.438492
162579.427383,144.686081,10.263901,124.176651
162579.468688,144.390411,10.235764,124.414948
162579.509989,144.464935,10.173279,124.368378
162579.551290,144.502594,10.367554,124.774414
162579.592592,144.303329,10.168381,124.334396
162579.633896,144.603699,10.371689,124.680847
162579.675196,144.466034,10.302353,124.416946
162579.716499,144.451401,10.161697,124.492172
162579.757801,144.463837,10.441849,124.647049
162579.799101,144.522049,10.382278,124.293884
162579.840399,144.355515,10.441559,124.358246
162579.881698,144.355820,10.488586,124.489410
162579.922997,144.354279,10.370117,124.647903
162579.964298,144.557907,10.377655,124.876740
162580.005598,144.543503,10.297699,124.699112
162580.046900,144.426361,10.639633,124.621597
162580.088202,144.491638,10.276428,124.400436
162580.129505,144.537079,10.417633,124.365829
162580.170808,144.502090,10.297394,124.705933
162580.212110,144.347305,10.356873,124.739395
162580.253411,144.325333,10.572311,124.722504
162580.294714,144.344696,10.574173,124.218887
162580.336019,144.481888,10.523056,124.571762
162580.377325,144.714340,10.454254,124.515152
162580.418630,144.540192,10.527161,124.467651
162580.459936,144.318649,10.401230,124.149399
162580.501243,144.165146,10.544128,124.087204
162580.542546,144.414017,10.351562,124.424606
162580.583849,144.195053,10.347916,124.245667
162580.625155,144.448318,10.358047,124.693344
162580.666461,144.398102,10.168228,124.274750
162580.707768,144.534546,10.390366,123.962509
162580.749072,144.542389,10.326813,124.428650
162580.790376,144.193237,10.401917,124.653778
162580.831683,144.285324,10.468903,124.478561
162580.872987,144.380936,10.466812,124.818909
162580.914293,144.270035,10.475815,124.693817
162580.955599,144.442337,10.555466,124.562012
162580.996902,144.414902,10.493393,124.771896
162581.038206,144.150558,10.566757,124.420395
162581.079508,144.089615,10.380447,124.336700
162581.120811,144.005112,10.456970,124.306793
162581.162115,144.126648,10.455124,124.350250
162581.203418,144.338303,10.474197,124.955795
162581.244722,144.126511,10.250427,124.120789
162581.286027,144.056061,10.461304,124.328278
162581.327332,144.240616,10.331070,124.763153
162581.368638,144.324722,10.145752,124.186752
162581.409944,144.262482,10.521698,124.486862
162581.451250,144.074051,10.191742,124.389740
162581.492555,144.245544,10.510223,124.794128
162581.533861,144.160828,10.498169,124.661850
162581.575168,144.104538,10.449677,124.834015
162581.616475,144.255371,10.408295,124.688873
162581.657781,144.173157,10.267990,124.463669
162581.699088,144.236801,10.097961,124.315338
162581.740394,144.250061,10.172852,124.635345
162581.781700,144.295212,10.228699,124.138046
162581.823007,144.286469,10.159485,124.177094
162581.864313,144.263748,10.181656,124.353119
162581.905620,144.195694,10.507446,124.251663
162581.946926,144.327805,10.277771,124.593948
162581.988231,144.212906,10.303604,124.635864
162582.029536,144.144562,10.361389,124.471771
162582.070841,144.199188,10.215668,124.546143
162582.112144,144.478897,10.238129,124.453796
162582.153448,144.553101,10.245697,124.683136
162582.194754,144.466888,10.248444,124.179596
162582.236060,144.367035,10.505234,124.350449
162582.277365,144.461227,10.302521,124.353882
162582.318669,144.518143,10.137894,124.708084
162582.359974,144.298706,10.143845,124.358551
162582.401281,144.494370,10.255280,124.633331
162582.442588,144.386658,10.485474,124.246597
162582.483894,144.365936,10.351746,124.005386
162582.525199,144.292450,10.166229,124.352264
162582.566503,144.281357,10.208755,124.263000
162582.607808,144.192337,10.257751,124.140259
162582.649113,144.273361,10.157333,124.303131
162582.690417,144.377975,10.257629,124.172607
162582.731720,144.462402,10.274323,124.402466
162582.773026,144.585434,10.197769,124.501312
162582.814330,144.434143,10.330292,124.346725
162582.855632,144.230698,10.318863,124.407974
162582.896936,144.277100,10.441147,124.373245
162582.938242,144.417191,10.672684,124.518372
162582.979546,144.421417,10.344849,124.517166
162583.020852,144.341064,10.261551,124.496643
162583.062158,144.497086,10.391693,124.537460
162583.103460,144.513504,10.605316,124.619858
162583.144760,144.283356,10.468323,124.485428
162583.186059,144.265381,10.380890,124.527481
162583.227361,144.091751,10.613159,124.478027
162583.268663,144.172272,10.523621,124.579483
162583.309963,144.237152,10.587708,124.563232
162583.351264,144.193787,10.332169,124.412170
162583.392566,144.329468,10.257507,124.253922
162583.433868,144.221207,10.320908,124.217850
162583.475172,144.209366,10.467728,124.159943
162583.516472,144.242004,10.476776,124.592377
162583.557777,144.320953,10.441666,124.510391
162583.599080,144.484222,10.531723,124.170074
162583.640381,144.414520,10.425629,124.314545
162583.681684,144.401688,10.314011,124.275101
162583.722986,144.592300,10.244537,124.382462
162583.764290,144.286774,10.278107,124.276718
162583.805596,144.400269,10.463470,124.153137
162583.846900,144.260101,10.397797,124.207382
162583.888204,144.397354,10.242691,124.386856
162583.929509,144.339600,10.261719,124.110199
162583.970813,144.544098,10.277069,124.384369
162584.012117,144.478149,10.209305,123.854218
162584.053421,144.573547,10.039169,124.307632
162584.094726,144.551788,10.279968,124.710175
162584.136031,144.394272,10.402710,124.393539
162584.177336,144.469589,10.307419,124.402222
162584.218640,144.398468,10.295303,124.409561
162584.259944,144.300552,10.413559,124.606766
162584.301247,144.338257,10.635574,124.370453
162584.342550,144.310028,10.604736,124.348587
162584.383853,144.480087,10.428177,124.229111
162584.425154,144.391846,10.544189,124.432571
162584.466458,144.167801,10.543625,124.548630
162584.507758,144.398331,10.557663,124.413635
162584.549060,144.304947,10.610474,124.502884
162584.590362,144.302734,10.509064,124.320557
162584.631660,144.376099,10.685150,124.506775
162584.672959,144.021164,10.684372,124.637985
162584.714261,144.251785,10.666992,124.720413
162584.755563,144.469116,10.331314,124.602386
162584.796866,144.280212,10.551407,124.332550
162584.838168,144.367905,10.667953,124.646576
162584.879471,144.300888,10.800385,124.360794
162584.920772,144.331528,10.547150,124.333069
162584.962070,144.510483,10.601135,124.456055
162585.003367,144.378220,10.556244,124.249527
162585.044668,144.213165,10.520096,124.464645
162585.085968,144.154831,10.511627,124.589005
162585.127267,144.459961,10.555801,124.321259
162585.168569,144.376740,10.445557,124.407578
162585.209868,144.164062,10.710083,124.278870
162585.251166,144.223465,10.748032,124.398178
162585.292463,144.227051,10.863007,124.162643
162585.333760,144.151245,10.856628,124.214111
162585.375059,144.265488,10.546371,124.562180
162585.416356,144.162125,10.605972,124.693314
162585.457654,144.260239,10.656921,124.374481
162585.498955,144.384262,10.737122,124.352386
162585.540257,144.424622,10.568802,124.184738
162585.581558,144.452896,10.556274,123.915787
162585.622858,144.239685,10.394226,124.547012
162585.664158,144.476990,10.361603,124.151825
162585.705458,144.336273,10.582199,124.207428
162585.746756,144.371399,10.793976,124.333069
162585.788055,144.547836,10.237656,124.572845
162585.829354,144.591431,10.487900,124.569016
162585.870656,144.493973,10.579926,124.733658
162585.911958,144.468628,10.512299,124.662750
162585.953259,144.440430,10.433517,124.519043
162585.994561,144.515732,10.356064,123.958191
162586.035862,144.529617,10.564850,124.731461
162586.077163,144.512665,10.357620,124.295059
162586.118465,144.388824,10.388519,124.452911
162586.159765,144.516983,10.601990,124.360321
162586.201067,144.648102,10.347412,124.071411
162586.242368,144.407181,10.542587,124.285690
162586.283670,144.287079,10.485016,124.238586
162586.324970,144.500183,10.268265,124.079666
162586.366271,144.403885,10.524765,123.767792
162586.407571,144.437576,10.356812,124.044083
162586.448872,144.348969,10.571381,124.147415
162586.490175,144.387650,10.410629,123.758911
162586.531479,144.400955,10.226807,124.081955
162586.572783,144.302536,10.567078,124.130051
162586.614086,144.483337,10.334290,124.070129
162586.655391,144.642670,10.106598,123.934952
162586.696697,144.777420,10.162704,124.148315
162586.738002,144.303925,10.524750,124.336990
162586.779306,144.619003,10.229614,124.152267
162586.820608,144.365341,10.470566,124.229248
162586.861909,144.422882,10.519409,124.673157
162586.903212,144.538071,10.567368,124.305573
162586.944515,144.558197,10.429306,124.114365
162586.985819,144.687653,10.321808,124.282486
162587.027124,144.841888,10.225906,124.457962
162587.068428,144.482452,10.311478,124.324448
162587.109732,144.812500,10.275406,124.170547
162587.151036,144.711594,10.311996,124.270676
162587.192342,144.578827,10.247360,124.085663
162587.233650,144.236313,10.387024,124.210052
162587.274956,144.487473,10.443527,124.356964
162587.316261,144.349289,10.573151,124.447235
162587.357564,144.277863,10.512451,124.333221
162587.398867,144.344559,10.425812,124.235077
162587.440173,144.252640,10.662201,124.030457
162587.481480,144.412201,10.438477,124.436279
162587.522787,144.392670,10.652054,124.175110
162587.564093,144.433472,10.623596,124.092957
162587.605398,144.641281,10.426849,124.059341
162587.646705,144.496552,10.238235,124.019608
162587.688010,144.321136,10.489365,124.341309
162587.729315,144.326630,10.479141,124.174103
162587.770621,144.270309,10.700470,124.176498
162587.811926,144.444214,10.497589,124.119675
162587.853233,144.369110,10.537277,124.116959
162587.894539,144.491272,10.718781,123.962250
162587.935845,144.288452,10.532104,124.095901
162587.977149,144.175171,10.524902,123.961594
162588.018453,144.352951,10.493408,124.084686
162588.059758,144.415695,10.666870,123.925934
162588.101062,144.547348,10.505417,123.684204
162588.142368,144.342224,10.534485,123.900620
162588.183674,144.396576,10.368362,124.153046
162588.224982,144.452316,10.581070,124.267944
162588.266289,144.466492,10.527328,124.158997
162588.307591,144.264359,10.703949,124.437302
162588.348893,144.195251,10.397171,124.067490
162588.390196,144.329224,10.687500,124.018173
162588.431501,144.510040,10.105896,123.960922
162588.472803,144.447815,10.256393,123.842926
162588.514104,144.441574,10.295013,123.831406
162588.555409,144.718033,10.369217,123.710281
162588.596712,144.345779,10.282776,123.972061
162588.638015,144.339706,10.367645,123.995880
162588.679318,144.430710,10.246277,124.181335
162588.720621,144.456116,10.481125,123.883636
162588.761924,144.362564,10.496368,124.307068
162588.803229,144.397385,10.447128,124.168884
162588.844536,144.485291,10.335144,124.132050
162588.885841,144.578308,10.157028,124.170914
162588.927147,144.278992,10.490982,124.472839
162588.968447,144.523331,10.420898,124.138138
162589.009750,144.589401,10.351120,124.050919
162589.051054,144.452209,10.527328,124.227524
162589.092359,144.337692,10.359207,124.344391
162589.133665,144.338013,10.538895,124.633865
162589.174972,144.466949,10.479095,124.546478
162589.216276,144.278809,10.366989,124.539948
162589.257579,144.419006,10.506744,124.198364
162589.298882,144.382324,10.472595,124.121841
162589.340186,144.199570,10.660736,124.281036
162589.381490,144.450058,10.625198,124.430420
162589.422792,144.376343,10.539108,124.459320
162589.464094,144.296631,10.667007,124.519333
162589.505396,144.243027,10.945190,123.952530
162589.546699,144.640442,10.231354,124.193542
162589.588004,144.381195,10.436417,124.043106
162589.629310,144.553268,10.367554,124.110214
162589.670613,144.312790,10.703964,124.501282
162589.711917,144.362183,10.608917,124.388947
162589.753221,144.299072,10.645813,124.364166
162589.794524,144.326462,10.446579,124.221573
162589.835826,144.300568,10.529678,124.126694
162589.877129,144.211929,10.756927,124.111664
162589.918434,144.336807,10.577591,124.296844
162589.959740,144.230530,10.791443,124.182098
162590.001044,144.324493,10.752716,124.238632
162590.042350,144.254074,10.877472,124.353638
162590.083656,144.263321,10.901886,124.268936
162590.124962,144.423294,10.746613,124.042862
162590.166269,144.260712,10.714249,124.290176
162590.207576,144.322830,10.763153,124.121201
162590.248884,144.324905,10.513428,123.983368
162590.290191,144.382858,10.673065,124.444275
162590.331494,144.341766,10.660645,124.333328
162590.372797,144.251038,10.835342,123.838943
162590.414099,144.307388,10.543808,124.339890
162590.455401,144.240906,10.562149,124.464844
162590.496705,144.243652,10.604324,124.437302
162590.538009,144.376373,10.579666,124.260880
162590.579312,144.433167,10.589264,124.291809
162590.620615,144.447556,10.482056,124.475082
162590.661920,144.715775,10.482758,124.446442
162590.703225,144.445358,10.523788,124.501740
162590.744533,144.294739,10.644531,124.507889
162590.785839,144.483124,10.723328,124.363998
162590.827146,144.579025,10.673035,124.373047
162590.868451,144.473923,10.294998,124.303574
162590.909754,144.382111,10.579498,124.088959
162590.951057,144.669632,10.625198,124.190689
162590.992360,144.676376,10.803314,124.032288
162591.033665,144.589493,10.661148,124.488663
162591.074970,144.132446,10.873322,124.184891
162591.116273,144.480042,10.566147,124.697632
162591.157578,144.601456,10.414581,124.448883
162591.198885,144.317520,10.608856,124.283035
162591.240191,144.222900,10.812943,124.594772
162591.281498,144.365784,10.599655,124.346024
162591.322800,144.459549,10.476974,124.481766
162591.364102,144.502014,10.533035,124.399521
162591.405404,144.547409,10.751022,124.258240
162591.446705,144.351654,10.448257,123.950653
162591.488007,144.367142,10.652008,124.560440
162591.529311,144.637527,10.500626,124.429703
162591.570615,144.270889,10.739670,124.453476
162591.611920,144.635117,10.466507,124.327179
162591.653224,144.436447,10.645584,124.420654
162591.694529,144.612930,10.673325,124.630188
162591.735831,144.590958,10.485275,124.434616
162591.777135,144.480347,10.319870,124.473083
162591.818438,144.566360,10.435333,124.547577
162591.859741,144.451645,10.504547,124.529190
162591.901044,144.584518,10.511734,124.380432
162591.942347,144.667801,10.623474,124.588516
162591.983652,144.421631,10.434448,124.485992
162592.024958,144.492874,10.627365,124.585129
162592.066262,144.540527,10.576431,124.748672
162592.107566,144.473846,10.508347,124.670761
162592.148871,144.551224,10.650558,124.604919
162592.190176,144.460892,10.619568,124.730316
162592.231482,144.742294,10.296280,124.781357
162592.272786,144.684296,10.635239,124.597488
162592.314092,144.562912,10.462280,124.497345
162592.355400,144.635254,10.247787,124.628067
162592.396707,144.541138,10.262421,124.346375
162592.438013,144.311600,10.488647,124.515854
162592.479318,144.555389,10.446106,124.487915
162592.520622,144.463486,10.358109,124.347534
162592.561927,144.533218,10.411179,124.355621
162592.603233,144.551208,10.425430,124.349777
162592.644538,144.368225,10.395050,124.294449
162592.685842,144.358994,10.374939,124.203857
162592.727147,144.622742,10.389191,124.042572
162592.768454,144.543442,10.384140,124.339584
162592.809760,144.517929,10.420898,124.447739
162592.851064,144.610809,10.336334,124.218765
162592.892368,144.604599,10.427368,124.206024
162592.933672,144.638443,10.332367,124.025085
162592.974978,144.497070,10.483887,124.395004
162593.016284,144.748444,10.034851,124.207626
162593.057587,144.691132,10.139313,124.226974
162593.098890,144.613800,10.264984,124.123657
162593.140191,144.468628,10.350342,123.860474
162593.181495,144.709427,10.195572,124.274994
162593.222800,144.579742,10.252350,124.004486
162593.264104,144.383759,10.507599,124.285599
162593.305412,144.327667,10.487442,124.321594
162593.346718,144.420944,10.399017,124.194626
162593.388022,144.492859,10.593399,124.305923
162593.429325,144.481689,10.299683,124.412354
162593.470630,144.449203,10.268417,124.473480
162593.511932,144.546951,10.416290,124.355194
162593.553234,144.625275,10.349945,124.233063
162593.594536,144.476669,10.250595,123.948730
162593.635838,144.515839,10.378052,124.549973
162593.677141,144.616760,9.945740,124.088882
162593.718446,144.460678,10.133301,123.850723
162593.759746,144.316147,10.151611,124.191559
162593.801048,144.245773,10.242310,123.857498
162593.842349,144.314392,10.362000,124.213089
162593.883652,144.553864,10.399429,123.991150
162593.924955,144.563354,10.507370,124.169296
162593.966257,144.530594,10.358322,124.262375
162594.007560,144.465805,10.430344,124.207397
162594.048862,144.590912,10.254211,124.185791
162594.090164,144.777573,10.370316,124.354370
162594.131468,144.566315,10.482880,123.945709
162594.172774,144.621475,10.443985,123.829773
162594.214077,144.460999,10.564270,124.130859
162594.255381,144.692871,10.470016,123.970184
162594.296685,144.511734,10.527313,123.920776
162594.337989,144.556686,10.265594,124.067856
162594.379298,144.569534,10.302643,124.222794
162594.420605,144.545303,10.400513,124.345215
162594.461913,144.486084,10.498413,124.137360
162594.503218,144.636063,10.393646,123.747879
162594.544524,144.760330,10.250870,123.996124
162594.585829,144.703522,10.349258,124.197678
162594.627132,144.563309,10.435547,124.028503
162594.668437,144.419525,10.370361,124.074081
162594.709742,144.631866,10.369263,124.009918
162594.751046,144.473190,10.576736,123.817657
162594.792348,144.522430,10.385574,123.763504
162594.833651,144.824371,10.242432,124.172729
162594.874954,144.566956,10.657959,124.493729
162594.916257,144.663620,10.443512,123.935760
162594.957561,144.351730,10.405975,123.981918
162594.998866,144.507812,10.454391,124.103638
162595.040170,144.407364,10.532074,123.999084
162595.081472,144.328522,10.658249,124.036362
162595.122773,144.627014,10.612762,124.568024
162595.164077,144.628052,10.290329,124.037643
162595.205380,144.539139,10.485611,124.358627
162595.246682,144.710495,10.312958,124.293121
162595.287981,144.696487,10.502258,124.424255
162595.329283,144.583038,10.236130,124.033737
162595.370585,144.831696,10.498550,123.941864
162595.411888,144.902176,10.368271,123.973923
162595.453190,144.901764,10.358002,124.135971
162595.494491,144.987793,10.345337,123.772522
162595.535794,144.760330,10.591995,123.775253
162595.577097,144.882431,10.326447,123.885483
162595.618402,144.718994,10.538940,123.452515
162595.659707,144.588425,10.426498,123.714249
162595.701011,144.820969,10.276062,123.581055
162595.742315,144.939758,10.365952,123.838959
162595.783618,144.916626,10.440994,123.927689
162595.824923,145.114731,10.483475,123.682144
162595.866227,144.943375,10.346375,123.726303
162595.907532,145.123306,10.398758,124.079514
162595.948835,145.230560,10.615982,124.224762
162595.990137,145.419159,10.830200,123.675491
162596.031441,145.605270,10.340897,123.830780
162596.072744,145.550232,10.461899,123.814453
162596.114045,145.597824,10.600067,123.738342
162596.155350,145.444031,10.195023,123.716537
162596.196655,145.687164,10.504776,123.854797
162596.237960,145.648666,10.442627,123.705124
162596.279263,145.693756,10.454880,123.804504
162596.320568,145.879669,10.644302,123.825714
162596.361876,145.983170,10.566895,123.839584
162596.403183,146.193207,10.171478,123.522430
162596.444489,145.917542,10.803864,123.506729
162596.485794,145.877808,10.802200,123.583282
162596.527102,146.279617,10.265030,123.696579
162596.568411,146.066635,10.543274,123.861435
162596.609717,146.059326,10.392990,123.878296
162596.651021,146.206970,10.309601,124.001404
162596.692324,146.302536,10.526489,124.144928
162596.733628,146.218536,10.763794,123.981049
162596.774933,146.137802,10.676422,124.129669
162596.816239,146.011627,10.621811,124.234818
162596.857541,146.100403,10.643280,124.092972
162596.898841,146.283783,10.378937,124.033920
162596.940144,146.106216,10.539169,123.983307
162596.981449,146.023651,10.346512,123.784256
162597.022752,145.842255,10.376770,123.700638
162597.064056,145.883682,10.515915,123.928329
162597.105362,145.795990,10.376434,123.603683
162597.146665,145.762497,10.469116,123.718536
162597.187970,145.914062,10.501404,123.743607
162597.229274,146.006561,10.358627,123.748657
162597.270578,146.166809,10.353195,124.003494
162597.311883,146.227615,10.427277,124.181763
162597.353187,146.175568,10.390457,124.107697
162597.394491,146.028412,10.398605,123.801056
162597.435796,146.150803,10.344193,123.933228
162597.477101,146.026886,10.578293,123.903732
162597.518405,145.895493,10.611755,123.766556
162597.559708,145.966019,10.349792,123.892624
162597.601013,146.032501,10.212158,123.902237
162597.642315,145.970261,10.482269,123.993744
162597.683620,146.031433,10.243759,123.826416
162597.724926,146.045715,10.444427,124.040695
162597.766230,146.095871,10.413498,124.215454
162597.807535,146.112091,10.540283,124.065125
162597.848839,146.509171,10.205551,123.878754
162597.890141,146.306580,10.307755,124.025009
162597.931443,146.077667,10.341202,123.894272
162597.972746,146.434525,10.454559,124.229294
162598.014052,146.188034,10.833542,124.030609
162598.055359,146.258148,10.372894,123.848816
162598.096664,146.155289,10.478622,123.881882
162598.137969,146.191025,10.503647,123.777939
162598.179274,146.172607,10.356522,123.979660
162598.220580,146.363235,10.451721,123.970596
162598.261885,146.279022,10.513031,124.149918
162598.303189,146.068573,10.233551,124.264938
162598.344492,146.168884,10.488968,124.305496
162598.385796,146.176071,10.275742,124.302032
162598.427097,146.210358,10.479797,124.176865
162598.468400,145.929047,10.512787,124.360382
162598.509704,145.854080,10.623047,124.037827
162598.551008,146.193497,10.315216,124.412537
162598.592312,146.171677,10.458298,124.487991
162598.633617,146.262131,10.305725,124.280273
162598.674920,146.017990,10.544830,124.087234
162598.716223,146.433319,10.312302,124.278091
162598.757528,146.417633,10.422440,124.192902
162598.798830,146.129425,10.535110,124.063080
162598.840135,146.427155,10.300293,124.139862
162598.881436,146.243759,10.207932,124.269409
162598.922738,146.255188,10.374496,123.992691
162598.964042,146.303604,10.242783,124.217285
162599.005344,146.209778,10.298904,124.173676
162599.046645,146.238800,10.299515,124.385162
162599.087950,146.298706,10.261734,123.963257
162599.129256,146.265396,10.085068,124.049591
162599.170561,146.042404,10.348633,124.207565
162599.211866,146.207535,10.259644,124.138687
162599.253172,146.056854,10.350967,124.337936
162599.294474,146.247116,10.397949,124.272980
162599.335779,146.315811,10.290771,124.036499
162599.377081,146.268875,10.557358,124.486481
162599.418385,146.502350,10.371887,124.235413
162599.459687,146.319565,10.221451,124.225693
162599.500990,146.021362,10.586914,123.967453
162599.542294,145.980835,10.578903,124.161423
162599.583598,146.148590,10.279312,124.168533
162599.624903,146.393051,10.227097,124.047531
162599.666210,146.334503,10.239594,124.034180
162599.707514,146.430695,10.126221,124.114639
162599.748819,146.146988,10.533249,124.105118
162599.790123,146.239639,10.160202,123.821671
