164374.888610,140.606522,12.447906,126.535248
164374.929912,140.425018,12.468521,126.872620
164374.971214,140.601761,12.393738,126.487167
164375.012513,140.627396,12.269058,126.670654
164375.053813,140.529449,12.344055,126.450165
164375.095114,140.590302,12.143524,126.439911
164375.136418,140.363800,12.204132,126.355194
164375.177720,140.426895,12.472687,126.381134
164375.219021,140.470200,12.283401,126.878006
164375.260322,140.590591,12.219162,126.773972
164375.301621,140.802536,12.140060,126.698654
164375.342921,140.689331,12.486816,126.686478
164375.384221,140.562698,12.476868,126.575623
164375.425519,140.453476,12.402771,126.571304
164375.466817,140.466171,12.385132,126.663559
164375.508114,140.355209,12.362900,126.835953
164375.549414,140.518936,12.081406,126.751007
164375.590713,140.309143,12.423355,126.865051
164375.632011,140.399994,12.207321,126.784286
164375.673309,140.467392,12.390533,126.467133
164375.714607,140.476562,12.260529,126.509766
164375.755903,140.436310,12.346756,126.239502
164375.797199,140.451981,12.391541,126.452209
164375.838497,140.432037,12.503693,126.588852
164375.879795,140.306305,12.481110,126.720520
164375.921091,140.212646,12.515381,126.685532
164375.962387,140.240845,12.526840,126.726593
164376.003682,140.210541,12.589996,126.321899
164376.044979,140.445023,12.416077,126.585693
164376.086278,140.136932,12.532623,126.813736
164376.127577,140.442673,12.487457,126.552017
164376.168873,140.046844,12.691040,126.445801
164376.210171,140.152115,12.370697,126.514175
164376.251467,140.318634,12.427261,126.217392
164376.292763,140.547470,12.413773,126.382050
164376.334059,140.402100,12.531647,126.432510
164376.375356,140.251419,12.552292,126.389679
164376.416655,140.465256,12.378922,126.443222
164376.457955,140.108078,12.378464,126.448151
164376.499256,140.361298,12.194611,125.996918
164376.540556,140.423660,12.410828,126.250870
164376.581857,140.331085,12.227402,126.470245
164376.623157,140.319885,12.531921,126.327301
164376.664458,140.447342,12.614975,126.074799
164376.705758,140.037186,12.701370,126.395691
164376.747057,140.619141,12.445755,126.237671
164376.788354,140.445282,12.466476,126.117813
164376.829653,140.387329,12.414062,126.273605
164376.870953,140.324142,12.570908,126.316391
164376.912253,140.476776,12.460068,126.157211
164376.953551,140.446640,12.480042,126.285690
164376.994852,140.321518,12.378342,126.248001
164377.036152,140.358673,12.344986,126.269531
164377.077452,140.386124,12.516205,126.053162
164377.118751,140.543976,12.299591,126.258362
164377.160052,140.341690,12.236191,126.503830
164377.201352,140.441010,12.492538,126.577789
164377.242649,140.129837,12.678894,126.358932
164377.283947,140.468079,12.337555,126.488922
164377.325244,140.075043,12.680847,126.683136
164377.366543,140.269226,12.814362,126.585403
164377.407838,140.379959,12.484695,126.711334
164377.449134,140.207947,12.482697,126.838257
164377.490427,140.222641,12.683563,126.755356
164377.531720,140.367188,12.728470,126.442291
164377.573015,140.229034,12.781006,126.375076
164377.614312,140.155472,12.741119,126.548462
164377.655608,140.165298,12.677979,126.625305
164377.696904,139.960815,12.521622,126.704239
164377.738200,140.339203,12.339706,126.421478
164377.779498,140.106720,12.710068,126.642349
164377.820796,140.283142,12.287415,126.152145
164377.862096,140.261139,12.444336,126.698074
164377.903397,140.119644,12.513840,126.504745
164377.944699,140.243301,12.687286,126.462952
164377.986000,140.322235,12.408127,126.790680
164378.027299,140.490982,12.424011,126.311661
164378.068598,140.361435,12.559296,126.329575
164378.109898,140.363220,12.479370,126.793503
164378.151196,140.380219,12.366898,126.891022
164378.192494,140.299957,12.408661,126.878128
164378.233793,140.026917,12.549484,126.317307
164378.275093,140.453186,12.254776,126.412048
164378.316393,140.289246,12.485977,126.339355
164378.357691,140.410004,12.422577,126.090866
164378.398989,140.542297,12.361176,126.404892
164378.440288,140.350769,12.499298,126.558975
164378.481587,140.526108,12.622849,126.358963
164378.522886,140.253769,12.554306,126.546707
164378.564184,140.384109,12.493790,126.311142
164378.605482,140.369568,12.557632,126.441956
164378.646780,140.473022,12.498474,126.500671
164378.688078,140.298721,12.305115,126.354828
164378.729376,140.258133,12.696777,126.462891
164378.770676,140.422546,12.494125,126.317368
164378.811976,140.322525,12.331375,126.530045
164378.853275,140.449081,12.389999,126.547333
164378.894574,140.282196,12.415726,126.073593
164378.935875,140.340012,12.496277,126.581757
164378.977174,140.308105,12.217682,126.292572
164379.018474,140.057159,12.382126,126.499771
164379.059772,140.102203,12.655319,126.045868
164379.101072,140.099731,12.575272,126.290009
164379.142375,140.387756,12.383102,126.001999
164379.183674,140.119278,12.460281,126.594742
164379.224972,140.262360,12.348236,126.767014
164379.266271,140.223175,12.401199,127.034866
164379.307570,140.188324,12.630295,126.683197
164379.348871,140.496964,12.287079,126.582230
164379.390169,140.436066,12.573273,126.603134
164379.431469,140.360397,12.488190,126.425568
164379.472768,140.127136,12.636215,126.634018
164379.514070,140.263702,12.468460,126.332123
164379.555370,140.188660,12.564270,126.577988
164379.596672,140.045425,12.551041,126.552612
164379.637971,140.389633,12.254333,126.477478
164379.679269,140.398514,12.341675,126.665894
164379.720567,140.263580,12.388474,126.513504
164379.761863,140.339798,12.395340,126.341629
164379.803160,140.142868,12.373047,126.516785
164379.844458,140.413147,12.268829,126.315842
164379.885756,140.282974,12.458405,126.681061
164379.927056,140.106506,12.485443,126.791977
164379.968357,140.128815,12.276108,126.555542
164380.009656,140.338058,12.307571,126.382523
164380.050955,140.206375,12.469650,126.642471
164380.092254,140.347015,12.744644,126.409775
164380.133555,140.145981,12.656189,126.472122
164380.174854,140.184555,12.525085,126.298660
164380.216151,140.241394,12.512558,126.182800
164380.257449,140.371460,12.313080,126.093018
164380.298745,140.451279,12.345703,126.662262
164380.340041,140.349167,12.273026,126.274521
164380.381340,140.335022,12.420364,126.436325
164380.422639,140.401779,12.355545,126.360016
164380.463937,140.467697,12.315659,126.353073
164380.505236,140.536606,12.396469,126.294235
164380.546537,140.672241,12.274460,126.472702
164380.587836,140.527161,12.207886,126.327560
164380.629136,140.379150,12.369308,126.611389
164380.670435,140.451126,12.370453,126.323730
164380.711736,140.181610,12.394562,126.427292
164380.753034,140.277603,12.501495,126.517212
164380.794333,140.284027,12.547394,126.534744
164380.835632,140.253265,12.777252,126.782135
164380.876933,140.263763,12.672806,126.813309
164380.918231,140.114594,12.468384,126.430328
164380.959531,140.269867,12.204178,126.375320
164381.000831,140.218048,12.572800,126.597427
164381.042131,140.256104,12.409851,126.610718
164381.083432,140.294800,12.376480,126.485825
164381.124733,139.891769,12.540146,126.519409
164381.166033,140.366211,12.525955,126.651398
164381.207333,140.285736,12.647568,126.582428
164381.248635,140.363007,12.488342,126.754791
164381.289935,140.219620,12.796509,126.497574
164381.331235,140.202072,12.525375,126.721466
164381.372534,140.416046,12.302765,126.648071
164381.413831,140.290970,12.530777,126.724457
164381.455129,140.321930,12.490585,126.266769
164381.496430,140.391556,12.476181,126.756393
164381.537729,140.415848,12.462234,126.265182
164381.579027,140.545227,12.388916,126.788284
164381.620325,140.208374,12.560715,126.703537
164381.661623,140.175018,12.617416,126.393494
164381.702919,140.124100,12.304214,126.285385
164381.744218,140.002655,12.522644,126.716766
164381.785515,140.368347,12.366104,126.622772
164381.826812,140.178375,12.707779,126.564423
164381.868107,139.985718,12.731598,126.369827
164381.909401,140.101501,12.675797,126.402344
164381.950697,140.112549,12.423813,126.589203
164381.991993,139.990906,12.588959,126.370789
164382.033293,140.272232,12.553619,126.461319
164382.074594,140.091095,12.413193,126.331635
164382.115893,140.203598,12.347626,126.444244
164382.157192,140.065170,12.472946,126.703278
164382.198493,140.086533,12.474548,126.445328
164382.239795,140.393585,12.258469,126.701538
164382.281096,140.291214,12.415802,126.666229
164382.322395,140.265839,12.356247,126.818512
164382.363693,140.353958,12.314911,126.801468
164382.404995,140.456726,12.307281,126.488419
164382.446294,140.576416,12.197937,126.550705
164382.487593,140.312286,12.336533,126.800293
164382.528891,140.485062,12.355759,126.591766
164382.570191,140.351868,12.538483,126.717285
164382.611488,140.383362,12.298843,126.544388
164382.652785,140.135101,12.703827,126.679321
164382.694083,140.190033,12.654846,126.468964
164382.735381,140.248230,12.528320,126.744995
164382.776678,140.241104,12.206894,126.789856
164382.817976,140.385498,12.437302,126.772232
164382.859274,140.180984,12.443619,126.146194
164382.900573,140.381607,12.688705,126.660645
164382.941871,140.266098,12.671967,126.732513
164382.983168,140.316757,12.696793,126.539230
164383.024465,140.153900,12.592224,126.737610
164383.065763,140.218018,12.675369,126.899353
164383.107062,140.160889,12.679550,126.796448
164383.148364,140.081802,12.562225,126.511780
164383.189662,140.343109,12.372925,126.874222
164383.230961,140.474106,12.280273,126.457047
164383.272259,140.349503,12.071671,126.697647
164383.313560,140.202454,12.293137,126.874237
164383.354861,140.109894,12.291153,126.599655
164383.396161,140.447845,12.344025,126.423172
164383.437463,140.407516,12.272324,126.397217
164383.478765,140.298904,12.197861,126.377914
164383.520065,140.320297,12.412003,126.497009
164383.561367,140.249680,12.438278,126.166687
164383.602670,140.281540,12.316605,126.528305
164383.643972,140.350815,12.395905,126.537460
164383.685272,140.269913,12.342758,126.791489
164383.726571,140.263489,12.394760,126.490540
164383.767871,140.264587,12.267838,126.557755
164383.809170,140.174789,12.739029,126.577545
164383.850469,140.147476,12.618790,126.674606
164383.891768,140.105988,12.670319,126.466888
164383.933067,140.373779,12.372849,126.528275
164383.974365,140.080475,12.611008,126.803101
164384.015663,140.194778,12.336243,126.702301
164384.056964,140.109116,12.267365,126.198532
164384.098265,140.388687,12.198242,126.474487
164384.139565,140.518570,12.116776,126.452271
164384.180863,140.147110,12.304474,126.330231
164384.222163,140.297806,12.165466,126.434052
164384.263461,140.344559,12.155457,126.414078
164384.304758,140.443481,12.051880,126.523026
164384.346057,140.444763,12.343918,126.345200
164384.387356,140.424866,12.346375,126.545425
164384.428655,140.334106,12.376907,126.726212
164384.469953,140.478058,12.291916,126.614365
164384.511253,140.445023,12.293640,126.460907
164384.552555,140.386932,12.381760,126.749344
164384.593854,140.482285,12.449509,126.506454
164384.635154,140.465271,12.415222,126.451309
164384.676455,140.485382,12.351364,126.809616
164384.717753,140.535156,12.322968,126.380859
164384.759051,140.420486,12.304092,126.664429
164384.800346,140.465607,12.002930,126.311813
164384.841644,140.363281,12.329590,126.262070
164384.882941,140.265503,12.196442,126.272156
164384.924238,140.285706,12.466568,126.639786
164384.965536,140.514359,12.308945,126.413589
164385.006834,140.443222,12.296402,126.667358
164385.048132,140.585831,12.695358,126.784103
164385.089431,140.415237,12.361938,126.271103
164385.130733,140.624130,12.400223,126.381180
164385.172036,140.359207,12.548340,126.073837
164385.213337,140.262589,12.801193,126.090088
164385.254638,140.466812,12.606766,126.112198
164385.295938,140.414978,12.610107,126.626419
164385.337238,140.596283,12.409897,126.447021
164385.378538,140.442886,12.336349,126.342560
164385.419836,140.515442,12.414978,126.431854
164385.461137,140.618042,12.451035,126.537445
164385.502437,140.560776,12.432922,126.374603
164385.543739,140.279968,12.751923,126.524384
164385.585038,140.375488,12.582626,126.382004
164385.626337,140.445648,12.907608,126.614532
164385.667640,140.380981,12.705444,126.528580
164385.708940,140.403625,12.682663,126.066193
164385.750239,140.304413,12.799652,126.230865
164385.791539,140.484406,12.817322,126.276047
164385.832840,140.546326,12.522049,126.161789
164385.874141,140.434036,12.649582,126.387589
164385.915443,140.281372,12.752380,126.511948
164385.956746,140.292099,12.784912,126.541183
164385.998052,140.389343,12.649750,125.948471
164386.039354,140.586838,12.734436,126.056534
164386.080657,140.688126,12.422836,126.181442
164386.121960,140.519943,12.510361,126.446198
164386.163262,140.573837,12.615311,125.943314
164386.204563,140.656647,12.450851,126.622040
164386.245865,140.406281,12.356659,126.384903
164386.287164,140.449509,12.559982,126.366608
164386.328462,140.621460,12.434097,126.225250
164386.369759,140.316635,12.627396,126.323074
164386.411057,140.566940,12.426758,126.257858
164386.452356,140.335251,12.366745,126.624557
164386.493655,140.291214,12.549133,126.320343
164386.534955,140.519501,12.552643,126.109528
164386.576256,140.408966,12.260361,126.217880
164386.617555,140.498672,12.586884,126.312393
164386.658854,140.495865,12.274048,126.172363
164386.700156,140.419144,12.354843,126.305649
164386.741459,140.430664,12.327759,126.176025
164386.782760,140.603256,12.365662,126.133850
164386.824062,140.409058,12.380936,126.202606
164386.865363,140.583618,12.362976,126.581345
164386.906664,140.784973,12.161758,126.111633
164386.947964,140.765854,12.346542,126.094849
164386.989259,140.628311,12.491730,126.327438
164387.030553,140.481979,12.369629,126.077713
164387.071849,140.564941,12.162552,126.294800
164387.113146,140.504944,12.232010,126.337143
164387.154442,140.493912,12.329849,126.540878
164387.195741,140.599701,12.584351,126.359756
164387.237040,140.543686,12.118210,126.571960
164387.278338,140.420273,12.311218,126.497055
164387.319635,140.564438,12.476105,126.562897
164387.360933,140.551178,12.483322,126.351501
164387.402231,140.531021,12.644287,126.716843
164387.443529,140.580917,12.607254,126.255157
164387.484825,140.557877,12.414520,126.435745
164387.526124,140.482681,12.237030,126.545090
164387.567422,140.496933,12.442612,126.635925
164387.608722,140.440933,12.567139,126.658051
164387.650020,140.378036,12.543518,126.324142
164387.691317,140.440430,12.553711,126.578262
164387.732615,140.558456,12.422729,126.735657
164387.773913,140.433411,12.435913,126.890472
164387.815214,140.436356,12.385330,127.006134
164387.856516,140.520020,12.170593,126.434753
164387.897817,140.321899,12.228561,126.705338
164387.939115,140.542603,12.466583,126.662949
164387.980415,140.449921,12.385788,126.501205
164388.021713,140.519547,12.239624,126.557175
164388.063013,140.697708,12.293625,126.686554
164388.104314,140.522018,12.268860,126.629395
164388.145612,140.396027,12.225327,126.471298
164388.186912,140.409912,12.142181,126.640381
164388.228211,140.494156,12.591217,126.897491
164388.269511,140.395905,12.515701,126.810974
164388.310809,140.355331,12.666855,127.104065
164388.352108,140.361252,12.523056,126.952560
164388.393404,140.192459,12.796814,126.731552
164388.434697,140.258575,12.510162,127.035217
164388.475990,140.508087,12.592941,127.041138
164388.517285,140.438553,12.494202,126.857025
164388.558579,140.383545,12.739288,126.972504
164388.599876,140.353561,12.570557,126.739273
164388.641172,140.484772,12.538544,127.039810
164388.682469,140.505951,12.308136,126.888535
164388.723765,140.268890,12.370285,126.840042
164388.765064,140.540375,12.667099,126.754822
164388.806360,140.370392,12.298630,126.743454
164388.847655,140.406693,12.223618,126.489990
164388.888950,140.335953,12.388443,126.979080
164388.930244,140.412201,12.540131,126.977264
164388.971539,140.324615,12.601303,126.724686
164389.012835,140.467560,12.813721,126.879120
164389.054129,140.341843,12.797150,126.871689
164389.095424,140.257263,12.736542,126.767151
164389.136720,140.606689,12.593994,126.954041
164389.178017,140.267792,12.867554,126.825745
164389.219312,140.374863,12.838699,126.827240
164389.260607,140.350876,12.750549,127.174789
164389.301900,140.495483,12.510620,127.043854
164389.343195,140.258636,12.823792,126.901779
164389.384489,140.323318,12.806946,126.778748
164389.425786,140.111389,12.620865,126.719055
164389.467082,140.532990,12.523651,127.122055
164389.508378,140.389801,12.768677,126.609039
164389.549675,140.497589,12.545593,126.957550
164389.590971,140.260635,12.805420,126.969788
164389.632269,140.693680,12.749161,127.041046
164389.673568,140.216095,12.651871,126.537598
164389.714864,140.273300,12.812057,126.625641
164389.756161,140.684097,12.584915,126.651016
164389.797457,140.352493,12.625610,126.744934
164389.838753,140.528442,12.479599,126.563217
164389.880049,140.500702,12.522049,126.739151
164389.921345,140.723938,12.297348,126.410065
164389.962641,140.510666,12.554260,126.529358
164390.003940,140.477142,12.459076,126.537125
164390.045237,140.523209,12.547073,126.958008
164390.086533,140.218719,12.770630,126.411530
164390.127829,140.333969,12.900681,126.561707
164390.169127,140.446213,12.892395,126.715668
164390.210423,140.330231,12.720764,126.748825
164390.251718,140.184937,12.887360,126.698135
164390.293016,140.387283,12.851776,126.381775
164390.334313,140.328140,12.681198,126.484787
164390.375608,140.409653,12.681870,126.614395
164390.416906,140.302322,12.764587,126.550507
164390.458203,140.239410,12.678131,126.556931
164390.499502,140.273529,12.710327,126.785675
164390.540799,140.310257,12.495621,126.714859
164390.582095,140.218903,12.630539,126.753464
164390.623391,140.205017,12.711807,126.806580
164390.664684,140.454803,12.549698,126.767487
164390.705979,140.336777,12.629807,126.716614
164390.747276,140.384140,12.711899,126.952560
164390.788575,140.334396,12.897705,126.827347
164390.829875,140.373093,12.639633,126.713760
164390.871173,140.321915,12.770844,126.599197
164390.912473,140.320404,12.752762,126.693649
164390.953771,140.492996,12.615952,126.394775
164390.995069,140.394226,12.979858,126.492340
164391.036366,140.573593,12.591385,126.649780
164391.077662,140.637802,12.549622,126.709793
164391.118960,140.413544,12.600296,126.872757
164391.160260,140.472107,12.574402,126.881317
164391.201558,140.540558,12.320557,126.976654
164391.242857,140.643448,12.474442,126.496765
164391.284155,140.585129,12.380890,126.684341
164391.325453,140.592224,12.454834,127.047531
164391.366750,140.745911,12.383530,126.696594
164391.408049,140.572067,12.554672,126.818237
164391.449348,140.618240,12.513382,126.671799
164391.490648,140.439194,12.501862,126.605530
164391.531948,140.426315,12.581451,126.735001
164391.573248,140.464325,12.620605,126.320847
164391.614546,140.770477,12.674240,126.464188
164391.655844,140.611404,12.615158,126.532898
164391.697143,140.397125,12.524979,126.144897
164391.738445,140.467621,12.911850,126.372452
164391.779744,140.542160,12.577255,126.158157
164391.821045,140.456696,12.419724,126.348831
164391.862344,140.334259,12.457520,126.252899
164391.903642,140.449478,12.539764,126.080978
164391.944938,140.388855,12.685684,125.990952
164391.986236,140.261703,12.605850,126.006516
164392.027529,140.376190,12.786285,126.464447
164392.068823,140.399231,12.657440,126.570816
164392.110116,140.572968,12.749603,126.755173
164392.151415,140.296829,12.771881,126.495941
164392.192713,140.441574,12.689926,126.160080
164392.234010,140.688126,12.744125,126.179977
164392.275308,140.716995,12.578415,126.381699
164392.316607,140.474060,12.841675,126.358856
164392.357907,140.486618,12.577621,126.466232
164392.399205,140.702011,12.365097,126.492325
164392.440504,140.451050,12.303345,126.406525
164392.481803,140.403366,12.447342,126.310486
164392.523101,140.200089,12.596619,126.616226
164392.564398,140.549683,12.430679,126.413956
164392.605699,140.396271,12.535446,126.177094
164392.646997,140.387436,12.846054,126.308014
164392.688294,140.363266,12.561569,126.051407
164392.729593,140.177048,12.606415,126.223999
164392.770892,140.386383,12.365341,126.282150
164392.812192,140.348709,12.521362,126.591492
164392.853494,140.187469,12.636581,126.404633
164392.894795,140.608047,12.244797,126.409119
164392.936094,140.225464,12.626038,126.123672
164392.977393,140.372925,12.467972,126.094955
164393.018693,140.340439,12.393951,126.097198
164393.059992,140.094360,12.554901,126.145569
164393.101291,140.301407,12.314407,126.002441
164393.142590,140.183762,12.662689,126.178726
164393.183889,140.270081,12.332733,126.206635
164393.225188,140.263458,12.490921,126.216522
164393.266485,139.981476,12.407425,126.654572
164393.307782,139.961960,12.449051,126.613846
164393.349077,140.077377,12.678696,126.462830
164393.390375,140.301880,12.534393,126.243195
164393.431670,140.128021,12.624146,126.429306
164393.472966,140.231857,12.175125,126.191284
164393.514262,140.148560,12.521896,126.265411
164393.555557,140.192383,12.662766,126.302795
164393.596853,140.117798,12.430603,126.504227
164393.638148,140.165207,12.620789,126.263367
164393.679444,140.475006,12.561859,126.256119
164393.720741,140.088577,12.528336,126.307083
164393.762041,140.004242,12.509735,126.345596
164393.803338,140.084641,12.591064,125.907791
164393.844636,140.156754,12.618225,126.483719
164393.885936,140.090729,12.703735,126.699890
164393.927234,139.990753,12.650040,126.368622
164393.968531,140.240234,12.377777,125.961823
164394.009829,140.524414,12.485474,126.412842
164394.051124,140.543732,12.356659,126.172897
164394.092419,140.453079,12.433258,126.078461
164394.133715,140.353836,12.335175,125.809830
164394.175010,140.261871,12.344833,126.039444
164394.216306,140.281601,12.426117,126.164322
164394.257601,140.394257,12.371384,126.227203
164394.298897,140.184937,12.442001,126.266083
164394.340193,140.076248,12.383743,125.927856
164394.381488,140.269608,12.583359,126.273911
164394.422786,140.188812,12.538300,126.053726
164394.464084,140.073395,12.557693,126.079468
164394.505380,139.920792,12.371262,126.441925
164394.546676,140.020935,12.543610,126.219101
164394.587970,139.713730,12.470123,126.510605
164394.629265,139.861832,12.524231,126.259003
164394.670559,139.940079,12.349899,126.144211
164394.711854,139.896362,12.448196,126.149918
164394.753150,139.937027,12.277679,126.344666
164394.794444,139.678589,12.547562,126.539017
164394.835740,139.713913,12.426346,126.119003
164394.877036,139.669327,12.546753,126.240936
164394.918331,139.757370,12.472763,126.146561
164394.959627,139.664764,12.218445,126.104965
164395.000923,139.593430,12.398071,126.373688
164395.042222,139.586563,12.344742,126.293045
164395.083521,139.875244,12.366287,126.335388
164395.124820,139.654556,12.406418,126.559769
164395.166118,139.746490,12.296616,126.541580
164395.207416,139.770630,12.451141,126.711639
164395.248712,139.674835,12.282471,126.799484
164395.290005,139.616058,12.511276,126.516632
164395.331296,139.764679,12.682526,126.319748
164395.372588,139.512772,12.676926,126.368866
164395.413885,139.523773,12.397095,126.614716
164395.455181,139.615616,12.545013,126.539124
164395.496477,139.512726,12.730453,126.352264
164395.537775,139.684082,12.377304,126.336243
164395.579073,139.586807,12.299362,126.675613
164395.620372,139.441284,12.457413,126.314133
164395.661671,139.519882,12.527420,126.369019
164395.702969,139.600693,12.501968,126.414810
164395.744267,139.633087,12.722778,126.380035
164395.785565,139.730347,12.288925,126.403961
164395.826864,139.541168,12.635864,126.605576
164395.868164,139.635483,12.560043,126.248352
164395.909461,139.574768,12.553467,126.670822
164395.950757,139.480804,12.625076,126.466141
164395.992055,139.647659,12.701874,126.493835
164396.033354,139.575455,12.631088,126.660187
164396.074654,139.504639,12.704666,126.383469
164396.115955,139.885208,12.397018,126.401810
164396.157254,139.789551,12.215149,126.492752
164396.198553,139.652069,12.516479,126.679031
164396.239852,139.556839,12.532394,126.243744
164396.281151,139.824097,12.371597,126.231476
164396.322450,139.737457,12.668854,126.657639
164396.363751,139.708771,12.755493,126.244110
164396.405050,139.690750,12.566818,126.695496
164396.446349,139.700272,12.607147,126.609985
164396.487649,139.804550,12.343506,126.303864
164396.528947,139.892487,12.529114,126.705399
164396.570245,139.754913,12.433777,126.662384
164396.611545,139.818680,12.479660,126.527740
164396.652843,139.858322,12.326019,126.519836
164396.694145,139.539261,12.709976,126.300598
164396.735446,139.823700,12.473419,126.387802
164396.776748,139.852585,12.484146,126.143021
164396.818050,139.858948,12.475143,125.966827
164396.859350,139.737579,12.618286,126.442673
164396.900653,139.912445,12.220993,126.282486
164396.941956,139.778061,12.446411,126.120071
164396.983257,139.603287,12.757904,126.233658
164397.024555,139.838974,12.498718,126.409302
164397.065854,139.984253,12.514526,126.153549
164397.107153,139.673035,12.517929,126.295486
164397.148452,139.772171,12.636078,126.347107
164397.189752,139.950195,12.504654,126.081558
164397.231054,139.669037,12.564651,126.455521
164397.272354,139.513016,12.638031,126.207321
164397.313652,139.710907,12.806137,126.427628
164397.354950,139.879013,12.413437,126.221115
164397.396246,139.503494,12.746536,126.206177
164397.437543,139.688995,12.401077,126.281616
164397.478839,139.538162,12.624405,126.282211
164397.520135,139.747665,12.424911,126.210968
164397.561432,139.644196,12.713562,126.031006
164397.602729,139.613342,12.730408,125.804398
164397.644029,139.516479,12.830521,126.113174
164397.685329,139.760071,12.470749,126.270477
164397.726628,139.598892,12.474045,126.177399
164397.767927,139.704559,12.549072,126.334671
164397.809227,139.732590,12.735474,126.370438
164397.850528,139.963120,12.603348,126.306229
164397.891828,139.710236,12.662094,126.162582
164397.933131,139.872910,12.520111,126.248154
164397.974430,139.619400,12.728638,126.425293
164398.015731,139.843597,12.505646,126.082962
164398.057031,139.637314,12.486786,125.920807
164398.098330,139.617081,12.573547,126.103607
164398.139631,139.452530,12.407883,125.907837
164398.180930,139.296631,12.436996,126.108109
164398.222232,139.526154,12.637100,126.271194
164398.263534,139.669647,12.529541,126.186264
164398.304836,139.745682,12.676895,126.290329
164398.346137,139.477325,12.542130,126.316849
164398.387440,139.638931,12.749146,126.334213
164398.428741,139.814285,12.600937,126.398499
164398.470043,139.478424,12.690689,126.398239
164398.511344,139.366241,12.848709,126.550964
164398.552646,139.579239,12.557159,126.464523
164398.593948,139.528900,12.795578,126.303818
164398.635250,139.433334,12.832870,126.571671
164398.676549,139.520966,12.747818,126.296707
164398.717848,139.637589,12.479797,126.237808
164398.759150,139.596115,12.567108,126.250015
164398.800453,139.571640,12.676300,126.592422
164398.841754,139.741028,12.429031,126.267365
164398.883056,139.819870,12.344513,126.335541
164398.924357,139.782486,12.618774,126.480652
164398.965660,139.714355,12.547607,126.241226
164399.006964,139.689407,12.441772,126.416672
164399.048266,139.840424,12.656082,126.455734
164399.089569,139.710373,12.741333,126.515717
164399.130872,139.526276,12.820724,126.477997
164399.172172,139.653519,12.643036,126.289780
164399.213474,139.767654,12.651062,126.121338
164399.254775,139.876068,12.406036,126.202301
164399.296076,139.703125,12.655548,126.301407
164399.337376,139.783203,12.588348,126.083206
164399.378676,139.593521,12.806320,126.153656
164399.419973,139.787201,12.564316,126.095123
164399.461270,139.864807,12.370239,126.438446
164399.502567,139.608444,12.455841,126.509537
164399.543868,139.408691,12.465530,126.218262
164399.585171,139.412445,12.811050,126.216400
164399.626468,139.496155,12.636017,126.258331
164399.667771,139.616531,12.559555,125.765213
164399.709072,139.464951,12.472549,126.207977
164399.750373,139.667877,12.552536,126.246689
164399.791674,139.875519,12.592590,126.090378
164399.832974,139.644592,12.709045,126.212708
164399.874276,139.724991,12.781128,126.139420
164399.915580,139.538712,12.658768,126.232208
164399.956883,139.601318,12.513321,125.734039
164399.998185,139.781311,12.453033,126.280838
164400.039489,139.548538,12.422394,126.033524
164400.080792,139.673080,12.680649,126.068848
164400.122094,139.918045,12.476501,126.247101
164400.163396,139.808014,12.525330,126.083435
164400.204699,139.737839,12.353638,126.036911
164400.246000,139.710312,12.596664,126.332382
164400.287303,139.712814,12.593826,126.144714
164400.328603,139.751663,12.368820,126.476456
164400.369903,139.819061,12.588470,126.197662
164400.411202,139.940994,12.670334,126.564178
164400.452504,139.601944,12.756775,126.347061
164400.493804,139.632706,12.587036,126.367203
164400.535101,139.746170,12.739639,126.031784
164400.576402,139.553619,12.792343,126.085434
164400.617703,139.750031,12.504150,126.191055
164400.659003,139.634430,12.725876,125.997498
164400.700305,139.847580,12.571640,125.836777
164400.741607,139.777039,12.449203,125.933334
164400.782908,139.746567,12.741470,126.199020
164400.824211,139.687119,12.783569,126.089569
164400.865515,139.881821,12.422348,126.246262
164400.906820,139.770981,12.455780,126.219772
164400.948121,139.936874,12.728851,126.654205
164400.989423,139.778595,12.561325,126.363434
164401.030724,139.554932,12.653366,126.466370
164401.072025,139.608032,12.656937,126.285126
164401.113325,139.585999,12.706543,126.176712
164401.154626,139.599075,12.878098,126.211273
164401.195926,139.521530,12.699631,126.298508
164401.237226,139.542465,12.764801,126.119125
164401.278526,139.515335,12.801453,126.260330
164401.319825,139.636810,12.688583,126.170105
164401.361124,139.661255,12.545319,126.231384
164401.402423,139.612274,12.607391,126.203415
164401.443725,139.640198,12.704224,126.479019
164401.485024,139.623032,12.697876,126.329315
164401.526325,139.843109,12.716019,126.291763
164401.567625,139.809616,12.887421,126.221481
164401.608927,139.801620,12.710892,126.332260
164401.650227,139.779388,12.631104,126.481415
164401.691527,139.662064,12.831238,126.569397
164401.732826,139.599106,12.971252,126.686295
164401.774125,139.582626,12.812576,126.388702
164401.815422,139.615784,12.725845,126.286850
164401.856717,139.631119,12.504547,126.295319
164401.898014,139.393707,12.711914,126.430496
164401.939310,139.649796,12.567352,126.324280
164401.980609,139.660080,12.598541,126.636841
164402.021907,139.749207,12.501160,126.352264
164402.063208,139.665771,12.512589,126.415558
164402.104509,139.734131,12.423508,126.250580
164402.145809,139.626328,12.774887,126.303909
164402.187112,139.733398,12.550888,126.561203
164402.228416,139.740799,12.421219,126.377151
164402.269719,139.924057,12.427139,126.563370
164402.311020,139.514496,12.493134,126.164780
164402.352323,139.812454,12.475632,126.190475
164402.393624,139.312973,12.626389,126.191498
164402.434924,139.731033,12.563217,126.126587
164402.476223,139.729019,12.630615,126.216705
164402.517525,139.771973,12.424606,126.389282
164402.558826,139.845383,12.417023,126.502823
164402.600123,139.678757,12.346741,126.388779
164402.641423,139.760742,12.205673,126.319733
164402.682723,139.851166,12.310699,126.313385
164402.724024,139.667450,12.319443,126.252258
164402.765325,139.681229,12.359695,126.572174
164402.806624,139.950516,12.384354,126.498856
164402.847923,139.688278,12.727158,126.469727
164402.889224,139.642136,12.548218,126.692352
164402.930525,139.499573,12.652359,126.664474
164402.971824,139.754578,12.548233,126.390320
164403.013126,139.691864,12.496140,126.549423
164403.054426,139.678757,12.577423,126.371140
164403.095727,139.369934,12.662277,126.306152
164403.137028,139.538620,12.578476,126.405060
164403.178327,139.531815,12.453232,126.421219
164403.219628,139.779144,12.379669,126.158813
164403.260927,139.687393,12.397034,126.262360
164403.302226,139.659882,12.462250,126.303802
164403.343524,139.625549,12.274704,126.379715
164403.384822,139.795486,12.184357,126.483093
164403.426122,139.775787,12.361481,126.573807
164403.467421,139.869690,12.409897,126.653610
164403.508721,139.536514,12.537857,126.538513
164403.550021,139.803284,12.486008,126.491608
164403.591319,139.844879,12.343628,126.237747
164403.632617,139.785492,12.396866,126.699341
164403.673916,139.732590,12.293045,126.324738
164403.715216,139.928696,12.413345,126.402252
164403.756517,139.806152,12.390350,126.399597
164403.797819,139.733917,12.224457,126.255127
164403.839123,139.740570,12.233521,126.464462
164403.880423,139.650635,12.609772,126.772018
164403.921725,139.754013,12.468689,126.568039
164403.963028,139.828568,12.329880,126.373856
164404.004329,139.807175,12.271576,126.306900
164404.045629,139.589554,12.473007,126.277283
164404.086931,139.682709,12.548294,126.336914
164404.128234,139.876816,12.430573,126.298187
164404.169536,139.613220,12.744232,126.331482
164404.210843,139.719025,12.547073,126.298508
164404.252147,139.701767,12.449829,126.518311
164404.293448,139.875168,12.501999,126.156876
164404.334750,139.812790,12.735519,126.632248
164404.376052,139.827957,12.529144,126.218536
164404.417354,139.859589,12.355362,126.421326
164404.458655,139.643265,12.513763,126.189819
164404.499958,140.000793,12.474625,126.030045
164404.541259,139.953262,12.353745,126.175201
164404.582560,139.853806,12.380615,126.280624
164404.623860,139.824722,12.440918,126.151321
164404.665160,139.920395,12.613235,126.124817
164404.706462,139.799057,12.324890,126.186279
164404.747764,139.670456,12.622787,126.360458
164404.789064,139.456543,12.654938,126.413620
164404.830366,139.365814,12.894272,126.427536
164404.871666,139.546600,12.564316,126.396042
164404.912970,139.816360,12.560333,126.156769
164404.954275,139.504211,12.753067,126.649124
164404.995576,139.581406,12.478622,126.335495
164405.036877,139.537643,12.436707,126.387726
164405.078178,139.835129,12.335190,126.586639
164405.119477,139.432877,12.529160,126.379486
164405.160778,139.590103,12.238205,126.368759
164405.202081,139.759384,12.712585,126.401581
164405.243382,139.587875,12.368912,126.521622
164405.284687,139.654297,12.350739,126.532898
164405.325986,139.809891,12.406296,126.501328
164405.367287,139.598358,12.646484,126.436218
164405.408588,139.737671,12.687881,126.579086
164405.449890,139.732117,12.408127,126.536255
164405.491191,139.649261,12.747421,126.256378
164405.532494,139.724228,12.609131,126.212112
164405.573795,139.789261,12.545685,126.205093
164405.615096,139.586243,12.745865,126.323074
164405.656398,139.748795,12.351364,126.341705
164405.697700,139.568390,12.633469,126.226776
164405.739002,139.676498,12.295059,126.373734
164405.780303,139.582947,12.311462,126.384186
164405.821605,139.745407,12.387436,126.473221
164405.862906,139.758530,12.337967,126.447281
164405.904206,139.748459,12.394424,126.578476
164405.945506,139.658661,12.613815,126.365860
164405.986807,139.706909,12.469269,126.490250
164406.028106,139.817459,12.388382,126.393921
164406.069402,139.724213,12.404175,126.324356
164406.110701,139.903854,12.421158,126.400070
164406.152001,139.784988,12.454346,126.543076
164406.193299,139.612350,12.415466,126.375336
164406.234597,139.823929,12.226944,126.405991
164406.275898,139.788651,12.287994,126.509888
164406.317199,139.573288,12.490463,126.331726
164406.358498,139.614182,12.258896,126.262924
164406.399799,139.784348,12.467194,126.346115
164406.441100,139.694443,12.567078,126.361969
164406.482402,139.635345,12.410873,126.447739
164406.523703,139.825897,12.331955,126.778000
164406.565007,139.759933,12.313416,126.651550
164406.606310,139.785309,12.256500,126.610764
164406.647612,139.730164,12.468948,126.687134
164406.688914,139.586594,12.531433,126.453064
164406.730214,139.598785,12.517288,126.473801
164406.771516,139.679657,12.543640,126.516647
164406.812818,139.703690,12.566452,126.351807
164406.854119,139.822342,12.436783,126.289322
164406.895418,139.599091,12.413544,126.470078
164406.936718,139.677002,12.328766,126.387146
164406.978017,139.592148,12.267929,126.264420
164407.019317,139.919724,12.332184,126.576111
164407.060617,139.779587,12.601059,126.562637
164407.101916,139.869598,12.360428,126.577087
164407.143216,139.717270,12.343460,126.801804
164407.184511,139.724396,12.274200,126.798218
164407.225819,139.773621,12.381989,126.602097
164407.267120,139.716309,12.577805,126.675873
164407.308419,140.041946,12.127472,126.390671
164407.349718,139.814178,12.325150,126.821320
164407.391017,139.740829,12.422409,126.794891
164407.432315,139.720718,12.706009,126.791901
164407.473614,139.678894,12.423431,126.719315
164407.514915,139.869690,12.488785,126.756241
164407.556217,139.878510,12.354614,126.646454
164407.597520,139.862015,12.412735,126.343674
164407.638824,139.756454,12.341446,126.705765
164407.680126,139.710403,12.353165,126.402008
164407.721428,139.664124,12.328262,126.637192
164407.762732,139.653946,12.575653,126.471085
164407.804036,139.624847,12.412628,126.629669
164407.845338,139.575516,12.494492,126.616989
164407.886641,139.514481,12.605408,126.541901
164407.927944,139.753433,12.316452,126.390121
164407.969248,139.753647,12.462616,126.330276
164408.010551,139.474319,12.657333,126.420792
164408.051855,139.698410,12.379944,126.356979
164408.093159,139.607468,12.619522,126.289734
164408.134463,139.741287,12.535645,126.025574
164408.175764,139.842422,12.369507,126.408554
164408.217068,139.734802,12.326065,126.254181
164408.258375,139.860229,12.433105,126.033142
164408.299679,139.479095,12.460983,126.456772
164408.340983,139.697052,12.402863,126.059814
164408.382285,139.591019,12.497269,126.543900
164408.423590,139.684464,12.526428,126.385025
164408.464895,139.621872,12.896805,126.487228
164408.506200,139.585754,12.586227,126.543076
164408.547504,139.636551,12.539917,126.493942
164408.588808,139.520370,12.704819,126.469894
164408.630110,139.687012,12.366928,126.708710
164408.671412,139.869019,12.372849,126.431168
164408.712713,139.786148,12.425797,126.321640
164408.754017,139.630203,12.727402,126.453247
164408.795317,139.490738,12.588852,126.396530
164408.836617,139.624908,12.547485,126.572067
164408.877920,139.491074,12.620148,126.383255
164408.919224,139.484497,12.922104,126.566040
164408.960527,139.442978,12.846466,126.219635
164409.001823,139.785507,12.565201,126.395981
164409.043133,139.678665,12.669174,126.561172
164409.084436,139.797989,12.616104,126.567276
164409.125740,139.681747,12.541565,126.405640
164409.167043,139.802811,12.669540,126.373657
164409.208339,139.603836,12.594818,126.253052
164409.249650,139.720428,12.665070,126.531265
164409.290955,139.568954,12.781799,126.358017
164409.332259,139.433167,12.889465,126.539627
164409.373561,139.613617,12.659073,126.137848
164409.414864,139.502533,12.644424,126.158478
164409.456167,139.496613,12.724075,126.119049
164409.497470,139.437729,12.772812,126.187546
164409.538773,139.545761,12.714996,126.311829
164409.580078,139.493362,12.737778,126.419296
164409.621375,139.589630,12.739822,126.174500
164409.662683,139.612167,12.930984,126.282516
164409.703985,139.377701,12.962814,125.991257
164409.745285,139.651169,12.734543,126.365143
164409.786585,139.701920,12.702469,126.329483
164409.827885,139.793457,12.830933,126.537994
164409.869186,139.654205,12.946503,126.383118
164409.910491,139.358719,12.852203,126.316544
164409.951796,139.426651,13.074341,126.466370
164409.993101,139.654419,12.790390,126.185135
164410.034404,139.526169,12.967392,126.484802
164410.075705,139.632126,12.733093,126.345200
164410.117009,139.524979,12.899078,126.302704
164410.158313,139.891968,12.615784,126.325745
164410.199616,139.688751,12.988358,126.281647
164410.240920,139.605499,12.888687,126.256668
164410.282223,139.617874,12.545364,126.227325
164410.323529,139.769028,12.580566,126.399353
164410.364832,139.626328,12.692154,125.985733
164410.406137,139.661957,12.869858,126.259857
164410.447441,139.550720,12.900131,126.438110
164410.488746,139.537949,12.856277,126.295395
164410.530050,139.732407,12.944061,126.321518
164410.571353,139.785217,12.906860,126.190979
164410.612656,139.653122,12.800171,126.715897
164410.653959,139.795288,12.846909,126.114548
164410.695261,139.879929,12.914764,125.984222
164410.736562,139.924881,12.698120,126.199783
164410.777863,139.770401,12.850815,126.109436
164410.819163,139.792847,12.715424,126.255035
164410.860466,139.963593,12.736969,126.806671
164410.901769,139.827225,12.901306,126.827072
164410.943073,139.768463,12.934845,126.509369
164410.984375,139.777908,12.878891,126.570999
164411.025676,139.896347,12.696198,126.748886
164411.066977,139.827957,12.848999,126.530075
164411.108277,139.821289,12.737030,126.553787
164411.149579,139.835159,12.727249,126.134201
164411.190882,139.779190,12.898453,126.344116
164411.232185,139.739243,12.902328,126.061966
164411.273489,139.683380,12.789139,126.059723
164411.314791,139.890610,12.586090,126.193146
164411.356094,139.792801,12.608749,126.529449
164411.397396,139.841919,12.757675,126.217743
164411.438699,139.581726,12.850327,126.150543
164411.480005,139.669968,12.828094,126.321579
164411.521311,139.801453,12.896942,126.215622
164411.562616,139.652130,12.937088,126.797531
164411.603920,139.516037,13.034256,126.319626
164411.645225,139.394806,12.963638,126.293701
164411.686530,139.606323,12.752487,126.000656
164411.727833,139.396683,12.987473,126.131439
164411.769136,139.592239,12.880173,126.261108
164411.810438,139.532059,12.768860,126.141083
164411.851741,139.510986,12.873901,126.305969
164411.893046,139.324112,12.765762,125.987823
164411.934350,139.563995,12.954056,126.038132
164411.975656,139.550018,12.627808,126.348694
164412.016961,139.506027,12.804977,126.201538
164412.058264,139.545410,12.770416,126.170135
164412.099563,139.586685,12.795883,126.182877
164412.140861,139.731262,12.636383,126.342606
164412.182163,139.658859,12.786316,126.189758
164412.223464,139.690796,13.022736,126.473419
164412.264767,139.404648,12.718765,126.452240
164412.306068,139.582047,12.886826,126.415543
164412.347370,139.573929,12.818527,126.328339
164412.388673,139.576782,12.865784,126.372253
164412.429975,139.639496,12.701416,126.087418
164412.471276,139.715988,12.674438,126.322723
164412.512575,139.736160,12.428909,126.491409
164412.553873,139.766647,12.407455,126.439056
164412.595175,139.843918,12.335373,126.653442
164412.636476,139.869659,12.507767,126.385452
164412.677777,140.098648,12.562088,126.447159
164412.719076,139.836670,12.403198,126.538284
164412.760377,139.663147,12.561935,126.786835
164412.801680,139.530243,12.780319,126.677536
164412.842982,139.626984,12.791977,126.537109
164412.884283,139.863739,12.575989,126.523651
164412.925585,139.479218,12.694382,126.315460
164412.966888,139.652740,12.726730,126.341110
164413.008189,139.779129,12.449020,126.390030
164413.049490,139.650055,12.754639,126.442383
164413.090789,139.813324,12.411194,126.399414
164413.132090,139.749832,12.386261,126.576385
164413.173391,139.658051,12.621155,126.514160
164413.214693,139.895752,12.367126,126.406021
164413.255994,139.600281,12.525528,126.450943
164413.297297,139.800293,12.520416,126.800812
164413.338598,139.825836,12.528519,126.510132
164413.379900,139.918961,12.597000,126.380905
164413.421200,139.772629,12.453751,126.632339
164413.462500,139.680283,12.559570,126.495026
164413.503799,139.765091,12.351349,126.690155
164413.545102,139.591370,12.638977,126.554306
164413.586404,139.653992,12.730850,126.706329
164413.627705,139.722473,12.742966,126.708145
164413.669004,139.633469,12.702637,126.285156
164413.710303,139.789963,12.502441,126.352341
164413.751602,139.892197,12.489243,126.480301
164413.792903,140.014343,12.407028,126.228592
164413.834204,139.908340,12.413956,126.278763
164413.875506,140.045685,12.419083,126.567856
164413.916805,139.940704,12.606461,126.419495
164413.958107,139.729019,12.460983,126.589828
164413.999409,139.770309,12.417511,126.433548
164414.040710,140.002396,12.251175,126.606293
164414.082011,139.811523,12.460938,126.545395
164414.123315,139.747467,12.407516,126.263580
164414.164618,139.609467,12.694672,126.160110
164414.205915,139.802841,12.442108,126.171738
164414.247225,139.672073,12.489731,126.359436
164414.288525,139.729294,12.431091,126.390030
164414.329827,139.790207,12.512543,126.280228
164414.371127,139.701645,12.528305,126.051254
164414.412426,139.797684,12.435364,125.887772
164414.453724,139.764938,12.300751,126.305023
164414.495024,139.813324,12.526459,126.339401
164414.536324,139.954742,12.419556,126.163895
164414.577623,139.947678,12.522202,126.295166
164414.618925,139.867386,12.516937,126.345215
164414.660228,139.790710,12.422363,126.351013
164414.701531,139.727036,12.797974,126.494217
164414.742836,139.749146,12.530090,126.790054
164414.784140,139.968719,12.332779,126.343719
164414.825443,139.851501,12.406052,126.241394
164414.866745,139.590210,12.562973,126.311188
164414.908048,139.753357,12.407639,126.235794
164414.949351,139.864349,12.346024,126.360229
164414.990652,139.984497,12.339508,126.571365
164415.031955,139.594467,12.285339,126.096451
164415.073260,139.586472,12.484344,126.355896
164415.114563,139.864014,12.510239,126.331161
164415.155867,139.735703,12.424484,126.235855
164415.197168,139.948410,12.448639,126.174759
164415.238468,139.835632,12.521362,126.199432
164415.279766,139.795822,12.451096,126.388718
164415.321066,139.834930,12.537735,126.399811
164415.362370,139.642960,12.666382,126.582947
164415.403674,139.852310,12.520844,126.576523
164415.444978,139.759186,12.358032,126.382904
164415.486282,139.901123,12.449356,126.317764
164415.527586,139.996063,12.452042,126.513504
164415.568887,139.628296,12.677948,126.362411
164415.610200,139.868332,12.348770,126.631607
164415.651504,139.675247,12.558792,126.434830
164415.692808,139.800827,12.476059,126.213089
164415.734115,139.625534,12.558990,126.331543
164415.775422,139.621704,12.486526,126.457397
164415.816727,139.547867,12.555222,126.233261
164415.858031,139.716446,12.788818,126.528732
164415.899337,139.737152,12.353516,127.038940
164415.940638,139.639999,12.617416,126.580872
164415.981941,139.621124,12.786285,126.774460
164416.023243,139.682678,12.710907,126.690918
164416.064547,139.767853,12.619080,126.383835
164416.105853,139.596634,12.526077,126.516205
164416.147156,139.623718,12.728455,126.307632
164416.188457,139.675003,12.445862,126.635818
164416.229760,139.459412,12.629868,126.603943
164416.271063,139.668762,12.431427,126.245850
164416.312360,139.562531,12.548431,126.368790
164416.353670,139.722382,12.488785,126.313782
164416.394974,139.656479,12.614304,126.252151
164416.436276,139.720734,12.545166,126.199280
164416.477581,139.665817,12.379440,126.046127
164416.518883,139.792526,12.412949,126.167419
164416.560186,139.726410,12.473770,126.300888
164416.601491,139.658554,12.596527,126.273758
164416.642794,139.876511,12.527115,126.313416
164416.684099,139.621002,12.732803,126.378525
164416.725397,139.668884,12.695969,126.334488
164416.766707,139.700851,12.757629,126.493607
164416.808010,139.744034,12.687866,126.422821
164416.849313,139.754883,12.749741,126.427750
164416.890617,139.750092,12.752228,126.369034
164416.931917,139.872696,12.547684,126.402863
164416.973221,139.827347,12.557724,126.566010
164417.014527,139.656815,12.592712,126.396179
164417.055831,139.848557,12.524826,126.312256
164417.097133,139.640976,12.385864,126.083237
164417.138437,139.740204,12.491425,126.415771
164417.179741,139.667328,12.693420,126.793915
164417.221043,139.590561,12.629379,126.381271
164417.262345,139.641693,12.671921,126.960327
164417.303646,139.849289,12.349884,126.654449
164417.344947,139.812027,12.476807,126.634155
164417.386247,139.589050,12.678604,126.511871
164417.427549,139.623672,12.732697,126.515701
164417.468851,139.743851,12.769424,126.291336
164417.510151,139.655243,12.882492,126.383148
164417.551451,139.593002,12.757614,126.662750
164417.592753,139.589172,12.715500,126.326065
164417.634054,139.546890,12.633682,126.294907
164417.675358,139.647705,12.650375,126.369293
164417.716654,139.678604,12.647507,126.579086
164417.757961,139.433472,12.537582,127.031631
164417.799263,139.803604,12.641479,126.549667
164417.840564,139.855713,12.812408,127.050491
164417.881865,139.799210,12.675705,126.863068
164417.923164,139.726028,12.396759,126.614227
164417.964465,139.610672,12.577423,126.646454
164418.005767,139.774567,12.315048,126.476761
164418.047069,139.846115,12.576019,126.728607
164418.088373,139.969528,12.437439,126.274124
164418.129676,140.084457,12.127151,126.611450
164418.170980,140.108795,12.246552,126.523209
164418.212283,139.878448,12.347931,126.875961
164418.253586,140.040298,12.153793,126.621246
164418.294888,139.917725,12.282013,126.779404
164418.336193,139.823364,12.378174,126.888031
164418.377496,139.988297,12.194595,126.648407
164418.418796,139.888809,12.556900,126.491821
164418.460096,139.959091,12.506165,126.714828
164418.501405,139.886230,12.382095,126.650513
164418.542709,139.797165,12.320969,126.637497
164418.584011,139.810028,12.413513,126.584518
164418.625308,139.509460,12.550278,126.612717
164418.666616,139.883728,12.469757,126.408981
164418.707917,139.848160,12.164322,126.446014
164418.749217,139.828415,12.304306,126.704773
164418.790517,139.724930,12.393173,126.575714
164418.831814,139.801544,12.293350,126.305695
164418.873115,140.088150,12.147247,126.097244
164418.914416,139.942184,12.259003,126.757385
164418.955718,139.763107,12.487274,126.636429
164418.997017,139.842972,12.523544,126.835419
164419.038317,139.941086,12.427368,126.452606
164419.079617,140.006424,12.440536,126.818802
164419.120918,140.030365,12.505615,126.608582
164419.162222,139.962067,12.502853,126.709732
164419.203521,139.911835,12.570221,126.708328
164419.244824,139.988968,12.471115,126.806656
164419.286124,139.887482,12.376343,126.595276
164419.327425,139.810272,12.382111,126.511932
164419.368727,139.765274,12.519485,126.545242
164419.410029,139.905457,12.405548,126.814743
164419.451330,139.780594,12.383804,126.559509
164419.492633,139.953445,12.419739,126.384796
164419.533933,139.908783,12.502579,126.340927
164419.575235,140.090851,12.432648,126.724411
164419.616539,139.853333,12.353333,126.637665
164419.657842,139.881592,12.474380,126.618286
164419.699144,140.133255,12.275879,126.670456
164419.740448,140.002182,12.499283,126.677094
164419.781749,139.700592,12.579987,126.793671
164419.823050,139.849884,12.334396,126.772263
164419.864352,139.736847,12.340851,126.521362
164419.905653,139.886414,12.440231,126.775070
164419.946956,139.840012,12.149673,126.634888
164419.988260,139.870361,12.260208,126.604797
164420.029559,139.822998,12.159042,126.649536
164420.070869,139.764511,12.476852,126.691559
164420.112174,140.029037,12.378876,126.640625
164420.153479,140.012039,12.229691,126.708054
164420.194784,139.750198,12.446823,126.807816
164420.236089,139.951874,12.416412,126.623337
164420.277392,139.813278,12.423233,126.708389
164420.318694,139.939850,12.591858,126.625732
164420.359996,139.783920,12.402176,126.765045
164420.401299,139.810455,12.399628,126.898560
164420.442602,139.867645,12.447388,126.731720
164420.483904,139.696487,12.592361,126.445084
164420.525207,139.865829,12.382126,126.503235
164420.566509,139.868561,12.470901,126.674316
164420.607813,139.833191,12.508560,126.763031
164420.649113,139.888611,12.313583,126.757767
164420.690416,139.838318,12.340790,126.943787
164420.731718,139.972931,12.147369,126.724777
164420.773019,139.829285,12.336243,126.628906
164420.814317,139.950775,12.500153,126.609421
164420.855615,139.687424,12.467529,126.422424
164420.896912,139.729675,12.562134,126.503571
164420.938211,139.647690,12.677567,126.543198
164420.979511,139.740662,12.663040,126.744278
164421.020811,139.388153,12.661758,126.810623
164421.062113,139.503296,12.740601,126.680557
164421.103415,139.403198,12.747040,126.818024
164421.144717,139.401184,12.684143,126.669800
164421.186020,139.430115,12.704346,126.454285
164421.227322,139.496017,12.688370,126.730927
164421.268625,139.457123,12.740891,126.851685
164421.309929,139.722244,12.426407,126.697540
164421.351232,139.612411,12.579132,126.642715
164421.392532,139.652374,12.843536,127.034729
164421.433833,139.475571,12.617981,126.934402
164421.475136,139.705002,12.395309,126.758636
164421.516436,139.616760,12.301407,126.855988
164421.557736,139.545959,12.662186,126.679626
164421.599038,139.488373,12.611450,127.009354
164421.640339,139.637115,12.832809,127.002609
164421.681643,139.422455,12.550385,126.664474
164421.722949,139.671524,12.563217,127.029648
164421.764254,139.693954,12.609665,126.744705
164421.805557,139.640320,12.358170,126.828979
164421.846861,139.641098,12.642334,126.948181
164421.888165,139.842102,12.467117,126.707932
164421.929468,139.769394,12.426712,126.512360
164421.970773,139.702698,12.683319,126.794006
164422.012074,139.716080,12.563202,126.687637
164422.053386,139.470490,12.563232,126.859131
164422.094692,139.418137,12.463898,126.886780
164422.135995,139.436188,12.676407,126.603882
164422.177300,139.652237,12.469437,126.472900
164422.218606,139.807220,12.472656,126.707993
164422.259910,139.686768,12.615662,126.762543
164422.301213,139.660904,12.602081,126.789780
164422.342517,139.799576,12.367508,126.863846
164422.383820,139.848557,12.494965,126.656052
164422.425123,139.646973,12.571960,126.760849
164422.466429,139.795349,12.392761,126.580246
164422.507735,139.806625,12.433350,126.876770
164422.549037,139.937454,12.328171,126.805374
164422.590343,139.819214,12.365326,126.777740
164422.631646,139.863876,12.463943,126.696289
164422.672949,139.661392,12.575226,126.640442
164422.714253,140.094421,12.426712,126.996826
164422.755559,139.939072,12.292236,126.760620
164422.796862,140.025360,12.430496,126.768204
164422.838166,139.723022,12.578583,126.747147
164422.879470,139.855881,12.400558,126.527512
164422.920773,139.978546,12.478622,126.952774
164422.962076,139.761063,12.516113,126.926590
164423.003379,139.940628,12.399063,126.836258
164423.044684,140.019318,12.409302,127.028702
164423.085989,139.856232,12.254807,126.505005
164423.127293,139.886612,12.329330,126.953751
164423.168596,139.819992,12.404572,126.707886
164423.209899,139.803146,12.399582,126.728699
164423.251202,139.725937,12.660477,126.785324
164423.292506,139.748856,12.677567,126.870102
164423.333807,139.788620,12.258987,127.138382
164423.375110,139.863037,12.326385,127.019836
164423.416413,139.713852,12.483978,127.186829
164423.457717,139.580063,12.607239,127.212173
164423.499018,139.431747,12.576187,127.003860
164423.540320,139.755875,12.457291,126.984680
164423.581622,139.287048,12.590256,126.934494
164423.622923,139.648788,12.487183,126.859589
164423.664225,139.591080,12.486313,126.749695
164423.705526,139.714569,12.363998,126.760071
164423.746828,139.451614,12.517273,126.884949
164423.788128,139.755661,12.618423,126.861923
164423.829430,139.592651,12.507828,126.894760
164423.870731,139.784042,12.501266,126.978455
164423.912034,139.620331,12.647537,126.759460
164423.953331,139.547333,12.605316,127.043427
164423.994640,139.516327,12.481125,126.682159
164424.035943,139.423248,12.792984,126.894089
164424.077244,139.570084,12.580719,126.696533
164424.118544,139.731659,12.292969,126.626556
164424.159846,139.675156,12.485428,126.607132
164424.201147,139.635895,12.527618,126.879196
164424.242448,139.751541,12.621613,126.574677
164424.283750,139.689392,12.204468,126.519470
164424.325050,139.656799,12.474991,126.351501
164424.366350,139.734253,12.444611,126.291061
164424.407650,139.704041,12.469971,126.584930
164424.448952,139.600647,12.297256,126.638000
164424.490252,139.509979,12.602554,126.816208
164424.531554,139.746674,12.493057,126.556931
164424.572855,139.880966,12.358734,126.835007
164424.614156,139.748199,12.303879,126.642609
164424.655457,139.723526,12.338837,126.331696
164424.696758,139.430954,12.609604,126.875336
164424.738058,139.717926,12.502625,126.805679
164424.779358,139.716721,12.300781,126.632385
164424.820658,139.761932,12.228287,126.567764
164424.861962,139.687195,12.334854,126.555389
164424.903264,139.576843,12.360413,126.683319
164424.944567,139.800751,12.361984,126.575119
164424.985863,139.647903,12.539444,126.442703
164425.027173,139.568802,12.610367,126.475174
164425.068475,139.631165,12.245590,126.779449
164425.109776,139.689438,12.605759,126.509476
164425.151074,139.469727,12.775650,126.828857
164425.192375,139.429504,12.569244,126.821472
164425.233675,139.738846,12.271042,126.644989
164425.274975,139.641769,12.514069,126.888016
164425.316274,139.681885,12.482742,127.198563
164425.357575,139.840652,12.373734,126.864670
164425.398876,139.706192,12.229218,126.771576
164425.440177,139.617615,12.545151,127.168259
164425.481477,139.858047,12.384903,126.918900
164425.522779,139.801254,12.430695,126.745636
164425.564079,139.776550,12.363754,126.738297
164425.605381,139.748413,12.411636,126.730118
164425.646676,139.651184,12.522934,126.693619
164425.687983,139.421295,12.632156,126.765915
164425.729283,139.765732,12.310364,126.848145
164425.770584,139.537674,12.657379,126.823959
164425.811883,139.447571,12.523804,126.851913
164425.853187,139.743164,12.403763,126.816879
164425.894486,139.689804,12.564560,126.777954
164425.935790,139.654037,12.561661,126.631531
164425.977090,139.726120,12.556091,126.971558
164426.018389,139.599731,12.607147,127.030045
164426.059691,139.642044,12.471359,126.688995
164426.100992,139.801239,12.625015,126.658432
164426.142291,139.844040,12.408035,126.713593
164426.183593,139.685898,12.386948,126.797806
164426.224894,139.760101,12.266220,126.668915
164426.266196,139.704895,12.373154,126.962036
164426.307498,139.795639,12.321625,126.630920
164426.348794,139.902664,12.326767,126.811096
164426.390103,139.693527,12.453522,126.861221
164426.431405,139.605652,12.615646,127.217133
164426.472708,139.897476,12.327347,127.090912
164426.514010,139.631927,12.476151,127.143723
164426.555306,139.727753,12.600067,126.794037
164426.596612,139.871750,12.460663,126.899567
164426.637918,139.800491,12.455917,126.555084
164426.679224,140.010468,12.412598,127.023697
164426.720528,139.996429,12.405350,126.730713
164426.761833,139.633301,12.641495,126.737656
164426.803130,139.707611,12.567093,126.650940
164426.844441,139.866394,12.178970,126.534256
164426.885739,139.792465,12.206161,126.900497
164426.927050,139.799881,12.357727,126.521698
164426.968353,139.941498,12.360428,126.578110
164427.009650,139.865646,12.361984,126.800827
164427.050958,139.706741,12.466324,126.605865
164427.092255,139.821274,12.321274,126.857346
164427.133560,139.783890,12.336670,126.693756
164427.174867,139.878662,12.381256,126.975067
164427.216168,139.661713,12.601883,126.775711
164427.257470,139.891617,12.424438,126.675522
164427.298772,139.843018,12.472366,126.738647
164427.340075,140.007080,12.505325,126.927841
164427.381378,139.925583,12.255875,126.806763
164427.422682,139.892670,12.264267,126.771759
164427.463983,139.756943,12.270706,126.697769
164427.505283,139.826859,12.379562,126.637589
164427.546583,139.927780,12.446152,126.507599
164427.587879,139.937302,12.613831,126.470108
164427.629189,139.993179,12.522446,126.719284
164427.670489,139.925674,12.653427,126.850769
164427.711791,139.900848,12.349869,126.953995
164427.753092,139.942047,12.344986,126.813782
164427.794394,139.847397,12.353806,126.652527
164427.835698,139.909271,12.412170,127.197327
164427.876993,139.746124,12.854782,126.669525
164427.918298,139.813293,12.534027,126.961487
164427.959601,139.589188,12.650223,126.958969
164428.000912,139.933167,12.423447,126.742493
164428.042209,139.715698,12.421402,126.817505
164428.083513,139.867661,12.566681,126.791260
164428.124817,139.916534,12.416138,126.575119
164428.166120,139.718460,12.544739,126.840240
164428.207428,139.711456,12.483444,126.825821
164428.248730,139.752792,12.690506,126.765762
164428.290031,139.755615,12.704956,127.100876
164428.331333,139.983185,12.542877,126.913574
164428.372633,139.693680,12.646683,126.696915
164428.413936,139.867081,12.558228,126.616074
164428.455230,139.657227,12.629471,126.757385
164428.496536,139.860321,12.453171,126.668945
164428.537836,139.979675,12.308090,126.733429
164428.579133,139.795364,12.615128,126.465912
164428.620440,139.659485,12.583832,126.663971
164428.661741,139.762604,12.497574,126.442276
164428.703043,139.756439,12.408157,126.645630
164428.744344,139.677887,12.532761,126.374252
164428.785644,139.595474,12.526245,126.376297
164428.826945,139.611206,12.683670,126.332230
164428.868248,139.656494,12.623886,126.440842
164428.909550,139.873215,12.438339,126.494003
164428.950853,139.838303,12.435501,126.614746
164428.992156,139.681396,12.511841,126.433594
164429.033458,139.874817,12.604340,126.313065
164429.074760,139.716171,12.665878,126.336670
164429.116061,139.804077,12.967026,126.429596
164429.157364,139.838013,12.476593,126.527145
164429.198665,139.665924,12.554749,126.497330
164429.239966,139.669937,12.624741,126.566498
164429.281269,139.705948,12.499115,126.399643
164429.322569,139.663956,12.610809,126.513504
164429.363868,139.874451,12.513596,126.696564
164429.405168,139.801193,12.520905,126.466980
164429.446470,139.850388,12.431274,126.324203
164429.487769,139.917969,12.606689,126.375641
164429.529070,139.865494,12.231323,126.397705
164429.570371,139.918900,12.334320,126.371536
164429.611673,139.870773,12.375702,126.215683
164429.652974,139.850800,12.449524,126.460693
164429.694275,139.894791,12.238342,126.624054
164429.735576,139.861237,12.319962,126.644897
164429.776877,139.931931,12.466431,126.413620
164429.818180,139.981247,12.267609,126.612015
164429.859480,139.804535,12.467957,126.452789
164429.900781,139.813400,12.311279,126.453522
164429.942084,139.844055,12.451385,126.324036
164429.983387,139.679398,12.361908,126.575226
164430.024689,139.707642,12.339661,126.369049
164430.065992,139.533173,12.516266,126.462784
164430.107294,139.815475,12.396591,126.424728
164430.148597,139.608490,12.726776,126.668732
164430.189898,139.614426,12.664932,126.455276
164430.231197,139.769623,12.447113,126.633194
164430.272496,139.690506,12.613770,126.312088
164430.313799,139.335785,12.425919,126.481537
164430.355098,139.670425,12.650650,126.705978
164430.396397,139.870316,12.387512,126.563675
164430.437698,139.875763,12.378448,126.812119
164430.479000,139.673233,12.599258,126.714020
164430.520301,139.909927,12.447601,127.253830
164430.561601,139.755325,12.484314,126.471634
164430.602901,139.848465,12.579849,126.641449
164430.644202,139.818344,12.415512,126.614868
164430.685501,139.804886,12.534195,126.814789
164430.726801,139.689804,12.593018,126.536087
164430.768103,139.659958,12.488586,126.391983
164430.809400,139.682938,12.457947,126.637802
164430.850699,139.690842,12.613831,126.668732
164430.892000,139.629944,12.490936,126.541489
164430.933301,139.770874,12.456100,126.450790
164430.974600,139.819275,12.390442,126.705460
164431.015902,139.687637,12.788147,126.491547
164431.057203,139.726349,12.614838,126.406296
164431.098505,139.658188,12.442230,126.730225
164431.139807,139.707443,12.819870,126.369095
164431.181110,139.685333,12.559830,126.236816
164431.222411,139.718216,12.602448,126.792191
164431.263712,139.942398,12.407211,126.736481
164431.305011,139.818634,12.377548,126.747040
164431.346313,139.928116,12.430969,126.563065
164431.387616,139.725189,12.446716,126.699219
164431.428917,139.835617,12.540466,126.597626
164431.470212,139.929001,12.471649,126.624939
164431.511523,139.775375,12.481689,126.468643
164431.552828,139.782455,12.663177,126.410172
164431.594130,139.737320,12.825989,126.883118
164431.635425,139.716751,12.590714,126.652496
164431.676734,139.949615,12.618332,126.727142
164431.718038,139.866455,12.415909,126.339005
164431.759342,139.748596,12.783401,126.252670
164431.800644,139.558228,12.509064,126.410156
164431.841949,139.706451,12.632172,126.370239
164431.883253,139.647385,12.680954,126.289337
164431.924556,139.510925,12.681885,126.447800
164431.965856,139.407486,12.855835,126.722229
164432.007157,139.757935,12.752365,126.518600
164432.048459,139.483643,12.755447,126.480820
164432.089760,139.466766,12.886475,126.616608
164432.131062,139.580032,12.718033,126.694809
164432.172364,139.481613,12.867538,126.590622
164432.213669,139.766403,12.710693,126.806763
164432.254972,139.693329,12.618195,127.026169
164432.296276,139.595398,12.748795,126.736450
164432.337581,139.648407,13.023895,126.605621
164432.378886,139.644363,12.913589,126.771805
164432.420188,139.809280,12.606308,126.496628
164432.461487,139.522034,12.837585,126.823990
164432.502784,139.712677,12.603912,126.442215
164432.544094,139.538834,12.420334,126.767075
164432.585398,139.698593,12.627243,126.690063
164432.626699,139.619690,12.272873,126.834885
164432.668000,139.858749,12.790421,126.794464
164432.709300,139.642334,12.780472,127.014008
164432.750600,139.756104,12.613083,126.790131
164432.791900,139.489426,12.823120,126.959320
164432.833201,139.754929,12.707092,126.819458
164432.874500,139.547653,12.790237,126.767792
164432.915800,139.558487,12.668274,126.695328
164432.957101,139.862518,12.715729,126.800858
164432.998403,139.775589,12.737686,126.568924
164433.039704,139.700363,12.363922,126.728683
164433.081004,139.696487,12.599396,126.564728
164433.122302,139.532928,12.702606,126.732483
164433.163602,139.618698,12.723755,126.761246
164433.204902,139.494812,12.633041,126.772461
164433.246204,139.500458,12.635986,126.681229
164433.287506,139.449249,12.737320,126.513229
164433.328808,139.646912,12.571548,126.902481
164433.370108,139.564636,12.656586,126.956696
164433.411410,139.496262,12.649872,126.994507
164433.452712,139.511673,12.677979,127.025589
164433.494014,139.649368,12.489426,126.737518
164433.535317,139.726395,12.416901,126.570847
164433.576619,139.693619,12.654037,126.706879
164433.617922,139.822891,12.473938,126.436172
164433.659225,139.491501,12.646194,126.743057
164433.700523,139.509232,12.537994,126.380386
164433.741834,139.352921,12.743851,126.508850
164433.783138,139.547791,12.987274,126.452637
164433.824440,139.569595,12.621994,126.572372
164433.865741,139.326920,12.474380,126.548111
164433.907043,139.484985,12.552704,126.692810
164433.948344,139.488251,12.495605,126.793945
164433.989644,139.370605,12.792007,126.766617
164434.030948,139.361221,12.676727,126.717819
164434.072248,139.310593,12.874146,126.575089
164434.113551,139.538589,12.772141,126.612381
164434.154855,139.307281,12.647995,126.606812
164434.196157,139.531952,12.684387,126.445740
164434.237455,139.563080,12.794250,126.396469
164434.278757,139.742920,12.422974,126.490326
164434.320057,139.595276,12.582855,126.298203
164434.361359,139.790314,12.461380,126.445297
164434.402662,139.772415,12.520767,126.456116
164434.443963,139.678421,12.487396,126.579071
164434.485265,139.624512,12.510574,126.556549
164434.526565,139.712143,12.470337,126.498764
164434.567867,139.546051,12.460297,126.475632
164434.609169,139.484009,12.575714,126.392441
164434.650473,139.756927,12.685593,126.449295
164434.691776,139.680725,12.621506,126.467987
164434.733073,139.718277,12.567719,126.659653
164434.774383,139.583740,12.600433,126.648453
164434.815686,139.566483,12.507797,126.889755
164434.856989,139.784805,12.430679,126.658569
164434.898292,139.915527,12.310349,126.429077
164434.939594,139.817108,12.576675,126.618546
164434.980896,139.802994,12.317642,126.492554
164435.022200,139.751633,12.398209,126.158707
164435.063502,139.590912,12.724884,126.428391
164435.104803,139.409653,12.667191,126.482666
164435.146098,139.653442,12.541519,126.293121
164435.187410,139.863480,12.571198,126.513199
164435.228708,139.762253,12.440567,126.608215
164435.270012,139.748016,12.422607,126.453110
164435.311323,139.741135,12.269577,126.588028
164435.352627,139.979721,12.541885,126.543640
164435.393934,139.502853,12.585220,126.845398
164435.435238,139.777298,12.262970,126.358963
164435.476541,139.673569,12.541138,126.683762
164435.517846,139.515106,12.615372,126.441010
164435.559150,139.510574,12.485352,126.673965
164435.600455,139.516479,12.430191,126.792557
164435.641757,139.683151,12.405014,126.801895
164435.683059,139.468735,12.527191,126.729218
164435.724361,139.440079,12.804581,126.565140
164435.765664,139.439789,12.820038,126.800812
164435.806964,139.443420,12.628693,126.816025
164435.848264,139.439301,12.735260,126.937668
164435.889567,139.460037,12.772568,126.775238
164435.930867,139.717529,12.556747,126.697617
164435.972167,139.650620,12.691544,126.541290
164436.013471,139.521652,12.729279,126.836655
164436.054772,139.512161,12.910675,126.510696
164436.096071,139.326279,12.829926,126.714264
164436.137372,139.520462,13.092514,126.659027
164436.178675,139.638000,12.924713,126.484894
164436.219979,139.296219,12.886887,126.706680
164436.261283,139.428070,12.737350,126.442581
164436.302586,139.459518,12.585510,126.624039
164436.343884,139.504852,12.786591,126.782181
164436.385196,139.288849,12.802048,126.951553
164436.426500,139.457077,12.774216,126.945267
164436.467806,139.472794,12.658737,126.676010
164436.509111,139.425797,12.681427,126.756653
164436.550418,139.337708,12.696289,126.549698
164436.591722,139.424484,12.833832,126.533066
164436.633017,139.436188,12.643463,126.691498
164436.674324,139.729691,12.620987,126.619904
164436.715626,139.395859,12.732834,126.856262
164436.756929,139.307144,12.748596,126.438950
164436.798225,139.367828,12.769714,126.691757
164436.839533,139.586884,12.543182,126.681030
164436.880835,139.622147,12.666321,126.291916
164436.922137,139.528244,12.532959,126.526505
164436.963440,139.590744,12.589447,126.619751
164437.004743,139.521576,12.330994,126.360550
164437.046045,139.365433,12.666077,126.687943
164437.087346,139.535126,12.507111,126.622086
164437.128649,139.283951,12.529953,126.901718
164437.169951,139.453476,12.494385,126.544312
164437.211253,139.763000,12.433228,126.671204
164437.252556,139.654587,12.194595,126.643860
164437.293857,139.758209,12.310074,126.436569
164437.335160,139.745941,12.354691,126.354218
164437.376463,139.860184,12.533768,126.378708
164437.417759,139.573517,12.523895,126.460617
164437.459068,139.653458,12.556686,126.480774
164437.500368,139.862305,12.155182,126.548767
164437.541668,139.624435,12.351837,126.554504
164437.582969,139.731003,12.319229,126.611328
164437.624265,139.462555,12.582932,126.807724
164437.665573,139.596893,12.514374,126.716080
164437.706875,139.603271,12.474365,126.368759
164437.748176,139.740540,12.272507,126.671570
164437.789475,139.587646,12.668472,126.884521
164437.830777,139.497482,12.741913,126.543488
164437.872079,139.509109,12.427673,126.497238
164437.913381,139.697159,12.463959,126.708282
164437.954681,139.722076,12.189178,126.647751
164437.995983,139.594376,12.506241,126.555893
164438.037281,139.428284,12.495453,126.709717
164438.078581,139.301712,12.516281,126.764587
164438.119881,139.516464,12.226273,126.115158
164438.161181,139.589615,12.178024,126.329025
164438.202476,139.538788,12.212158,126.662323
164438.243784,139.387482,12.517319,126.500839
164438.285084,139.418686,12.672226,126.692581
164438.326386,139.530502,12.236954,127.081711
164438.367687,139.427216,12.354401,126.929520
164438.408988,139.652832,12.546982,126.804962
164438.450287,139.633575,12.548843,126.718582
164438.491586,139.220734,12.879669,126.780548
164438.532883,139.533020,12.617111,126.506226
164438.574184,139.645004,12.508972,126.423309
164438.615485,139.569916,12.623993,126.516739
164438.656786,139.556854,12.806610,126.806580
164438.698086,139.342377,12.646896,126.766281
164438.739386,139.563446,12.820099,126.611893
164438.780686,139.440125,12.739288,126.791199
164438.821986,139.552795,12.524124,126.919205
164438.863289,139.405869,12.733688,126.947357
164438.904591,139.361923,12.697067,126.912323
164438.945887,139.327957,12.620880,126.738174
164438.987189,139.844955,12.430618,126.947739
164439.028498,139.592697,12.677063,126.626770
164439.069801,139.680115,12.603622,126.764191
164439.111104,139.689102,12.601578,126.731155
164439.152405,139.559952,12.839066,126.566574
164439.193707,139.499100,12.628555,126.854630
164439.235010,139.598877,12.655472,126.635468
164439.276310,139.591400,12.515747,126.540466
164439.317612,139.864471,12.397415,126.593445
164439.358907,139.493210,12.800888,126.623428
164439.400209,139.564682,12.448090,126.818893
164439.441519,139.711563,12.459549,126.933243
164439.482815,139.931091,12.421173,126.603531
164439.524124,139.807343,12.468781,126.455887
164439.565423,139.759720,12.203018,126.312653
164439.606723,139.766968,12.279907,126.811890
164439.648019,139.975815,12.486847,126.817215
164439.689328,139.900650,12.590439,126.720474
164439.730627,139.750397,12.637146,126.724197
164439.771926,139.732666,12.441132,126.877625
164439.813226,139.580139,12.492111,126.618988
164439.854527,139.781769,12.424637,126.518021
164439.895827,139.749161,12.464661,126.655807
164439.937129,139.459534,12.556580,126.640488
164439.978430,139.670502,12.652222,126.625366
164440.019731,139.620407,12.688095,126.485916
164440.061031,139.653824,12.496948,126.375244
164440.102331,139.645844,12.555267,126.542572
164440.143631,139.396896,12.734879,126.794296
164440.184933,139.858124,12.431076,126.602509
164440.226234,139.557678,12.732986,127.149170
164440.267537,139.532867,12.410934,126.578857
164440.308838,139.607330,12.682053,126.867752
164440.350140,139.742554,12.746140,126.659607
164440.391435,139.660934,12.783905,126.601852
164440.432744,139.676514,12.616241,126.434448
164440.474047,139.787888,12.430603,126.937958
164440.515350,139.544617,12.644211,126.745163
164440.556651,139.712982,12.602829,126.518036
164440.597948,139.394775,12.740158,126.572800
164440.639256,139.430939,12.724411,126.572876
164440.680559,139.639206,12.635452,126.721405
164440.721863,139.615692,12.537643,126.511078
164440.763159,139.471329,12.632874,126.658798
164440.804466,139.357651,12.638107,126.685379
164440.845769,139.527451,12.635117,126.339050
164440.887064,139.696487,12.651932,126.432190
164440.928371,139.564209,12.615036,126.567368
164440.969672,139.485886,12.665237,126.377853
164441.010971,139.403275,12.754944,126.429825
164441.052272,139.352859,12.594879,126.341400
164441.093577,139.238037,12.772369,126.441177
164441.134877,139.430176,12.718353,126.362411
164441.176176,139.393005,12.697708,126.567612
164441.217471,139.468369,12.823669,126.331360
164441.258779,139.640381,12.572693,126.272202
164441.300079,139.545044,12.371307,126.452087
164441.341377,139.573547,12.621216,126.495941
164441.382677,139.623795,12.613388,126.491226
164441.423976,139.471832,12.482315,126.942596
164441.465276,139.385376,12.520157,126.620819
164441.506575,139.565445,12.604919,126.970184
164441.547874,139.628983,12.561676,126.506485
164441.589175,139.540115,12.538681,126.594452
164441.630475,139.694244,12.382431,126.656891
164441.671773,139.297348,12.663300,126.143921
164441.713072,139.543930,12.512360,126.430893
164441.754373,139.163376,12.550751,126.585983
164441.795671,139.705154,12.605774,126.810455
164441.836967,139.705582,12.489838,126.410461
164441.878267,139.430878,12.579758,126.412415
164441.919563,139.348663,12.568756,126.451889
164441.960871,139.444397,12.618362,126.186508
164442.002174,139.216660,12.633377,126.564468
164442.043474,139.654373,12.615067,126.194977
164442.084774,139.322098,12.801590,126.643631
164442.126074,139.449112,12.728958,126.577347
164442.167374,139.497131,12.722046,126.764404
164442.208674,139.385880,12.981476,126.863602
164442.249976,139.405212,12.964310,126.945251
164442.291278,139.418777,12.713943,127.022675
164442.332578,139.535477,12.614243,126.289368
164442.373878,139.393677,12.706360,126.254684
164442.415181,139.482956,12.618408,126.011078
164442.456481,139.406433,12.591522,126.461868
164442.497779,139.388809,12.547699,126.573837
164442.539080,139.709427,12.326187,126.387268
164442.580379,139.448547,12.678665,126.718170
164442.621677,139.475616,12.561401,126.657791
164442.662976,139.467545,12.681763,126.609406
164442.704277,139.568802,12.662155,126.643219
164442.745574,139.511673,12.831192,126.548996
164442.786872,139.371979,12.736862,126.764008
164442.828171,139.537491,12.734344,126.552994
164442.869473,139.585831,12.728943,126.298828
164442.910776,139.483765,13.006622,126.914093
164442.952080,139.474564,12.711563,127.009506
164442.993377,139.445816,12.614822,126.416748
164443.034688,139.550858,12.728668,126.620865
164443.075985,139.778976,12.663620,126.573807
164443.117293,139.768051,12.623138,126.555740
164443.158587,139.515411,12.749329,126.635071
164443.199896,139.774200,12.720825,126.502670
164443.241199,139.719696,12.669785,126.661560
164443.282503,139.737000,12.558456,126.953613
164443.323809,139.495972,12.564972,126.669144
164443.365106,139.558151,12.470566,126.794968
164443.406417,139.755234,12.583328,126.907394
164443.447720,139.644485,12.774200,127.076813
164443.489023,139.603180,12.752243,126.970627
164443.530323,139.688187,12.549408,126.847961
164443.571623,139.571091,12.793854,126.855057
164443.612923,139.738403,12.468933,126.726517
164443.654218,139.586746,12.410080,126.689148
164443.695520,139.593246,12.563568,126.666702
164443.736825,139.765564,12.279236,126.756882
164443.778128,139.582535,12.571075,126.673187
164443.819438,139.629303,12.638489,126.728073
164443.860741,139.458160,12.627335,126.767365
164443.902044,139.430832,12.453720,126.938889
164443.943349,139.575317,12.569641,127.067062
164443.984651,139.318970,12.624008,126.818909
164444.025953,139.602661,12.592148,126.522308
164444.067255,139.501694,12.812592,126.543884
164444.108559,139.569153,12.822372,126.965866
164444.149861,139.679153,12.533737,126.969589
164444.191164,139.522614,12.640457,126.752808
164444.232462,139.926712,12.274338,126.771362
164444.273764,139.619415,12.600464,126.938919
164444.315071,139.618790,12.453705,126.794540
164444.356372,139.643936,12.397827,126.481812
164444.397668,139.756851,12.378357,126.732513
164444.438976,139.599014,12.514420,126.835800
164444.480279,139.668594,12.335464,127.030746
164444.521580,139.824387,12.422256,127.023132
164444.562881,139.872879,12.333954,127.025009
164444.604184,139.878693,12.316849,126.938004
164444.645480,139.790543,12.426010,126.904114
164444.686789,140.009689,12.340256,127.003937
164444.728085,139.766891,12.533051,126.895782
164444.769395,139.821030,12.231567,127.026718
164444.810696,139.722534,12.387741,127.004211
164444.851996,139.738739,12.381332,126.864761
164444.893294,139.826233,12.389069,126.526154
164444.934604,139.700638,12.288467,126.695358
164444.975902,139.950287,12.379074,126.714020
164445.017210,139.604050,12.348572,127.023209
164445.058507,139.760147,12.286743,126.852646
164445.099813,139.696503,12.477753,127.209976
164445.141118,139.782883,12.258072,127.006470
164445.182422,139.691574,12.386429,126.928940
164445.223733,139.609406,12.332779,126.904236
164445.265032,139.788071,12.352234,126.588440
164445.306341,139.642242,12.645615,127.064697
164445.347644,139.972641,12.417297,127.069229
164445.388946,139.637558,12.495361,126.726883
164445.430248,139.431305,12.414459,126.848434
164445.471552,139.466400,12.666901,127.095978
164445.512852,139.520859,12.617188,127.166061
164445.554146,139.525757,12.486954,127.033798
164445.595451,139.491257,12.551682,127.188980
164445.636751,139.429352,12.766922,126.927994
164445.678052,139.755524,12.601135,126.963470
164445.719351,139.636551,12.410599,126.764694
164445.760653,139.550339,12.957062,127.019806
164445.801952,139.508347,12.496078,127.026260
164445.843254,139.658173,12.546173,126.732773
164445.884556,139.916000,12.413284,127.020065
164445.925857,139.627563,12.538116,127.178772
164445.967158,139.513611,12.783813,126.707901
164446.008453,139.421249,12.541168,126.480835
164446.049761,139.635162,12.371231,126.890213
164446.091060,139.481903,12.633102,126.803696
164446.132354,139.659958,12.383713,126.612778
164446.173658,139.763611,12.353683,126.581467
164446.214968,139.831894,12.534332,126.723297
164446.256268,139.703903,12.453781,126.666733
164446.297570,139.819397,11.976212,126.690948
164446.338871,139.763794,12.514786,127.067322
164446.380172,139.820358,12.371307,126.887817
164446.421467,139.759430,12.336060,127.384399
164446.462775,139.906830,12.298370,127.281036
164446.504070,139.836487,12.351562,126.828033
164446.545378,139.510422,12.615616,127.147675
164446.586678,139.858307,12.350662,126.851746
164446.627979,139.609055,12.673187,127.266922
164446.669279,139.813202,12.292236,126.880798
164446.710576,139.734985,12.399338,126.816895
164446.751886,139.806534,12.360504,126.645218
164446.793188,139.701157,12.515869,126.597931
164446.834484,139.824936,12.159714,126.452911
164446.875791,139.626373,12.406845,126.512299
164446.917101,139.541565,12.193481,126.373550
164446.958398,139.616043,12.372269,126.614853
164446.999705,139.525070,12.274292,126.305832
164447.041007,139.650726,12.353195,126.459213
164447.082310,139.683365,12.347183,126.506653
164447.123615,139.763977,12.364349,126.832352
164447.164918,139.616562,12.594818,126.696518
164447.206216,139.639801,12.433487,126.455170
164447.247521,139.606079,12.337814,126.491455
164447.288831,139.491928,12.555389,126.692352
164447.330133,139.420807,12.566528,126.863815
164447.371430,139.678406,12.455383,126.641693
164447.412740,139.818863,12.617371,126.601547
164447.454043,139.851608,12.365448,126.771545
164447.495345,139.664993,12.540939,126.883179
164447.536649,139.456833,12.409775,126.460861
164447.577951,139.553055,12.406708,126.793839
164447.619254,139.440567,12.427628,126.577606
164447.660556,139.703049,12.334732,126.804596
164447.701859,139.512054,12.298279,126.674347
164447.743156,139.564194,12.470581,127.104630
164447.784460,139.777145,12.442200,126.953568
164447.825771,139.580688,12.467606,126.533142
164447.867069,139.827591,12.329376,126.890198
164447.908376,139.833801,12.183945,126.781769
164447.949677,139.863831,12.186111,126.609879
164447.990979,139.828262,12.332489,126.773438
164448.032283,139.896591,12.273254,126.648926
164448.073579,139.788193,12.329437,126.384766
164448.114888,139.794739,12.370346,126.561584
164448.156189,139.587692,12.647125,126.932922
164448.197490,139.562408,12.480164,126.691132
164448.238786,139.718719,12.394943,126.767029
164448.280095,139.752808,12.377960,126.899124
164448.321392,139.542175,12.538818,127.074020
164448.362700,139.364685,12.812698,126.834961
164448.404002,139.497406,12.408859,126.604248
164448.445304,139.628357,12.818405,127.172592
164448.486601,139.714630,12.295944,126.740982
164448.527908,139.406418,12.558487,126.387894
164448.569210,139.758392,12.339722,126.592300
164448.610505,139.473404,12.725662,126.661560
164448.651812,139.762604,12.633942,126.533051
164448.693110,139.636429,12.542648,126.815353
164448.734413,139.632996,12.364395,126.685837
164448.775715,139.795013,12.448257,126.638321
164448.817017,139.862671,12.332367,126.735291
164448.858317,139.769562,12.244308,126.449799
164448.899616,139.842896,12.199539,126.780594
164448.940918,139.678024,12.576111,126.723022
164448.982217,139.694199,12.356277,126.789490
164449.023521,139.635986,12.531860,126.861725
164449.064823,139.904816,12.426559,126.697998
164449.106123,139.525452,12.609650,126.725739
164449.147430,139.790268,12.572800,126.637558
164449.188730,139.652252,12.616379,126.566879
164449.230029,139.612274,12.592438,126.500397
164449.271329,139.689011,12.418411,126.574249
164449.312623,139.616455,12.460114,126.462601
164449.353923,139.809052,12.412735,126.395264
164449.395227,139.594498,12.423676,126.452927
164449.436526,139.747665,12.425873,126.648148
164449.477824,139.953217,12.553253,126.847137
164449.519123,139.657990,12.674042,126.752548
164449.560422,139.770370,12.211472,126.635818
164449.601723,139.860870,12.538315,126.544327
164449.643021,139.933182,12.404221,126.605850
164449.684321,139.952927,12.523636,126.803101
164449.725620,139.910660,12.187988,126.602264
164449.766919,139.900757,12.534180,126.470337
164449.808218,139.747345,12.356247,126.739456
164449.849517,139.750610,12.375214,126.525925
164449.890818,139.851501,12.578522,126.289261
164449.932112,139.665070,12.664719,126.336960
164449.973420,139.759933,12.527496,126.588562
164450.014722,139.941696,12.592880,126.426544
164450.056023,139.833771,12.449081,126.419037
164450.097322,139.845963,12.496841,126.722061
164450.138624,140.040451,12.474319,126.550934
164450.179926,139.917648,12.518890,126.800278
164450.221230,139.756180,12.637711,126.400269
164450.262524,139.690765,12.618866,126.679169
164450.303825,139.958405,12.500381,126.556747
164450.345126,139.880432,12.621246,126.257278
164450.386428,139.961273,12.294708,126.323929
164450.427729,139.908340,12.519226,126.466705
164450.469030,140.121902,12.243683,126.115936
164450.510339,139.892532,12.530334,126.346466
164450.551641,139.853973,12.356537,126.370880
164450.592940,139.813202,12.375397,126.704987
164450.634240,139.820236,12.362015,126.301987
164450.675541,140.022888,12.272598,126.335617
164450.716841,139.736771,12.367722,126.557724
164450.758135,139.916061,12.232346,126.440277
164450.799441,139.882584,12.482971,126.640366
164450.840734,139.924805,12.612946,126.729797
164450.882041,139.925293,12.304535,126.789124
164450.923336,140.090332,12.393738,126.298965
164450.964639,139.925323,12.469894,126.633286
164451.005947,139.918472,12.590347,126.404892
164451.047247,139.878784,12.552658,126.275284
164451.088542,140.092300,12.391006,126.433289
164451.129849,139.981735,12.073853,126.254791
164451.171150,139.982437,12.267700,126.546616
164451.212449,140.122421,12.263260,126.437210
164451.253748,139.931076,12.281693,126.482193
164451.295046,139.884949,12.408325,126.544846
164451.336344,139.930893,12.487915,126.651703
164451.377635,139.971466,12.312088,126.696869
164451.418942,139.952179,12.405701,126.415466
164451.460239,139.861328,12.489212,126.577362
164451.501538,139.763443,12.460541,126.634338
164451.542840,139.850769,12.370575,126.348999
164451.584134,139.869781,12.356506,126.637375
164451.625433,139.766479,12.384933,126.720947
164451.666734,139.907181,12.302017,126.458206
164451.708042,139.885223,12.469208,126.649963
164451.749342,139.901688,12.420395,126.710052
164451.790641,139.583176,12.591736,126.394379
164451.831942,139.753464,12.303482,126.798141
164451.873244,139.683685,12.414764,126.265182
164451.914544,139.675385,12.550949,126.738022
164451.955846,139.933243,12.433716,126.336151
164451.997149,139.612473,12.679825,126.421631
164452.038452,139.885208,12.421814,126.619232
164452.079756,139.849152,12.645386,126.387985
164452.121059,139.775543,12.727661,126.286560
164452.162358,139.806351,12.609726,126.455566
164452.203663,139.915192,12.456116,126.301163
164452.244972,139.808777,12.352142,126.536606
164452.286268,139.810669,12.360504,126.527039
164452.327581,139.873886,12.458496,126.383530
164452.368877,139.963226,12.403961,126.532593
164452.410185,139.687286,12.430267,126.500137
164452.451487,139.517441,12.436264,126.613129
164452.492787,139.986374,12.007233,126.305511
164452.534083,139.885391,11.968796,126.767624
164452.575387,139.863571,12.144897,126.721237
164452.616695,139.906555,12.440872,126.396072
164452.657993,140.173538,12.369019,126.525970
164452.699295,140.282242,12.128799,126.443329
164452.740598,140.249588,12.221420,126.702118
164452.781907,140.318527,12.126556,126.973282
164452.823208,140.162277,11.978531,126.754715
164452.864501,139.997726,12.056549,126.644257
164452.905807,139.989319,12.180725,126.564316
164452.947107,139.784576,12.253983,126.019989
164452.988407,140.074310,12.232346,126.451172
164453.029709,139.821793,12.386078,126.364609
164453.071005,139.815536,12.160080,126.214172
164453.112314,139.770203,12.286621,126.285355
164453.153617,140.037247,12.155014,126.456650
164453.194919,140.017944,11.997147,126.702713
164453.236223,139.934479,11.961960,126.326141
164453.277526,139.837860,12.145355,126.521149
164453.318827,139.929962,12.005508,126.412628
164453.360128,139.749405,12.253647,126.727325
164453.401427,139.643692,12.242462,126.469406
164453.442722,139.855545,12.057007,126.757980
164453.484032,140.140640,12.240875,126.470734
164453.525327,139.776627,12.315460,126.589554
164453.566629,140.148438,12.242035,126.625671
164453.607939,139.705704,12.581131,126.403839
164453.649244,139.551102,12.459244,126.375992
164453.690547,139.567459,12.431152,126.652588
164453.731851,139.559052,12.422272,126.541031
164453.773154,139.844742,12.168457,126.659882
164453.814457,139.874817,12.099045,126.390366
164453.855753,140.239883,11.998199,126.325470
164453.897063,139.854782,12.358032,126.737473
164453.938366,139.951309,12.094345,126.324066
164453.979666,139.826736,12.337555,126.681793
164454.020969,139.757507,12.437073,126.812775
164454.062270,139.767761,12.370392,126.613968
164454.103570,139.911362,12.420288,126.676453
164454.144869,139.939789,12.519714,126.857315
164454.186164,139.829269,12.229050,126.422409
164454.227472,139.737595,12.371170,126.446671
164454.268768,139.788345,12.412216,126.254135
164454.310066,139.735474,12.460571,126.481064
164454.351373,139.690338,12.413254,126.676117
164454.392677,139.681381,12.582321,126.620148
164454.433972,139.869888,12.400055,126.590073
164454.475276,139.780151,12.298416,126.377960
164454.516586,139.894257,12.432571,126.400009
164454.557889,139.854340,12.395416,126.328171
164454.599191,139.712601,12.434357,126.470322
164454.640494,139.818832,12.352814,126.581573
164454.681792,139.717377,12.602646,126.312759
164454.723100,139.774261,12.458374,126.369553
164454.764395,139.719879,12.578583,126.335312
164454.805697,139.836945,12.375641,126.669495
164454.847005,140.059143,12.294998,126.512695
164454.888308,140.025970,12.534134,126.548340
164454.929605,139.730347,12.407990,126.453644
164454.970917,139.984695,12.157700,126.323441
164455.012211,140.105362,12.189728,126.749527
164455.053521,140.134933,12.259949,126.470078
164455.094817,139.876663,12.267990,126.822571
164455.136125,139.809616,12.325043,126.387833
164455.177425,139.877243,12.305786,126.547668
164455.218725,139.960892,12.151871,126.852539
164455.260024,140.086884,12.167191,126.627975
164455.301324,139.975983,12.129364,126.260773
164455.342626,140.129639,12.008911,126.793472
164455.383930,139.941254,12.423965,126.450256
164455.425232,139.936127,12.324448,126.570251
164455.466534,140.182266,12.078796,126.568466
164455.507835,140.054886,11.905579,126.325607
164455.549131,139.863327,12.071533,126.411606
164455.590440,139.800034,12.279388,126.759735
164455.631744,139.926437,12.198044,126.567764
164455.673048,139.991867,12.468979,126.437943
164455.714345,140.077408,12.448730,126.472260
164455.755656,139.928436,12.411942,126.400116
164455.796955,139.788300,12.452576,126.467484
164455.838266,139.910080,12.445450,126.392654
164455.879569,139.895996,12.521393,126.700745
164455.920870,139.903976,12.275787,126.548935
164455.962174,139.940903,12.423218,126.758087
164456.003471,139.830673,12.381287,126.399475
164456.044783,139.787430,12.333054,126.068344
164456.086087,139.781342,12.172165,126.542358
164456.127388,139.786118,12.366501,126.633560
164456.168685,139.607727,12.377289,126.490570
164456.209993,139.676361,12.186752,126.413071
164456.251294,139.753098,12.256226,126.468292
164456.292596,139.622162,12.181976,126.413239
164456.333898,139.838562,12.127045,126.456070
164456.375193,139.867126,12.377823,126.530029
164456.416492,139.847229,12.450684,126.656250
164456.457799,139.784119,12.262070,126.458481
164456.499100,139.929382,12.276382,126.537872
164456.540403,139.971970,12.269821,126.348236
164456.581706,139.829651,12.562851,126.698639
164456.623008,139.893021,12.436188,126.396439
164456.664304,139.946182,12.500793,126.231857
164456.705612,139.762619,12.758026,126.384262
164456.746908,139.930832,12.549118,126.427872
164456.788216,139.938843,12.822021,126.350128
164456.829517,139.969742,12.356476,126.088470
