172934.989199,-0.032776,-0.750031,-0.753693
172934.999204,-0.018433,-0.757553,-0.759247
172935.009209,-0.034515,-0.755615,-0.714249
172935.019213,-0.059357,-0.760437,-0.665436
172935.029218,-0.084579,-0.764221,-0.622116
172935.039223,-0.101425,-0.768845,-0.575546
172935.049228,-0.099701,-0.780365,-0.551788
172935.059233,-0.079407,-0.790787,-0.552612
172935.069238,-0.061249,-0.787842,-0.562393
172935.079243,-0.055298,-0.780853,-0.582642
172935.089248,-0.045334,-0.775513,-0.608063
172935.099253,-0.025940,-0.771744,-0.634506
172935.109257,-0.013748,-0.775330,-0.649048
172935.119262,-0.009430,-0.779861,-0.655319
172935.129267,-0.009903,-0.782196,-0.659500
172935.139272,-0.009781,-0.778717,-0.664688
172935.149277,-0.010269,-0.780289,-0.669586
172935.159282,-0.010727,-0.782791,-0.675583
172935.169287,-0.018784,-0.785233,-0.680847
172935.179292,-0.030151,-0.785141,-0.690964
172935.189296,-0.036301,-0.784576,-0.696045
172935.199301,-0.029938,-0.783920,-0.689575
172935.209306,-0.022873,-0.789719,-0.686203
172935.219311,-0.016403,-0.799759,-0.683456
172935.229316,-0.018509,-0.803879,-0.680145
172935.239321,-0.030792,-0.797989,-0.665619
172935.249326,-0.043381,-0.790970,-0.649460
172935.259331,-0.046722,-0.784515,-0.632797
172935.269336,-0.048843,-0.785751,-0.608826
172935.279341,-0.044632,-0.790726,-0.591492
172935.289345,-0.037659,-0.795639,-0.587219
172935.299350,-0.029068,-0.794205,-0.599075
172935.309355,-0.021912,-0.791962,-0.611038
172935.319360,-0.018387,-0.794418,-0.620667
172935.329365,-0.018036,-0.796051,-0.626556
172935.339370,-0.012253,-0.794540,-0.627594
172935.349375,-0.003067,-0.793915,-0.629105
172935.359380,0.012848,-0.794403,-0.641327
172935.369385,0.018143,-0.794601,-0.652771
172935.379390,0.016327,-0.792099,-0.651520
172935.389394,0.014572,-0.791473,-0.632629
172935.399399,0.011139,-0.794113,-0.603287
172935.409404,0.010925,-0.805557,-0.571228
172935.419409,0.024185,-0.822067,-0.557068
172935.429414,0.029266,-0.774368,-0.559677
172935.439419,0.014893,-0.797760,-0.567062
172935.449424,-0.028885,-0.786880,-0.562683
172935.459429,-0.076157,-0.787979,-0.563293
172935.469434,-0.099777,-0.794220,-0.588776
172935.479439,-0.081207,-0.794067,-0.627701
172935.489444,-0.041382,-0.791382,-0.655060
172935.499448,0.000443,-0.784683,-0.674622
172935.509453,0.038635,-0.782272,-0.686691
172935.519458,0.057404,-0.780716,-0.691025
172935.529463,0.057968,-0.784760,-0.686188
172935.539468,0.042145,-0.787704,-0.675140
172935.549473,0.031586,-0.781296,-0.678101
172935.559478,0.032181,-0.781128,-0.686142
172935.569483,0.025879,-0.776962,-0.677444
172935.579488,0.020615,-0.752106,-0.657745
172935.589493,0.037750,-0.748901,-0.648758
172935.599498,0.055496,-0.759140,-0.638092
172935.609502,0.058487,-0.767288,-0.629684
172935.619507,0.058517,-0.776474,-0.626343
172935.629512,0.052750,-0.786942,-0.626282
172935.639517,0.039230,-0.786133,-0.626923
172935.649522,0.023529,-0.783569,-0.619431
172935.659527,0.018372,-0.780045,-0.605148
172935.669532,0.011551,-0.776230,-0.582794
172935.679537,0.003433,-0.773865,-0.560760
172935.689542,-0.005356,-0.777328,-0.551178
172935.699547,-0.008957,-0.781769,-0.552536
172935.709552,-0.007004,-0.790161,-0.563431
172935.719557,-0.019379,-0.793625,-0.559387
172935.729561,-0.039520,-0.787216,-0.546204
172935.739566,-0.058914,-0.778458,-0.530563
172935.749571,-0.065414,-0.781754,-0.515396
172935.759576,-0.060883,-0.801590,-0.502914
172935.769581,-0.045563,-0.818924,-0.505142
172935.779586,-0.040924,-0.823944,-0.523331
172935.789591,-0.050430,-0.819733,-0.551285
172935.799596,-0.054535,-0.816513,-0.582169
172935.809601,-0.048660,-0.806534,-0.605286
172935.819606,-0.043533,-0.798233,-0.621414
172935.829611,-0.043015,-0.800781,-0.620407
172935.839616,-0.039322,-0.804657,-0.607056
172935.849621,-0.038483,-0.804611,-0.587296
172935.859625,-0.036652,-0.799988,-0.566360
172935.869630,-0.033752,-0.799210,-0.548065
172935.879635,-0.031647,-0.797760,-0.529266
172935.889640,-0.028397,-0.797791,-0.519211
172935.899645,-0.020218,-0.797867,-0.517410
172935.909650,-0.015320,-0.798096,-0.520462
172935.919655,-0.010239,-0.802887,-0.530930
172935.929660,-0.000488,-0.805542,-0.551010
172935.939665,0.008438,-0.804581,-0.575607
172935.949670,0.015747,-0.803070,-0.590149
172935.959675,0.016495,-0.803955,-0.594284
172935.969680,0.015640,-0.804504,-0.592575
172935.979685,0.021255,-0.807587,-0.589966
172935.989690,0.029404,-0.812241,-0.594269
172935.999695,0.032120,-0.814178,-0.608688
172936.009699,0.036880,-0.817780,-0.632004
172936.019704,0.035568,-0.820938,-0.656281
172936.029709,0.032379,-0.815613,-0.673233
172936.039714,0.021698,-0.809708,-0.666412
172936.049719,0.005386,-0.808487,-0.642090
172936.059724,-0.003998,-0.811737,-0.609848
172936.069729,-0.010132,-0.812286,-0.575607
172936.079734,-0.006760,-0.813049,-0.545547
172936.089739,-0.000122,-0.814896,-0.529678
172936.099744,0.007095,-0.814194,-0.518448
172936.109749,0.009903,-0.811569,-0.516251
172936.119754,0.006149,-0.809113,-0.522522
172936.129759,0.003616,-0.809570,-0.525909
172936.139764,0.003693,-0.810150,-0.533920
172936.149769,0.001419,-0.809387,-0.540131
172936.159774,-0.005539,-0.808197,-0.548325
172936.169779,-0.012573,-0.807434,-0.555496
172936.179783,-0.015610,-0.805923,-0.558655
172936.189788,-0.011948,-0.805115,-0.560776
172936.199793,-0.007843,-0.807419,-0.557526
172936.209798,-0.010956,-0.807800,-0.551147
172936.219803,-0.019394,-0.806961,-0.551346
172936.229808,-0.020920,-0.808228,-0.550034
172936.239813,-0.021027,-0.812714,-0.557861
172936.249818,-0.024277,-0.814362,-0.570694
172936.259823,-0.022751,-0.812378,-0.581192
172936.269828,-0.021912,-0.813354,-0.586243
172936.279833,-0.029205,-0.815613,-0.581619
172936.289838,-0.035156,-0.819504,-0.567413
172936.299843,-0.035568,-0.818848,-0.549637
172936.309848,-0.032043,-0.822205,-0.529343
172936.319853,-0.028152,-0.824341,-0.509903
172936.329858,-0.026184,-0.825500,-0.492432
172936.339863,-0.019775,-0.828384,-0.483490
172936.349868,-0.015594,-0.826828,-0.479233
172936.359873,-0.010010,-0.825211,-0.484863
172936.369878,-0.010117,-0.826920,-0.502335
172936.379883,-0.004166,-0.827820,-0.527771
172936.389888,0.008987,-0.827576,-0.554398
172936.399893,0.021515,-0.827118,-0.575134
172936.409897,0.028107,-0.826569,-0.589584
172936.419902,0.027161,-0.825058,-0.596115
172936.429907,0.024689,-0.825668,-0.585510
172936.439912,0.024826,-0.827469,-0.567398
172936.449917,0.019424,-0.827820,-0.550568
172936.459922,0.015121,-0.828186,-0.546143
172936.469927,0.012924,-0.824966,-0.552383
172936.479932,0.013809,-0.821899,-0.564789
172936.489937,0.011139,-0.816788,-0.576691
172936.499942,0.010315,-0.816116,-0.583405
172936.509947,0.010666,-0.816574,-0.584412
172936.519952,0.010452,-0.814529,-0.574844
172936.529957,0.014511,-0.815262,-0.567596
172936.539962,0.013748,-0.811462,-0.556564
172936.549967,0.014633,-0.808090,-0.540573
172936.559972,0.014847,-0.809326,-0.530853
172936.569977,0.015915,-0.811493,-0.528183
172936.579982,0.015060,-0.814240,-0.534576
172936.589987,0.008301,-0.815292,-0.557678
172936.599992,0.002777,-0.821213,-0.588394
172936.609997,0.005875,-0.825394,-0.619797
172936.620002,0.006805,-0.829025,-0.653488
172936.630007,0.002289,-0.826569,-0.660858
172936.640012,-0.006424,-0.824905,-0.639969
172936.650017,-0.005096,-0.827774,-0.595398
172936.660022,0.004501,-0.833420,-0.548950
172936.670027,0.012955,-0.828842,-0.514191
172936.680032,0.022247,-0.824539,-0.490707
172936.690037,0.026840,-0.826706,-0.478424
172936.700042,0.021805,-0.826584,-0.476074
172936.710047,0.011047,-0.820343,-0.490173
172936.720052,-0.001129,-0.820175,-0.508911
172936.730057,0.003387,-0.825348,-0.530151
172936.740062,0.016006,-0.829315,-0.539246
172936.750067,0.025757,-0.832596,-0.539825
172936.760072,0.032440,-0.830414,-0.537262
172936.770077,0.036591,-0.833817,-0.538406
172936.780082,0.038666,-0.838943,-0.542694
172936.790087,0.016678,-0.839340,-0.543655
172936.800092,-0.010666,-0.838120,-0.533859
172936.810097,-0.024719,-0.841110,-0.517502
172936.820102,-0.027451,-0.846344,-0.500137
172936.830107,-0.029205,-0.847076,-0.496109
172936.840112,-0.018936,-0.847443,-0.509155
172936.850117,-0.003372,-0.846664,-0.525192
172936.860122,0.015305,-0.833450,-0.535278
172936.870127,0.048859,-0.829086,-0.542664
172936.880132,0.066315,-0.818283,-0.570877
172936.890137,0.030869,-0.824783,-0.606888
172936.900142,-0.017181,-0.834091,-0.644577
172936.910147,-0.036942,-0.848755,-0.689957
172936.920152,-0.034683,-0.845169,-0.707275
172936.930157,-0.041183,-0.812561,-0.679047
