172934.982946,4.408035,-12.718871,20.103027,2
172934.992951,4.323364,-12.717761,19.971619,2
172935.002955,4.116348,-12.578026,20.071709,2
172935.012960,4.010666,-12.423540,20.210808,2
172935.022965,4.011917,-12.296883,20.371216,2
172935.032970,3.891830,-12.386446,20.482765,2
172935.042975,3.659378,-12.247410,20.593391,2
172935.052980,3.659134,-12.356526,20.397957,2
172935.062985,3.648132,-12.468763,20.460716,2
172935.072990,3.464661,-12.442973,20.441452,2
172935.082995,3.463318,-12.547237,20.528290,2
172935.092999,3.241959,-12.519571,20.344254,2
172935.103004,3.136520,-12.374996,20.297417,2
172935.113009,2.918915,-12.441567,20.398613,2
172935.123014,3.015701,-12.577806,20.259201,2
172935.133019,2.845383,-12.550900,20.172485,2
172935.143024,2.707336,-12.548624,20.549957,2
172935.153029,2.661285,-12.435934,20.323273,2
172935.163034,2.441940,-12.615741,20.464546,2
172935.173039,2.438370,-12.565408,20.421272,2
172935.183043,2.409210,-12.527199,20.375092,2
172935.193048,2.319275,-12.615168,20.550598,2
172935.203053,2.257584,-12.503973,20.645699,2
172935.213058,2.049377,-12.412245,20.838303,2
172935.223063,2.049377,-12.412245,20.838303,2
172935.233068,1.969620,-12.268223,20.864807,2
172935.243073,1.669601,-12.178068,20.937737,2
172935.253078,1.590927,-12.094368,20.863045,2
172935.263083,1.398773,-12.049621,20.984306,2
172935.273087,1.358948,-12.122684,21.040756,2
172935.283092,1.183517,-12.050814,20.876076,2
172935.293097,1.088089,-12.101967,20.902130,2
172935.303102,0.840576,-11.991735,20.850159,2
172935.313107,0.759171,-11.901230,20.845398,2
172935.323112,0.533936,-11.844928,20.959885,2
172935.333117,0.437683,-11.943271,20.988243,2
172935.343122,0.326614,-11.955628,21.145439,2
172935.353127,0.230118,-12.005658,20.869530,2
172935.363132,0.129898,-11.937001,21.016968,2
172935.373136,-0.035034,-11.894450,20.992767,2
172935.383141,-0.266449,-11.857167,20.989288,2
172935.393146,-0.450943,-11.866751,21.063385,2
172935.403151,-0.862915,-11.775754,21.080406,2
172935.413156,-1.031921,-11.799818,20.828468,2
172935.423161,-1.142395,-11.677192,20.924896,2
172935.433166,-1.393402,-11.620175,20.978333,2
172935.443171,-1.557159,-11.628738,21.101173,2
172935.453176,-1.782059,-11.606385,21.131058,2
172935.463181,-2.060028,-11.683105,21.146690,2
172935.473186,-2.203537,-11.675849,21.069519,2
172935.483190,-2.284561,-11.754333,20.850174,2
172935.493195,-2.600143,-11.811230,20.761261,2
172935.503200,-2.681335,-11.812753,20.899017,2
172935.513205,-2.811188,-11.715204,20.538300,2
172935.523210,-3.210587,-11.785674,20.694466,2
172935.533215,-3.350494,-11.649020,20.850616,2
172935.543220,-3.350494,-11.649020,20.850616,2
172935.553225,-3.541977,-11.750769,20.749458,2
172935.563230,-3.810593,-11.644074,20.713966,2
172935.573235,-3.978226,-11.560143,20.786835,2
172935.583240,-4.329987,-11.603553,20.683784,2
172935.593244,-4.520889,-11.482820,20.757515,2
172935.603249,-4.792526,-11.335522,20.757675,2
172935.613254,-4.964691,-11.274266,20.617844,2
172935.623259,-5.273010,-11.256200,20.849373,2
172935.633264,-5.451920,-11.319599,20.818542,2
172935.643269,-5.780823,-11.207688,20.781876,2
172935.653274,-5.871918,-11.144007,20.418648,2
172935.663279,-6.249878,-11.046708,20.726990,2
172935.673284,-6.435715,-10.706470,20.697495,2
172935.683289,-6.721756,-10.708708,20.777878,2
172935.693294,-6.977036,-10.644864,20.498451,2
172935.703299,-7.097916,-10.571197,20.502716,2
172935.713303,-7.329926,-10.642198,20.453438,2
172935.723308,-7.561172,-10.568877,20.609978,2
172935.733313,-7.755646,-10.416341,20.341759,2
172935.743318,-7.990128,-10.251575,20.588806,2
172935.753323,-7.942017,-10.372568,20.555534,2
172935.763328,-8.245728,-10.427275,20.444405,2
172935.773333,-8.468430,-10.365516,20.293434,2
172935.783338,-8.605011,-10.438968,20.280624,2
172935.793343,-8.692932,-10.405675,20.337364,2
172935.803348,-8.964462,-10.398000,20.134201,2
172935.813353,-9.098022,-10.313727,20.267769,2
172935.823358,-9.468033,-10.190637,20.217506,2
172935.833363,-9.603447,-10.237157,20.135269,2
172935.843367,-9.958397,-10.227310,20.234024,2
172935.853372,-10.247993,-9.987020,20.076843,2
172935.863377,-10.333374,-10.047603,20.001076,2
172935.873382,-10.333374,-10.047603,20.001076,2
172935.883387,-10.470497,-9.864242,19.905609,2
172935.893392,-10.641586,-9.887245,20.002007,2
172935.903397,-11.039452,-9.880748,19.814674,2
172935.913402,-11.062828,-9.896233,19.776253,2
172935.923407,-11.193207,-9.937350,19.669182,2
172935.933412,-11.292725,-9.945778,19.684669,2
172935.943417,-11.547676,-9.985444,19.622261,2
172935.953422,-11.637489,-9.969411,19.432114,2
172935.963427,-11.769051,-9.948703,19.512596,2
172935.973432,-11.879402,-9.850765,18.900345,2
172935.983437,-12.286560,-9.939245,18.786018,2
172935.993441,-12.419220,-9.885133,18.719513,2
172936.003446,-12.538918,-10.040415,18.475868,2
172936.013451,-12.553291,-10.178236,18.556732,2
172936.023456,-12.879074,-10.035950,18.536034,2
172936.033461,-13.057365,-10.113315,18.278847,2
172936.043466,-13.154686,-9.861767,18.267426,2
172936.053471,-13.430862,-9.701067,18.061363,2
172936.063476,-13.575172,-9.683101,18.020447,2
172936.073481,-13.649811,-9.650719,18.067581,2
172936.083486,-13.920090,-9.492106,18.086998,2
172936.093491,-14.054298,-9.411815,17.812737,2
172936.103496,-14.264008,-9.212822,17.770866,2
172936.113501,-14.508682,-9.315091,17.768745,2
172936.123506,-14.711014,-9.023770,17.628601,2
172936.133511,-14.714226,-9.078050,17.825676,2
172936.143516,-15.099709,-9.030239,17.658348,2
172936.153521,-15.087883,-9.006350,17.614319,2
172936.163525,-15.366478,-9.048978,17.505997,2
172936.173530,-15.349815,-9.015350,17.345818,2
172936.183535,-15.466393,-9.000125,17.308121,2
172936.193540,-15.593056,-9.005704,17.073524,2
172936.203545,-15.593056,-9.005704,17.073524,2
172936.213550,-15.780426,-8.837078,17.288345,2
172936.223555,-16.033470,-8.815273,16.995285,2
172936.233560,-15.972481,-8.711413,16.996002,2
172936.243565,-16.216187,-8.603422,16.837143,2
172936.253570,-16.244446,-8.586179,16.870216,2
172936.263575,-16.446045,-8.555892,17.120056,2
172936.273580,-16.538757,-8.478446,17.063087,2
172936.283585,-16.759415,-8.475693,16.891327,2
172936.293590,-16.598503,-8.513268,16.699120,2
172936.303595,-16.920387,-8.427444,16.522720,2
172936.313600,-17.045837,-8.158990,16.641716,2
172936.323605,-17.142464,-8.016697,16.522751,2
172936.333610,-17.082466,-8.162523,16.529686,2
172936.343615,-17.314270,-8.096603,16.622322,2
172936.353620,-17.300766,-8.301510,16.576973,2
172936.363625,-17.520256,-8.200041,16.282082,2
172936.373630,-17.702538,-7.956007,16.336929,2
172936.383634,-17.771957,-7.872537,16.289436,2
172936.393639,-17.859589,-7.967710,16.260559,2
172936.403644,-17.950577,-7.919236,15.927696,2
172936.413649,-18.045494,-7.926148,15.987289,2
172936.423654,-18.102676,-7.946432,15.845078,2
172936.433659,-18.145271,-7.958930,15.909370,2
172936.443664,-18.308907,-7.811377,15.522621,2
172936.453669,-18.321243,-7.672131,15.622704,2
172936.463674,-18.498016,-7.686425,15.410385,2
172936.473679,-18.487724,-7.717292,15.407944,2
172936.483684,-18.542320,-7.644742,15.628784,2
172936.493689,-18.602135,-7.750709,15.376198,2
172936.503694,-18.603546,-7.665191,15.294609,2
172936.513699,-18.747749,-7.669735,15.399597,2
172936.523704,-18.753456,-7.518019,15.238670,2
172936.533709,-18.753456,-7.518019,15.238670,2
172936.543714,-18.898842,-7.470200,14.926338,2
172936.553719,-18.952065,-7.491467,14.936432,2
172936.563724,-19.145393,-7.399046,14.859787,2
172936.573729,-19.164894,-7.301309,14.776115,2
172936.583734,-19.271812,-7.318858,14.685364,2
172936.593739,-19.375381,-7.276117,14.667091,2
172936.603744,-19.641899,-7.338891,14.726196,2
172936.613749,-19.571640,-7.314720,14.574356,2
172936.623754,-19.621284,-7.223820,14.412872,2
172936.633759,-19.649139,-7.198363,14.509514,2
172936.643764,-19.795105,-6.896780,14.506592,2
172936.653769,-19.768623,-7.100984,14.300026,2
172936.663774,-19.745926,-7.090714,14.064522,2
172936.673779,-20.025536,-6.843021,14.208778,2
172936.683784,-20.043159,-6.885485,14.196938,2
172936.693789,-20.302910,-6.902832,14.185219,2
172936.703794,-20.348846,-6.797735,14.103432,2
172936.713799,-20.318153,-6.800059,13.905922,2
172936.723804,-20.306915,-6.745824,13.922676,2
172936.733809,-20.503632,-6.797903,13.799416,2
172936.743814,-20.590302,-6.689495,13.635727,2
172936.753819,-20.573906,-6.727849,13.522110,2
172936.763824,-20.727074,-6.729104,13.347183,2
172936.773829,-20.764572,-6.669030,13.577217,2
172936.783834,-20.898643,-6.739009,13.550011,2
172936.793839,-20.889481,-6.627301,13.482170,2
172936.803844,-21.007141,-6.497744,13.515610,2
172936.813849,-20.956329,-6.602866,13.403755,2
172936.823854,-21.032814,-6.439015,13.495720,2
172936.833859,-20.941597,-6.579798,13.403214,2
172936.843864,-20.996933,-6.631186,13.513878,2
172936.853869,-20.996933,-6.631186,13.513878,2
172936.863874,-21.002304,-6.565907,13.356552,2
172936.873879,-21.010902,-6.586418,13.285324,2
172936.883884,-21.199417,-6.579036,13.137718,2
172936.893889,-20.972878,-6.566663,13.298737,2
172936.903894,-21.027122,-6.555643,13.120239,2
172936.913899,-20.733971,-6.564557,13.302383,2
172936.923904,-20.767960,-6.466296,13.403847,2
