38337.859328,0.074255,-0.041744,0.037392,0.007657,-0.999834,-0.016514,0.061267,0.025057,-0.026546,209.722763
38337.869334,-0.017327,0.005838,0.033952,0.007283,-0.999842,-0.016233,0.037365,-0.002554,0.019239,209.711075
38337.879339,-0.071517,-0.112438,-0.004757,0.007092,-0.999835,-0.016709,-0.000485,-0.021039,0.047394,209.723846
38337.889344,-0.075076,-0.021283,0.011019,0.007078,-0.999822,-0.017482,-0.041425,-0.019068,0.057200,209.774902
38337.899350,-0.043568,0.103548,-0.016206,0.007072,-0.999811,-0.018078,-0.052192,0.000498,0.063641,209.738708
38337.909355,-0.044334,-0.037317,-0.033141,0.007369,-0.999802,-0.018477,-0.049102,0.015565,0.020948,209.734833
38337.919361,-0.070918,0.002208,-0.012897,0.007561,-0.999790,-0.019066,-0.045006,-0.000912,0.006859,209.766083
38337.929366,-0.062033,0.090939,-0.021011,0.007762,-0.999774,-0.019769,0.017141,-0.002331,-0.008551,209.743973
38337.939371,0.012821,-0.038763,0.017383,0.007826,-0.999768,-0.020058,0.021013,-0.005298,-0.052436,209.728500
38337.949377,0.112343,-0.067386,0.015977,0.007629,-0.999782,-0.019431,0.054398,0.017223,-0.068719,209.758209
38337.959382,0.144425,0.048772,0.024853,0.007453,-0.999809,-0.018085,0.051446,0.029472,-0.070310,209.751740
38337.969388,0.081300,-0.044554,0.022326,0.007173,-0.999831,-0.016908,0.011321,0.014205,-0.046919,209.727509
38337.979393,-0.009452,-0.059812,-0.005264,0.007091,-0.999838,-0.016533,0.002461,-0.004694,0.024208,209.763992
38337.989398,-0.063301,0.097808,-0.000946,0.007119,-0.999831,-0.016932,-0.042229,-0.026109,0.072428,209.749435
38337.999404,-0.054928,-0.000482,-0.028497,0.007258,-0.999820,-0.017531,-0.045725,-0.011151,0.068053,209.721634
38338.009409,-0.042940,-0.028240,-0.020452,0.007548,-0.999809,-0.018009,-0.039591,0.002480,0.055088,209.757645
38338.019414,-0.056899,0.079474,-0.007790,0.007670,-0.999800,-0.018487,-0.016353,0.007490,0.032906,209.745621
38338.029420,-0.071548,-0.021496,-0.005425,0.007772,-0.999786,-0.019151,0.025538,0.005829,-0.000579,209.728470
38338.039425,-0.046826,-0.062715,0.018837,0.007685,-0.999775,-0.019783,0.036123,-0.007183,-0.017753,209.755875
38338.049431,0.038097,0.024428,0.020329,0.007481,-0.999775,-0.019846,0.056804,0.005848,-0.039816,209.753876
38338.059436,0.109197,-0.026356,0.022295,0.007277,-0.999791,-0.019088,0.029374,0.018071,-0.073762,209.737183
38338.069441,0.113373,-0.064053,0.010318,0.007077,-0.999814,-0.017922,0.000522,0.020521,-0.063713,209.759476
38338.079447,0.054030,0.055309,-0.006602,0.007070,-0.999830,-0.017045,-0.019003,0.008008,-0.016372,209.762192
38338.089452,-0.018230,0.036809,-0.013271,0.007161,-0.999832,-0.016884,-0.050755,-0.013932,0.022866,209.732315
38338.099458,-0.042342,-0.022567,-0.031505,0.007411,-0.999824,-0.017215,-0.043422,-0.015923,0.057635,209.748398
38338.109463,-0.036762,0.068661,-0.015472,0.007658,-0.999816,-0.017612,-0.027785,-0.008165,0.065509,209.750641
38338.119468,-0.034634,0.013248,-0.006934,0.007778,-0.999808,-0.017965,0.001866,0.007728,0.037862,209.725586
38338.129474,-0.049767,-0.069946,0.006083,0.007810,-0.999800,-0.018396,0.035510,0.008956,0.019983,209.749146
38338.139479,-0.062495,0.006832,0.026878,0.007636,-0.999790,-0.018995,0.047967,-0.001781,0.011655,209.757431
38338.149485,-0.027574,-0.018968,0.021914,0.007396,-0.999783,-0.019485,0.049519,-0.000339,-0.016786,209.740799
38338.159490,0.042545,-0.070784,0.022332,0.007165,-0.999786,-0.019421,0.017936,0.005462,-0.045124,209.758453
38338.169495,0.089782,0.022797,0.005642,0.007009,-0.999800,-0.018728,-0.007452,0.015608,-0.053065,209.765930
38338.179501,0.077751,0.038225,-0.010386,0.007041,-0.999816,-0.017844,-0.038855,0.015487,-0.048883,209.744400
38338.189506,0.026404,-0.005599,-0.021448,0.007193,-0.999825,-0.017294,-0.056723,-0.000572,-0.017572,209.747406
38338.199512,-0.017457,0.057211,-0.028693,0.007456,-0.999823,-0.017258,-0.038355,-0.010568,0.029098,209.751404
38338.209517,-0.025531,0.050606,-0.016512,0.007707,-0.999817,-0.017489,-0.020051,-0.011474,0.040697,209.728302
38338.219522,-0.014403,-0.043248,-0.007645,0.007824,-0.999813,-0.017684,0.015598,0.003460,0.038024,209.734940
38338.229528,-0.025109,-0.006046,0.015426,0.007796,-0.999810,-0.017865,0.042375,0.009087,0.034314,209.751251
38338.239533,-0.050914,-0.006444,0.024272,0.007581,-0.999804,-0.018267,0.051516,0.005313,0.022464,209.736954
38338.249539,-0.059274,-0.074816,0.022402,0.007326,-0.999796,-0.018844,0.043303,-0.001639,0.009704,209.747620
38338.259544,-0.020503,-0.010959,0.019986,0.007080,-0.999789,-0.019275,0.013001,-0.003186,-0.004758,209.762085
38338.269549,0.037746,0.024189,-0.000181,0.006973,-0.999791,-0.019201,-0.016769,0.008016,-0.032405,209.746780
38338.279555,0.065625,-0.014304,-0.012969,0.007031,-0.999801,-0.018654,-0.046246,0.014434,-0.049995,209.748749
38338.289560,0.050872,0.041952,-0.025794,0.007234,-0.999811,-0.018040,-0.051362,0.010019,-0.033870,209.755585
38338.299565,0.017492,0.062149,-0.027353,0.007520,-0.999815,-0.017693,-0.036344,0.000288,-0.010124,209.737015
38338.309571,0.001382,-0.006182,-0.015101,0.007743,-0.999815,-0.017606,-0.011100,-0.005480,0.008298,209.733124
38338.319576,0.002221,-0.002581,-0.000018,0.007836,-0.999815,-0.017596,0.024741,-0.000887,0.029726,209.744385
38338.329582,0.000351,0.009620,0.016316,0.007760,-0.999815,-0.017573,0.043738,0.006606,0.029216,209.734238
38338.339587,-0.023233,-0.061941,0.022093,0.007552,-0.999815,-0.017669,0.048234,0.007369,0.024703,209.737778
38338.349592,-0.053730,-0.037842,0.023246,0.007310,-0.999810,-0.018075,0.038085,-0.000434,0.031168,209.757111
38338.359598,-0.060728,0.011601,0.015815,0.007098,-0.999800,-0.018684,0.007580,-0.006227,0.021385,209.748764
38338.369603,-0.020232,-0.023703,-0.002543,0.007027,-0.999793,-0.019120,-0.022881,-0.001413,-0.004425,209.747147
38338.379609,0.025080,0.014312,-0.012625,0.007097,-0.999792,-0.019107,-0.042116,0.005575,-0.024396,209.758301
38338.389614,0.043006,0.062398,-0.024490,0.007293,-0.999798,-0.018728,-0.043670,0.010250,-0.037547,209.744812
38338.399619,0.038617,0.011858,-0.023872,0.007548,-0.999804,-0.018306,-0.031260,0.007845,-0.037602,209.736938
38338.409625,0.019501,0.011693,-0.014283,0.007755,-0.999808,-0.018012,-0.003010,0.000372,-0.017068,209.746185
38338.419630,0.021107,0.026542,-0.000128,0.007832,-0.999810,-0.017819,0.025798,0.000223,0.004102,209.738129
38338.429636,0.022112,-0.034776,0.013645,0.007768,-0.999815,-0.017591,0.037642,0.001692,0.011548,209.735931
38338.439641,0.003625,-0.041453,0.021278,0.007579,-0.999819,-0.017442,0.042211,0.007113,0.023515,209.751251
38338.449646,-0.032777,-0.001569,0.019075,0.007370,-0.999819,-0.017566,0.025299,0.003710,0.032275,209.750198
38338.459652,-0.061697,-0.022569,0.009872,0.007201,-0.999811,-0.018053,-0.001952,-0.004492,0.032625,209.745071
38338.469657,-0.059657,-0.011084,-0.002999,0.007157,-0.999800,-0.018700,-0.024766,-0.008028,0.026832,209.755661
38338.479663,-0.023460,0.041748,-0.011110,0.007229,-0.999791,-0.019137,-0.038846,-0.002025,0.003009,209.748886
38338.489668,0.018029,0.017386,-0.021574,0.007419,-0.999789,-0.019155,-0.036442,0.007693,-0.027491,209.740326
38338.499673,0.037260,0.008163,-0.015411,0.007615,-0.999793,-0.018852,-0.020127,0.011512,-0.038781,209.748001
38338.509679,0.035197,0.033045,-0.005238,0.007733,-0.999799,-0.018486,0.004809,0.006376,-0.034569,209.741959
38338.519684,0.034731,-0.005513,0.004884,0.007754,-0.999806,-0.018132,0.025190,0.003880,-0.022807,209.733841
38338.529689,0.034522,-0.031646,0.012586,0.007662,-0.999813,-0.017780,0.035032,0.002422,-0.004269,209.742630
38338.539695,0.028647,-0.002656,0.017001,0.007496,-0.999820,-0.017443,0.032466,0.005115,0.013018,209.743622
38338.549700,-0.004363,-0.019132,0.012343,0.007331,-0.999823,-0.017305,0.011834,0.004813,0.024706,209.738586
38338.559706,-0.044026,-0.022612,0.004362,0.007235,-0.999820,-0.017550,-0.006411,-0.001004,0.038012,209.747940
38338.569711,-0.066057,0.023663,-0.006739,0.007230,-0.999810,-0.018122,-0.023206,-0.006706,0.040659,209.747375
38338.579716,-0.054992,0.016285,-0.015129,0.007349,-0.999797,-0.018768,-0.032037,-0.005223,0.025405,209.739883
38338.589722,-0.018446,0.002091,-0.015136,0.007501,-0.999789,-0.019146,-0.023813,0.002291,-0.000965,209.745697
38338.599727,0.016445,0.026015,-0.010614,0.007631,-0.999787,-0.019155,-0.008043,0.008439,-0.024058,209.745819
38338.609733,0.033272,0.011377,-0.008403,0.007727,-0.999792,-0.018901,0.004648,0.009633,-0.040517,209.739044
38338.619738,0.040153,-0.015225,-0.002386,0.007777,-0.999798,-0.018539,0.016012,0.006191,-0.037750,209.744644
38338.629743,0.039529,0.004759,0.008006,0.007749,-0.999806,-0.018118,0.023089,0.002308,-0.021066,209.746017
38338.639749,0.036395,-0.006971,0.009735,0.007656,-0.999814,-0.017715,0.020100,0.003659,-0.006135,209.739929
38338.649754,0.019146,-0.023129,0.007692,0.007549,-0.999820,-0.017414,0.009861,0.004932,0.013127,209.744110
38338.659760,-0.016189,0.004914,0.002068,0.007498,-0.999821,-0.017383,-0.000097,0.000980,0.031787,209.747635
38338.669765,-0.049514,-0.000101,-0.003686,0.007494,-0.999815,-0.017733,-0.015429,-0.006991,0.040194,209.744186
38338.679770,-0.058830,-0.008805,-0.013039,0.007574,-0.999803,-0.018322,-0.024297,-0.007795,0.036739,209.752853
38338.689776,-0.039426,0.027255,-0.014752,0.007731,-0.999793,-0.018823,-0.022593,-0.001229,0.019815,209.756668
38338.699781,-0.008082,0.011129,-0.004277,0.007838,-0.999787,-0.019076,-0.010600,0.007157,-0.007322,209.749390
38338.709787,0.012780,-0.024600,-0.000654,0.007859,-0.999788,-0.019050,0.013595,0.010606,-0.025140,209.756775
38338.719792,0.021941,0.001049,0.011744,0.007800,-0.999791,-0.018883,0.026197,0.006444,-0.031227,209.762466
38338.729797,0.034501,-0.002934,0.011433,0.007678,-0.999798,-0.018598,0.025509,0.005016,-0.030398,209.754074
38338.739803,0.049557,-0.023566,0.008158,0.007575,-0.999806,-0.018158,0.015923,0.004949,-0.020722,209.758224
38338.749808,0.045087,0.013235,0.006027,0.007477,-0.999816,-0.017664,-0.001008,0.006087,-0.006506,209.757874
38338.759814,0.013316,0.030257,-0.006661,0.007483,-0.999822,-0.017335,-0.011847,0.003850,0.010804,209.743805
38338.769819,-0.034243,0.002078,-0.006299,0.007542,-0.999820,-0.017430,-0.024128,-0.003125,0.030949,209.737747
38338.779824,-0.056241,0.008886,-0.009071,0.007606,-0.999811,-0.017915,-0.016533,-0.007849,0.042192,209.739563
38338.789830,-0.043457,0.019530,-0.005034,0.007694,-0.999801,-0.018432,-0.006092,-0.005311,0.033248,209.734833
38338.799835,-0.017759,-0.011428,0.003354,0.007709,-0.999795,-0.018734,0.001477,0.006905,0.009777,209.733154
38338.809841,-0.002195,-0.012734,0.003048,0.007688,-0.999793,-0.018843,0.015643,0.012305,-0.008165,209.740295
38338.819846,0.007850,-0.004175,0.006588,0.007637,-0.999793,-0.018844,0.013664,0.006110,-0.020585,209.740967
38338.829851,0.024910,-0.023659,0.003289,0.007575,-0.999797,-0.018691,0.010567,0.002955,-0.027192,209.746231
38338.839857,0.037298,-0.006765,0.001756,0.007540,-0.999803,-0.018382,0.000197,0.004228,-0.022970,209.755081
38338.849862,0.035993,0.010048,-0.002855,0.007523,-0.999810,-0.017989,-0.007874,0.006768,-0.015519,209.751358
38338.859867,0.018276,-0.010197,-0.006219,0.007560,-0.999815,-0.017678,-0.012779,0.003859,-0.001532,209.753891
38338.869873,-0.010486,0.004990,-0.005197,0.007608,-0.999816,-0.017617,-0.011758,-0.002076,0.018426,209.760345
38338.879878,-0.025603,0.018551,-0.005822,0.007677,-0.999812,-0.017815,-0.005266,-0.003530,0.027596,209.755280
38338.889884,-0.025918,0.007990,-0.001090,0.007736,-0.999806,-0.018091,-0.001755,-0.002528,0.021632,209.750443
38338.899889,-0.021017,0.002630,0.003171,0.007733,-0.999802,-0.018343,0.009998,0.002320,0.013064,209.748322
38338.909894,-0.011458,0.004161,0.008031,0.007672,-0.999799,-0.018531,0.015140,0.005597,0.000419,209.743210
38338.919900,0.001013,0.001015,0.009965,0.007582,-0.999798,-0.018603,0.014818,0.002682,-0.014813,209.737213
38338.929905,0.016272,0.005876,0.004266,0.007510,-0.999800,-0.018518,0.006223,0.005355,-0.021948,209.731140
38338.939911,0.030964,0.011466,-0.000736,0.007491,-0.999805,-0.018267,-0.007323,0.004154,-0.025679,209.724930
38338.949916,0.044370,0.006058,-0.008713,0.007538,-0.999812,-0.017858,-0.017410,0.005412,-0.021159,209.722763
38338.959921,0.026126,0.008579,-0.009127,0.007642,-0.999818,-0.017463,-0.014645,0.004259,-0.005089,209.724380
38338.969927,-0.002280,0.009278,0.004664,0.007673,-0.999820,-0.017343,-0.003156,-0.001294,0.014032,209.719666
38338.979932,-0.024067,-0.021481,-0.001115,0.007647,-0.999818,-0.017458,0.016645,-0.001631,0.032717,209.723053
38338.989938,-0.034027,-0.010619,0.011544,0.007622,-0.999813,-0.017770,0.017753,-0.004017,0.035959,209.731277
38338.999943,-0.038505,-0.022309,0.006441,0.007513,-0.999807,-0.018142,0.012766,0.003637,0.030349,209.733521
38339.009948,-0.032677,-0.026228,0.008436,0.007449,-0.999801,-0.018522,0.008649,0.002700,0.015608,209.746017
38339.019954,-0.024947,-0.003796,0.006400,0.007374,-0.999795,-0.018841,-0.008122,0.002557,0.001583,209.750427
38339.029959,-0.003354,0.002952,-0.003181,0.007368,-0.999792,-0.019006,-0.011289,0.005057,-0.015372,209.748749
38339.039965,0.019684,0.004727,-0.004534,0.007411,-0.999793,-0.018929,-0.021311,0.003303,-0.027564,209.750137
38339.049970,0.037911,0.017803,-0.008651,0.007475,-0.999798,-0.018626,-0.013457,0.006421,-0.029623,209.748047
38339.059975,0.038812,0.017293,-0.007496,0.007576,-0.999805,-0.018215,-0.007347,0.006809,-0.023930,209.743622
38339.069981,0.029455,-0.001933,-0.001748,0.007631,-0.999812,-0.017845,-0.000139,0.002085,-0.010231,209.742004
38339.079986,0.011150,-0.000661,0.001021,0.007657,-0.999815,-0.017638,0.013369,0.002241,0.010329,209.744644
38339.089992,-0.011138,-0.002425,0.006321,0.007623,-0.999815,-0.017642,0.013571,-0.001543,0.023303,209.742630
38339.099997,-0.025262,-0.019864,0.005679,0.007545,-0.999812,-0.017837,0.015420,-0.001164,0.029724,209.744690
38339.110002,-0.031770,-0.010747,0.007907,0.007480,-0.999808,-0.018126,0.007642,0.000128,0.026030,209.750427
38339.120008,-0.035560,0.000367,0.004731,0.007397,-0.999802,-0.018481,-0.003384,0.001679,0.017596,209.747482
38339.130013,-0.026028,-0.005847,-0.004419,0.007396,-0.999796,-0.018808,-0.010189,0.002542,0.002130,209.749146
38339.140019,-0.008049,0.007841,-0.005060,0.007439,-0.999792,-0.018992,-0.014595,0.002294,-0.010183,209.751434
38339.150024,0.016780,0.013844,-0.007297,0.007491,-0.999792,-0.018952,-0.010283,0.004294,-0.022735,209.747681
38339.160029,0.033997,0.002080,-0.003830,0.007571,-0.999797,-0.018686,-0.006488,0.006587,-0.028861,209.747665
38339.170035,0.041825,0.003819,-0.000593,0.007597,-0.999804,-0.018276,0.002825,0.006533,-0.022801,209.748169
38339.180040,0.030093,0.005681,0.000149,0.007605,-0.999811,-0.017910,0.008661,0.006067,-0.010532,209.745636
38339.190045,0.013085,-0.007742,0.004348,0.007572,-0.999815,-0.017689,0.009732,0.001631,0.005970,209.744705
38339.200051,-0.007680,-0.008062,0.001592,0.007541,-0.999816,-0.017656,0.010434,-0.000383,0.022127,209.748337
38339.210056,-0.019407,0.001386,0.001855,0.007507,-0.999813,-0.017803,0.002228,-0.001331,0.026760,209.747589
38339.220062,-0.032858,-0.009234,0.000856,0.007478,-0.999809,-0.018081,-0.004091,-0.001275,0.026153,209.747971
38339.230067,-0.034480,-0.002311,-0.000908,0.007487,-0.999802,-0.018434,-0.006801,0.000184,0.020036,209.753021
38339.240072,-0.026713,0.009838,-0.002450,0.007511,-0.999796,-0.018765,-0.008198,0.000864,0.004681,209.751236
38339.250078,-0.006420,0.000889,-0.003414,0.007542,-0.999792,-0.018947,-0.006748,0.002615,-0.011357,209.750183
38339.260083,0.018919,0.002455,-0.001610,0.007570,-0.999793,-0.018896,-0.001985,0.005927,-0.022425,209.751617
38339.270089,0.035024,0.004977,-0.000700,0.007592,-0.999798,-0.018615,0.003592,0.007458,-0.026185,209.749817
38339.280094,0.038778,-0.005263,0.000856,0.007590,-0.999805,-0.018226,0.006463,0.006961,-0.020791,209.748932
38339.290099,0.024796,-0.003247,0.003587,0.007565,-0.999812,-0.017888,0.006855,0.003275,-0.009288,209.750488
38339.300105,0.009665,0.003311,0.001253,0.007541,-0.999815,-0.017696,0.005063,0.001509,0.006237,209.749573
38339.310110,-0.009775,-0.004467,0.002682,0.007512,-0.999815,-0.017683,-0.002156,-0.001161,0.019576,209.747421
38339.320116,-0.021945,-0.003134,0.000428,0.007489,-0.999813,-0.017835,-0.004040,-0.001179,0.027478,209.748566
38339.330121,-0.031509,0.002905,0.001074,0.007480,-0.999808,-0.018131,-0.003406,0.000113,0.027042,209.747559
38339.340126,-0.034998,-0.002377,-0.003281,0.007496,-0.999801,-0.018486,-0.002918,0.000656,0.017738,209.747574
38339.350132,-0.022707,-0.001701,-0.001912,0.007529,-0.999795,-0.018808,-0.001044,0.001473,0.004801,209.751236
38339.360137,-0.003457,0.004628,0.001800,0.007533,-0.999792,-0.018950,0.003011,0.003500,-0.010423,209.750275
38339.370143,0.018605,-0.005096,0.000960,0.007531,-0.999794,-0.018874,0.006340,0.005439,-0.023485,209.750320
38339.380148,0.033185,-0.003060,0.002125,0.007515,-0.999799,-0.018604,0.005165,0.006543,-0.027096,209.751999
38339.390153,0.034673,0.003780,0.000854,0.007490,-0.999805,-0.018247,0.001574,0.006565,-0.020800,209.749847
38339.400159,0.024148,0.001997,-0.001649,0.007500,-0.999811,-0.017941,-0.000252,0.001535,-0.008045,209.747925
38339.410164,0.008421,-0.000571,-0.001364,0.007517,-0.999814,-0.017756,-0.004161,-0.000125,0.007091,209.749008
38339.420170,-0.006616,0.006511,-0.001777,0.007537,-0.999814,-0.017738,-0.005309,0.000379,0.019935,209.748749
38339.430175,-0.021891,0.002570,-0.003141,0.007562,-0.999811,-0.017881,-0.005487,-0.000707,0.025175,209.746933
38339.440180,-0.030038,-0.004172,-0.000167,0.007575,-0.999806,-0.018151,-0.000693,0.000920,0.024132,209.748520
38339.450186,-0.028284,-0.000028,0.001365,0.007576,-0.999801,-0.018476,0.004799,0.001800,0.016462,209.749649
38339.460191,-0.018178,-0.004201,0.001741,0.007556,-0.999796,-0.018740,0.006650,0.000589,0.001756,209.749527
38339.470197,-0.000149,-0.009948,0.005281,0.007525,-0.999794,-0.018849,0.006131,0.004326,-0.010035,209.752472
38339.480202,0.019275,-0.001281,0.004539,0.007483,-0.999796,-0.018762,0.003229,0.006601,-0.021170,209.752670
38339.490207,0.029451,0.000838,0.001275,0.007451,-0.999801,-0.018521,-0.000722,0.006072,-0.021930,209.750427
38339.500213,0.026341,-0.000388,-0.004694,0.007475,-0.999806,-0.018238,-0.005858,0.003895,-0.017940,209.752396
38339.510218,0.019381,0.008621,-0.004037,0.007523,-0.999810,-0.017987,-0.006653,0.001351,-0.005207,209.752304
38339.520224,0.011125,0.008171,-0.002908,0.007555,-0.999813,-0.017820,-0.007127,0.000713,0.008100,209.749695
38339.530229,-0.007709,0.000558,-0.001234,0.007592,-0.999813,-0.017803,-0.003152,0.001232,0.015102,209.749252
38339.540234,-0.019443,0.003671,-0.001360,0.007613,-0.999810,-0.017948,0.001176,0.000787,0.021168,209.749283
38339.550240,-0.027545,-0.004769,0.002315,0.007599,-0.999806,-0.018194,0.007828,0.000370,0.018713,209.748413
38339.560245,-0.026374,-0.012581,0.005783,0.007560,-0.999801,-0.018490,0.007317,0.000746,0.014523,209.751221
38339.570251,-0.014623,-0.004311,0.004597,0.007511,-0.999797,-0.018706,0.007901,0.002849,0.001036,209.753113
38339.580256,-0.002281,-0.003417,0.003292,0.007471,-0.999795,-0.018799,0.003973,0.004236,-0.010391,209.753128
38339.590261,0.016734,-0.003621,0.000139,0.007449,-0.999797,-0.018721,-0.001605,0.006587,-0.017244,209.753952
38339.600267,0.022678,0.006269,-0.003540,0.007463,-0.999801,-0.018519,-0.007295,0.005507,-0.019017,209.753845
38339.610272,0.022650,0.009814,-0.005269,0.007499,-0.999805,-0.018276,-0.009726,0.002643,-0.014286,209.751297
38339.620278,0.015712,0.006937,-0.004983,0.007557,-0.999809,-0.018048,-0.009815,0.001426,-0.006290,209.750366
38339.630283,0.010790,0.009485,-0.001753,0.007608,-0.999811,-0.017905,-0.003962,0.003320,0.005225,209.749481
38339.640288,-0.004606,0.003092,-0.001148,0.007634,-0.999811,-0.017872,0.002604,0.000818,0.014500,209.747360
38339.650294,-0.015636,-0.007548,0.002526,0.007623,-0.999810,-0.017973,0.008796,0.000816,0.018981,209.747940
38339.660299,-0.023719,-0.009849,0.005538,0.007583,-0.999806,-0.018175,0.010132,0.001027,0.019579,209.750488
38339.670304,-0.024430,-0.008117,0.007651,0.007522,-0.999802,-0.018443,0.007783,0.000870,0.013454,209.751343
38339.680310,-0.015745,-0.008374,0.003606,0.007456,-0.999798,-0.018658,0.002081,0.002270,0.003658,209.752045
38339.690315,-0.001435,-0.001103,0.001514,0.007426,-0.999797,-0.018740,-0.003138,0.003123,-0.006483,209.753601
38339.700321,0.013699,0.003986,-0.001671,0.007434,-0.999798,-0.018690,-0.009265,0.004009,-0.015154,209.752762
38339.710326,0.018057,0.005585,-0.004834,0.007469,-0.999800,-0.018541,-0.009010,0.003325,-0.015700,209.751740
38339.720332,0.019660,0.007297,-0.007102,0.007526,-0.999803,-0.018335,-0.008380,0.003862,-0.011908,209.751495
38339.730337,0.017900,0.006353,-0.006058,0.007588,-0.999807,-0.018135,-0.002155,0.003148,-0.005455,209.750748
38339.740342,0.009795,0.001851,-0.001832,0.007618,-0.999810,-0.017971,0.004177,0.001656,0.003155,209.749908
38339.750348,0.000122,-0.003364,0.002551,0.007620,-0.999811,-0.017914,0.008310,0.000757,0.011246,209.751266
38339.760353,-0.015615,-0.003507,0.003973,0.007592,-0.999809,-0.017995,0.009010,0.000206,0.016424,209.750839
38339.770358,-0.022876,-0.011507,0.005268,0.007543,-0.999806,-0.018188,0.006938,0.000493,0.016936,209.751770
38339.780364,-0.022923,-0.007788,0.003096,0.007484,-0.999802,-0.018421,0.004037,0.001908,0.013263,209.753189
38339.790369,-0.010983,-0.001296,0.000932,0.007456,-0.999799,-0.018617,-0.001032,0.002622,0.004732,209.753784
38339.800375,-0.001134,0.000431,-0.002675,0.007464,-0.999797,-0.018688,-0.008273,0.002956,-0.005802,209.753845
38339.810380,0.008444,0.007270,-0.005905,0.007506,-0.999798,-0.018667,-0.008833,0.003856,-0.011485,209.754333
38339.820385,0.015773,0.010161,-0.005312,0.007557,-0.999800,-0.018537,-0.005741,0.003721,-0.015429,209.752319
38339.830391,0.021820,0.004459,-0.003819,0.007606,-0.999803,-0.018336,-0.002586,0.004487,-0.013601,209.751251
38339.840396,0.018303,0.003340,0.000642,0.007629,-0.999807,-0.018123,0.003434,0.004186,-0.005071,209.751160
38339.850402,0.010766,-0.001012,0.002549,0.007629,-0.999810,-0.017965,0.007325,0.003884,0.001364,209.750595
38339.860407,0.001284,-0.007416,0.000878,0.007611,-0.999811,-0.017896,0.006946,0.002237,0.011441,209.751785
38339.870412,-0.011934,-0.005481,0.001738,0.007585,-0.999810,-0.017954,0.004423,0.000893,0.017252,209.754883
38339.880418,-0.021833,-0.001870,0.003921,0.007542,-0.999807,-0.018132,0.001751,0.000830,0.018452,209.754562
38339.890423,-0.021187,-0.001967,0.001587,0.007526,-0.999803,-0.018357,-0.003299,0.000276,0.012848,209.755112
38339.900429,-0.015341,-0.001482,0.000230,0.007523,-0.999800,-0.018540,-0.005310,0.001753,0.005387,209.755920
38339.910434,-0.003276,0.005678,-0.003509,0.007546,-0.999798,-0.018637,-0.005867,0.003643,-0.003885,209.755264
38339.920439,0.009620,0.003845,-0.004015,0.007574,-0.999798,-0.018608,-0.004050,0.004284,-0.011788,209.755066
38339.930445,0.017400,0.003100,-0.001411,0.007602,-0.999801,-0.018473,-0.001834,0.004668,-0.015188,209.755234
38339.940450,0.022266,0.004029,-0.001338,0.007612,-0.999804,-0.018282,0.003740,0.003435,-0.014616,209.753876
38339.950456,0.019179,0.001097,0.000370,0.007614,-0.999808,-0.018057,0.004593,0.002738,-0.006784,209.753036
38339.960461,0.010223,-0.002077,0.003290,0.007593,-0.999811,-0.017905,0.005576,0.003137,0.001670,209.752975
38339.970466,-0.003889,-0.004367,0.005117,0.007552,-0.999812,-0.017860,0.003297,0.001201,0.009559,209.752106
38339.980472,-0.013691,-0.002617,0.001386,0.007529,-0.999811,-0.017941,0.000040,-0.000327,0.016873,209.751251
38339.990477,-0.018146,-0.001816,0.000781,0.007523,-0.999808,-0.018118,-0.002961,-0.000696,0.017645,209.752319
38340.000483,-0.021645,-0.000060,-0.003602,0.007529,-0.999804,-0.018329,-0.002860,-0.000273,0.013934,209.752808
38340.010488,-0.011953,0.002397,-0.000054,0.007545,-0.999800,-0.018511,-0.002189,0.001296,0.003497,209.752655
38340.020493,-0.003643,-0.001491,0.000209,0.007554,-0.999798,-0.018608,-0.002092,0.003460,-0.005730,209.752304
38340.030499,0.008137,0.001755,0.001215,0.007551,-0.999799,-0.018580,-0.000349,0.004270,-0.013967,209.751709
38340.040504,0.019587,-0.000283,0.000611,0.007534,-0.999801,-0.018446,0.002384,0.004166,-0.014818,209.749939
38340.050510,0.019455,-0.001344,-0.000258,0.007524,-0.999805,-0.018237,0.002867,0.004246,-0.012601,209.749344
38340.060515,0.017730,-0.000361,-0.000317,0.007514,-0.999809,-0.018035,0.001504,0.005150,-0.005921,209.749283
38340.070520,0.009454,0.001396,-0.000819,0.007513,-0.999812,-0.017887,-0.001120,0.003306,0.004185,209.748749
38340.080526,-0.002337,-0.000663,-0.000239,0.007515,-0.999813,-0.017843,-0.001976,-0.000432,0.010030,209.749802
38340.090531,-0.012621,0.002640,-0.003191,0.007526,-0.999811,-0.017910,-0.001789,0.000651,0.014981,209.750092
38340.100537,-0.018941,0.001496,0.000397,0.007531,-0.999808,-0.018085,-0.002755,0.000068,0.015644,209.749008
38340.110542,-0.021024,-0.001357,-0.001019,0.007533,-0.999804,-0.018281,-0.000102,0.002109,0.011033,209.749405
38340.120547,-0.012352,-0.002675,0.001037,0.007545,-0.999801,-0.018452,0.001778,0.002227,0.002507,209.750839
38340.130553,-0.003033,-0.001947,0.000333,0.007546,-0.999799,-0.018552,0.002418,0.004942,-0.004611,209.750763
38340.140558,0.007124,-0.000909,0.001065,0.007526,-0.999800,-0.018529,0.003796,0.004271,-0.011622,209.750702
38340.150564,0.017036,0.000547,0.001048,0.007515,-0.999802,-0.018401,0.001686,0.004319,-0.012788,209.750092
38340.160569,0.022181,0.000469,0.000906,0.007506,-0.999806,-0.018204,-0.000060,0.004658,-0.011444,209.749329
38340.170574,0.015163,0.000961,-0.003451,0.007526,-0.999809,-0.018011,-0.002903,0.002739,-0.004755,209.749542
38340.180580,0.007274,0.001711,-0.001481,0.007548,-0.999811,-0.017897,-0.004283,0.001169,0.004484,209.749252
38340.190585,-0.004009,0.004276,-0.001653,0.007582,-0.999811,-0.017871,-0.003767,0.000895,0.010272,209.748856
38340.200591,-0.010729,-0.001477,-0.003008,0.007605,-0.999810,-0.017949,-0.001837,0.000359,0.014150,209.749664
38340.210596,-0.014823,-0.000713,-0.001225,0.007617,-0.999807,-0.018090,0.001951,0.001364,0.014672,209.750778
38340.220601,-0.015045,-0.002540,0.000937,0.007615,-0.999804,-0.018249,0.004623,0.002185,0.009491,209.751450
38340.230607,-0.012552,-0.004272,0.004226,0.007602,-0.999802,-0.018391,0.004391,0.001892,0.002094,209.752701
38340.240612,-0.002148,-0.003006,0.002828,0.007568,-0.999801,-0.018466,0.003494,0.002853,-0.005048,209.753098
38340.250618,0.007148,0.001391,0.002388,0.007537,-0.999802,-0.018440,-0.000106,0.004013,-0.010521,209.752670
38340.260623,0.013587,0.002090,-0.001103,0.007531,-0.999803,-0.018338,-0.003838,0.004595,-0.011341,209.752106
38340.270628,0.015431,0.004554,-0.001308,0.007539,-0.999806,-0.018171,-0.003694,0.004003,-0.008379,209.750595
38340.280634,0.013055,0.003035,-0.002651,0.007555,-0.999809,-0.018010,-0.004900,0.004341,-0.004360,209.748978
38340.290639,0.005561,0.003382,-0.005061,0.007598,-0.999811,-0.017907,-0.004806,0.001886,0.002176,209.748749
38340.300645,-0.004939,0.004271,-0.002516,0.007628,-0.999811,-0.017887,-0.001265,0.000421,0.008992,209.748993
38340.310650,-0.011269,-0.000515,0.001171,0.007641,-0.999809,-0.017971,0.002933,-0.001137,0.012737,209.748962
38340.320655,-0.013425,-0.005045,0.003327,0.007619,-0.999807,-0.018110,0.005107,-0.000285,0.011411,209.749390
38340.330661,-0.010159,-0.006271,0.002924,0.007591,-0.999805,-0.018249,0.005363,0.001086,0.007950,209.750351
38340.340666,-0.008232,-0.003218,0.003773,0.007545,-0.999803,-0.018381,0.003777,0.002412,0.002863,209.750641
38340.350672,-0.002241,-0.003514,0.002697,0.007513,-0.999802,-0.018444,0.000986,0.003098,-0.001957,209.751236
38340.360677,0.003860,-0.000409,-0.001933,0.007511,-0.999802,-0.018432,-0.002445,0.003144,-0.008973,209.752136
38340.370682,0.011607,0.005552,-0.001684,0.007532,-0.999803,-0.018350,-0.004160,0.003404,-0.010932,209.752029
38340.380688,0.015245,0.005118,-0.002658,0.007562,-0.999806,-0.018208,-0.004434,0.003727,-0.008540,209.750153
38340.390693,0.015853,0.004186,-0.001885,0.007588,-0.999808,-0.018059,-0.003422,0.003608,-0.004356,209.748428
38340.400699,0.004326,0.006442,-0.002532,0.007613,-0.999810,-0.017960,-0.000030,0.001305,0.003296,209.747360
38340.410704,-0.001181,-0.000888,0.002736,0.007621,-0.999810,-0.017939,0.002511,0.002206,0.007929,209.746674
38340.420709,-0.012244,-0.004313,0.002508,0.007596,-0.999809,-0.017995,0.006457,0.001381,0.012807,209.747314
38340.430715,-0.010954,-0.004593,0.003417,0.007571,-0.999808,-0.018100,0.005643,0.000998,0.010623,209.748566
38340.440720,-0.013849,-0.004097,0.001241,0.007536,-0.999805,-0.018243,0.002123,0.001743,0.006967,209.749344
38340.450726,-0.009946,-0.001827,0.000441,0.007525,-0.999803,-0.018376,-0.000490,0.003175,0.002705,209.750504
38340.460731,-0.002813,0.002132,0.000106,0.007516,-0.999802,-0.018440,-0.002588,0.001938,-0.001915,209.750015
38340.470736,0.006397,0.004463,-0.002116,0.007526,-0.999802,-0.018426,-0.003711,0.003250,-0.006156,209.748962
38340.480742,0.009454,0.005050,-0.002648,0.007547,-0.999803,-0.018348,-0.005517,0.003664,-0.009912,209.746887
38340.490747,0.016109,0.003574,-0.000968,0.007579,-0.999805,-0.018210,-0.003230,0.003941,-0.008294,209.746140
38340.500753,0.014980,0.001700,0.000423,0.007594,-0.999808,-0.018058,0.001088,0.004386,-0.004509,209.745621
38340.510758,0.006634,-0.000302,-0.002220,0.007603,-0.999810,-0.017944,0.004329,0.002831,0.001281,209.745667
38340.520763,-0.001058,0.000229,0.000096,0.007607,-0.999811,-0.017916,0.004020,0.002252,0.007388,209.745895
38340.530769,-0.007553,-0.003746,0.004446,0.007585,-0.999810,-0.017954,0.005492,0.001382,0.011850,209.745773
38340.540774,-0.010066,-0.004347,0.001773,0.007546,-0.999809,-0.018049,0.003623,0.000373,0.011945,209.746140
38340.550780,-0.012254,-0.002960,0.001318,0.007526,-0.999806,-0.018180,0.000195,0.002584,0.007361,209.746811
38340.560785,-0.008552,-0.000203,-0.000354,0.007521,-0.999805,-0.018285,-0.004011,0.002170,0.003118,209.747452
38340.570790,-0.005181,0.001589,-0.000662,0.007524,-0.999803,-0.018355,-0.004991,0.002519,-0.003190,209.748383
38340.580796,0.005808,0.005381,-0.001638,0.007542,-0.999803,-0.018364,-0.003438,0.003572,-0.007698,209.747498
38340.590801,0.007105,-0.000594,-0.001828,0.007578,-0.999804,-0.018295,-0.001932,0.003329,-0.008622,209.746826
38340.600807,0.014446,-0.000432,-0.000728,0.007589,-0.999806,-0.018178,-0.000478,0.002965,-0.007624,209.747299
38340.610812,0.013287,-0.000711,0.000823,0.007593,-0.999809,-0.018029,0.002630,0.004402,-0.005500,209.747742
38340.620817,0.006060,-0.001648,0.000460,0.007588,-0.999811,-0.017926,0.001903,0.003274,0.000912,209.747803
38340.630823,-0.002355,-0.002712,0.000440,0.007571,-0.999811,-0.017890,0.002958,0.001261,0.007330,209.748444
38340.640828,-0.004719,-0.002172,0.003576,0.007559,-0.999811,-0.017930,0.002481,0.000986,0.009065,209.749420
38340.650834,-0.012705,-0.002185,0.000406,0.007541,-0.999809,-0.018030,-0.000187,0.000252,0.011163,209.749146
38340.660839,-0.009298,-0.001769,-0.001161,0.007539,-0.999807,-0.018170,-0.002733,0.000203,0.009899,209.750076
38340.670844,-0.010075,0.000846,-0.000631,0.007543,-0.999804,-0.018274,-0.002248,0.001437,0.004145,209.750092
38340.680851,-0.003564,0.001747,-0.001005,0.007550,-0.999803,-0.018353,-0.001523,0.003786,-0.001255,209.750107
38340.690856,0.001407,0.000793,-0.001428,0.007555,-0.999803,-0.018366,-0.000002,0.002855,-0.007635,209.749542
38340.700862,0.012225,-0.000383,0.000149,0.007556,-0.999804,-0.018301,0.001752,0.004565,-0.008585,209.748596
38340.710867,0.013598,0.000134,-0.000171,0.007556,-0.999806,-0.018179,0.003171,0.004552,-0.006205,209.748138
38340.720872,0.008347,-0.000706,0.001674,0.007558,-0.999808,-0.018057,0.002314,0.004325,-0.004374,209.748413
38340.730878,0.007841,-0.001312,0.001283,0.007547,-0.999810,-0.017965,0.000846,0.002938,0.001241,209.748520
38340.740883,0.001230,-0.000796,-0.001268,0.007542,-0.999811,-0.017917,-0.000034,0.001291,0.007983,209.748184
38340.750889,-0.010110,0.000951,-0.000706,0.007543,-0.999810,-0.017966,-0.001607,-0.000068,0.011069,209.748062
38340.760894,-0.010918,-0.000349,0.001445,0.007539,-0.999808,-0.018073,-0.001115,0.001746,0.009864,209.748199
38340.770899,-0.011017,0.000323,-0.000246,0.007542,-0.999806,-0.018196,-0.001133,-0.000057,0.006890,209.748505
38340.780905,-0.008045,-0.000626,0.000371,0.007543,-0.999804,-0.018295,0.000254,0.002505,0.004089,209.748459
38340.790910,-0.003095,-0.000263,-0.001563,0.007551,-0.999803,-0.018360,-0.000303,0.003511,-0.002178,209.749435
38340.800916,0.002265,-0.001299,0.001200,0.007554,-0.999803,-0.018364,0.001235,0.002656,-0.006630,209.750000
38340.810921,0.011233,-0.001729,-0.000105,0.007546,-0.999804,-0.018290,0.000938,0.003756,-0.008535,209.749802
38340.820926,0.011017,-0.000904,-0.001026,0.007545,-0.999806,-0.018172,0.000450,0.004567,-0.007020,209.750397
38340.830932,0.008987,0.004036,0.000921,0.007540,-0.999809,-0.018049,-0.000261,0.003868,-0.003176,209.749130
38340.840937,0.004143,0.000990,-0.000890,0.007544,-0.999810,-0.017972,-0.001669,0.001916,0.000607,209.748199
38340.850943,-0.001878,0.001196,-0.000080,0.007545,-0.999810,-0.017953,-0.002769,0.001260,0.006768,209.747986
38340.860948,-0.006689,-0.000243,-0.001396,0.007561,-0.999810,-0.017998,-0.000969,0.001274,0.009407,209.748138
38340.870953,-0.010730,0.000302,0.000038,0.007567,-0.999808,-0.018082,0.000779,0.000479,0.008988,209.748581
38340.880959,-0.010252,-0.002414,-0.001344,0.007576,-0.999806,-0.018198,0.000832,0.001591,0.006510,209.750214
38340.890964,-0.008897,-0.001360,0.000834,0.007578,-0.999804,-0.018292,0.002707,0.003237,0.002744,209.751297
38340.900970,-0.001551,-0.000478,0.002424,0.007558,-0.999803,-0.018334,0.002451,0.002077,-0.002373,209.751297
38340.910975,0.003934,-0.001691,0.001302,0.007543,-0.999804,-0.018318,0.001582,0.002505,-0.004844,209.751480
38340.920980,0.010632,0.001127,-0.000786,0.007546,-0.999805,-0.018232,-0.000329,0.003803,-0.006838,209.751831
38340.930986,0.011530,0.000651,-0.002170,0.007558,-0.999807,-0.018125,-0.001821,0.003927,-0.006198,209.752335
38340.940991,0.007353,0.003635,-0.004536,0.007594,-0.999809,-0.018020,-0.001384,0.003608,-0.003388,209.753265
38340.950997,0.004213,0.002862,-0.001192,0.007621,-0.999810,-0.017957,-0.002067,0.001381,0.001508,209.752655
38340.961002,-0.001579,0.001463,-0.001753,0.007636,-0.999810,-0.017929,-0.001197,0.001550,0.006073,209.751801
38340.971007,-0.006288,-0.002040,-0.000501,0.007647,-0.999809,-0.017965,0.001219,0.002266,0.008856,209.751495
38340.981013,-0.011291,-0.001559,0.000508,0.007648,-0.999808,-0.018051,0.002422,0.002768,0.006820,209.751648
38340.991018,-0.010454,-0.003456,-0.000561,0.007644,-0.999806,-0.018155,0.003495,0.002858,0.006864,209.752426
38341.001024,-0.007374,-0.002411,0.003619,0.007623,-0.999804,-0.018249,0.002570,0.003360,0.001434,209.753052
38341.011029,0.000805,-0.002337,0.000727,0.007598,-0.999804,-0.018281,0.001069,0.002429,-0.001876,209.753311
38341.021034,0.002894,-0.001059,0.002251,0.007582,-0.999804,-0.018271,-0.000075,0.003741,-0.005960,209.753952
38341.031040,0.005863,0.001968,0.001308,0.007574,-0.999805,-0.018223,-0.004018,0.003406,-0.006221,209.753159
38341.041045,0.011451,0.001037,-0.001982,0.007583,-0.999807,-0.018126,-0.004134,0.001928,-0.004915,209.753647
38341.051051,0.008200,0.001774,-0.001792,0.007600,-0.999808,-0.018031,-0.005556,0.002189,-0.001653,209.753113
38341.061056,0.003644,0.004415,-0.003226,0.007623,-0.999809,-0.017981,-0.000223,0.002129,0.002326,209.753159
38341.071061,-0.000561,0.001218,-0.001127,0.007639,-0.999810,-0.017961,0.001776,0.001152,0.005693,209.752823
38341.081067,-0.003817,-0.002328,0.000931,0.007642,-0.999809,-0.017986,0.002230,0.000465,0.005825,209.753220
38341.091072,-0.007973,-0.004259,0.001187,0.007637,-0.999808,-0.018048,0.004219,0.003165,0.007184,209.753754
38341.101078,-0.008514,-0.001770,0.002014,0.007625,-0.999806,-0.018151,0.003575,0.002736,0.004723,209.754822
38341.111083,-0.008199,-0.003602,-0.001410,0.007609,-0.999805,-0.018234,0.000920,0.002017,0.003174,209.755585
38341.121088,-0.000741,0.000410,0.000936,0.007603,-0.999804,-0.018282,-0.000813,0.001604,-0.001967,209.756180
38341.131094,0.005217,0.001229,0.000423,0.007606,-0.999804,-0.018262,-0.002113,0.003299,-0.003223,209.755478
38341.141099,0.008320,0.003767,0.000287,0.007609,-0.999805,-0.018198,-0.000972,0.003574,-0.006399,209.754303
38341.151105,0.009550,0.004604,-0.003283,0.007627,-0.999807,-0.018113,-0.002927,0.002660,-0.004089,209.753983
38341.161110,0.007746,0.001104,-0.000711,0.007642,-0.999808,-0.018030,-0.001676,0.003104,-0.001364,209.753159
38341.171115,0.005335,0.001560,-0.000320,0.007644,-0.999809,-0.017969,0.000855,0.002754,0.003091,209.752502
38341.181121,0.000860,-0.000738,-0.000762,0.007656,-0.999810,-0.017941,0.002461,0.001732,0.004864,209.753433
38341.191126,-0.005779,-0.003787,0.003296,0.007649,-0.999809,-0.017958,0.002284,0.003304,0.007368,209.754181
38341.201132,-0.007566,-0.003011,0.001102,0.007621,-0.999809,-0.018014,0.002816,0.001808,0.007531,209.753830
38341.211137,-0.007685,-0.000607,0.001730,0.007605,-0.999807,-0.018095,0.000971,0.000647,0.005751,209.754547
38341.221142,-0.006005,0.000430,-0.001423,0.007602,-0.999806,-0.018171,-0.001484,0.000996,0.001172,209.755188
38341.231148,-0.000840,0.000361,0.000337,0.007614,-0.999805,-0.018208,-0.003051,0.002460,-0.000804,209.756058
38341.241153,0.002134,0.001892,-0.000715,0.007613,-0.999805,-0.018205,-0.002608,0.002643,-0.003508,209.756058
38341.251159,0.008130,0.004440,0.000164,0.007624,-0.999806,-0.018144,-0.000803,0.002202,-0.005751,209.755203
38341.261164,0.008678,0.002372,-0.001836,0.007629,-0.999808,-0.018066,0.001251,0.004523,-0.005723,209.753632
38341.271170,0.008622,0.000210,0.000381,0.007641,-0.999809,-0.017988,0.001835,0.003746,-0.002001,209.754150
38341.281175,0.001520,-0.002507,0.002025,0.007638,-0.999810,-0.017925,0.002143,0.001016,0.000911,209.754272
38341.291180,0.001205,-0.001403,-0.001456,0.007635,-0.999811,-0.017899,0.003290,0.001749,0.003998,209.755096
38341.301186,-0.001977,-0.000935,0.000511,0.007627,-0.999810,-0.017917,0.000231,0.002511,0.008014,209.755356
38341.311191,-0.006163,0.000353,0.000353,0.007626,-0.999810,-0.017964,0.000659,0.001183,0.007222,209.756058
38341.321197,-0.007990,-0.000073,-0.000740,0.007620,-0.999808,-0.018044,-0.000326,0.000693,0.006768,209.755280
38341.331202,-0.002630,-0.001267,-0.000335,0.007610,-0.999807,-0.018113,0.000233,0.001791,0.002564,209.754318
38341.341207,-0.000216,0.001375,0.000282,0.007617,-0.999806,-0.018151,-0.000522,0.002171,-0.000862,209.754562
38341.351213,0.000468,0.001160,-0.000759,0.007617,-0.999806,-0.018151,-0.001819,0.002278,-0.004020,209.754547
38341.361218,0.005906,0.000745,0.001863,0.007616,-0.999807,-0.018109,-0.001665,0.002981,-0.006183,209.754013
38341.371224,0.007100,-0.000892,0.000266,0.007627,-0.999808,-0.018032,0.001314,0.002463,-0.005237,209.754242
38341.381229,0.005283,0.000038,0.001375,0.007629,-0.999810,-0.017958,0.002319,0.003609,-0.002489,209.753891
38341.391234,0.004508,-0.001152,0.001020,0.007618,-0.999811,-0.017904,0.001384,0.002832,0.002096,209.753769
38341.401240,-0.001316,0.000170,0.000952,0.007603,-0.999811,-0.017904,0.002117,0.001520,0.003866,209.752670
38341.411245,-0.005571,0.000456,0.000432,0.007600,-0.999810,-0.017938,0.000899,0.001855,0.006936,209.752594
38341.421251,-0.006150,0.000424,-0.000119,0.007595,-0.999809,-0.017999,-0.002102,0.001411,0.006769,209.752182
38341.431256,-0.007396,-0.000006,-0.000574,0.007595,-0.999808,-0.018074,-0.000942,0.002020,0.004952,209.752304
38341.441261,-0.006906,-0.000500,-0.001802,0.007595,-0.999806,-0.018155,-0.001003,0.003880,0.002728,209.752579
38341.451267,-0.003184,-0.001594,-0.001530,0.007603,-0.999806,-0.018193,-0.000965,0.004307,-0.000011,209.753647
38341.461272,0.002438,0.001164,0.001442,0.007601,-0.999806,-0.018188,0.000685,0.004032,-0.003601,209.753693
38341.471278,0.005866,-0.000820,0.000213,0.007585,-0.999806,-0.018147,0.001052,0.003102,-0.004925,209.753036
38341.481283,0.007876,-0.001823,0.000806,0.007583,-0.999808,-0.018071,0.000565,0.003043,-0.004985,209.753220
38341.491288,0.007018,0.001327,0.001984,0.007573,-0.999809,-0.018007,-0.000844,0.002037,-0.003066,209.752701
38341.501294,0.002135,-0.000384,-0.000560,0.007576,-0.999810,-0.017978,-0.001762,0.000908,0.003314,209.752243
38341.511299,0.000167,0.001129,-0.003525,0.007595,-0.999810,-0.017972,-0.002651,0.002648,0.004224,209.753372
38341.521305,-0.002037,0.000175,-0.000413,0.007616,-0.999809,-0.018006,-0.002337,0.000984,0.006211,209.754227
38341.531310,-0.006396,-0.001561,-0.001329,0.007622,-0.999808,-0.018058,-0.000451,0.000159,0.007362,209.754990
38341.541315,-0.008105,-0.001708,0.000081,0.007625,-0.999807,-0.018123,0.000447,0.001729,0.003917,209.755798
38341.551321,-0.003873,-0.001614,0.001299,0.007618,-0.999806,-0.018191,0.001278,0.002995,0.000918,209.756058
38341.561326,-0.002218,-0.000189,-0.000009,0.007608,-0.999805,-0.018207,0.001440,0.002094,-0.001050,209.756088
38341.571332,0.004526,0.000035,-0.000118,0.007600,-0.999806,-0.018185,0.000273,0.004216,-0.003177,209.754959
38341.581337,0.004382,-0.001547,0.001224,0.007597,-0.999807,-0.018139,0.000674,0.003759,-0.004322,209.754745
38341.591342,0.004137,-0.000651,-0.000841,0.007584,-0.999808,-0.018088,-0.001877,0.003332,-0.001642,209.754333
38341.601348,0.004307,0.001798,0.000226,0.007572,-0.999809,-0.018032,-0.000019,0.001869,-0.000507,209.752731
38341.611353,0.004276,0.001029,-0.001540,0.007575,-0.999810,-0.017977,-0.002906,0.001610,0.002184,209.751358
38341.621359,-0.002000,0.000036,-0.001241,0.007594,-0.999810,-0.017974,-0.001674,0.000756,0.004150,209.751556
38341.631364,-0.006825,0.000275,0.000559,0.007599,-0.999809,-0.018012,-0.000808,0.001762,0.006583,209.751556
38341.641369,-0.004072,-0.001122,0.000512,0.007599,-0.999808,-0.018057,-0.000031,0.002875,0.005941,209.751816
38341.651375,-0.006324,-0.001790,-0.000263,0.007601,-0.999807,-0.018126,0.001143,0.002126,0.005477,209.752533
38341.661380,-0.001099,-0.002438,0.000685,0.007592,-0.999806,-0.018162,0.002951,0.002080,0.000874,209.753723
38341.671386,-0.001730,-0.001291,0.000901,0.007587,-0.999806,-0.018179,0.002041,0.003026,-0.002238,209.754669
38341.681391,0.002479,-0.000087,0.002109,0.007578,-0.999806,-0.018163,-0.001536,0.002995,-0.002650,209.755463
38341.691396,0.005180,-0.001535,0.000994,0.007559,-0.999807,-0.018114,-0.001181,0.003286,-0.001356,209.755112
38341.701402,0.005877,0.004413,-0.000544,0.007564,-0.999808,-0.018060,-0.001887,0.003577,-0.002127,209.754547
38341.711406,0.003268,0.001174,-0.001053,0.007572,-0.999809,-0.018006,-0.001683,0.002876,-0.000960,209.753632
38341.721413,0.001638,0.002096,-0.001394,0.007591,-0.999810,-0.017975,-0.002312,0.003136,0.002167,209.753845
38341.731417,-0.002455,0.001140,-0.001943,0.007608,-0.999809,-0.017982,0.001700,0.002037,0.003593,209.754196
38341.741423,-0.004576,0.000234,0.000784,0.007606,-0.999809,-0.018025,0.001808,0.002128,0.004537,209.753662
38341.751428,-0.006742,-0.002003,0.000168,0.007599,-0.999808,-0.018066,0.001586,0.002768,0.006301,209.753815
38341.761434,-0.005226,-0.003761,0.001846,0.007570,-0.999807,-0.018124,0.002699,0.002523,0.003796,209.753311
38341.771440,-0.005257,-0.001255,0.000814,0.007556,-0.999806,-0.018168,0.002972,0.004094,0.001642,209.753967
38341.781445,-0.001532,-0.000971,-0.001199,0.007555,-0.999806,-0.018203,-0.000231,0.003193,-0.002656,209.754852
38341.791451,0.002593,-0.001755,0.000949,0.007553,-0.999806,-0.018197,-0.000366,0.003926,-0.003211,209.755493
38341.801456,0.002956,0.001084,-0.000170,0.007559,-0.999807,-0.018152,-0.002279,0.004262,-0.003134,209.755600
38341.811461,0.004203,0.002134,-0.002817,0.007585,-0.999807,-0.018109,0.000044,0.001730,-0.001926,209.756790
38341.821467,0.004186,0.000775,-0.001314,0.007616,-0.999808,-0.018064,-0.001405,0.002860,-0.000155,209.757538
38341.831472,0.001882,0.002053,-0.001030,0.007629,-0.999809,-0.018023,0.000656,0.002280,0.000277,209.757828
38341.841478,-0.001362,-0.001102,-0.000484,0.007633,-0.999808,-0.018025,0.001584,0.001823,0.003849,209.758194
38341.851483,-0.006406,0.000299,0.000295,0.007631,-0.999808,-0.018050,0.003600,0.001822,0.003356,209.758667
38341.861488,-0.003100,-0.003034,0.000177,0.007614,-0.999808,-0.018085,0.003143,0.003256,0.003406,209.759399
38341.871494,-0.004906,0.000606,0.002169,0.007606,-0.999807,-0.018129,0.000970,0.000936,0.003526,209.759918
38341.881498,-0.001234,-0.001271,-0.000176,0.007606,-0.999806,-0.018163,0.000435,0.001713,0.002065,209.760406
38341.891505,-0.002408,0.001946,-0.001390,0.007617,-0.999805,-0.018197,-0.002032,0.001545,-0.000388,209.760834
38341.901509,0.000837,0.001472,-0.001493,0.007621,-0.999805,-0.018202,-0.003456,0.002201,-0.002077,209.759705
38341.911515,0.004834,0.000316,-0.000792,0.007647,-0.999805,-0.018177,-0.000277,0.003895,-0.003856,209.759659
38341.921521,0.006017,-0.000192,-0.000248,0.007663,-0.999806,-0.018122,-0.001560,0.002675,-0.001409,209.760345
38341.931526,0.003677,0.000108,-0.000526,0.007667,-0.999807,-0.018078,0.001671,0.002691,-0.001102,209.760757
38341.941532,0.000580,-0.000089,0.000444,0.007675,-0.999808,-0.018033,0.001007,0.003165,0.001339,209.760880
38341.951537,0.000574,-0.000032,0.000978,0.007677,-0.999808,-0.018018,0.000929,0.001670,0.003644,209.761444
38341.961542,-0.002343,-0.003667,0.001299,0.007667,-0.999808,-0.018026,0.001870,0.001868,0.004049,209.761765
38341.971548,-0.006287,-0.002719,-0.000247,0.007655,-0.999807,-0.018072,0.000035,0.002157,0.003363,209.761795
38341.981553,-0.002081,-0.000677,0.000890,0.007635,-0.999807,-0.018123,-0.001638,0.003667,0.003521,209.761108
38341.991559,-0.004100,-0.000719,-0.000901,0.007645,-0.999806,-0.018163,-0.001023,0.002339,0.003056,209.761963
38342.001564,-0.004511,0.000922,-0.001468,0.007650,-0.999805,-0.018213,-0.000753,0.002368,0.000070,209.761902
38342.011569,0.000977,0.000033,-0.001006,0.007655,-0.999804,-0.018241,-0.001628,0.004000,-0.002465,209.761810
38342.021575,0.003414,0.000315,0.001098,0.007659,-0.999805,-0.018215,-0.001403,0.003024,-0.001881,209.761688
38342.031579,0.004592,0.001003,0.000437,0.007657,-0.999806,-0.018164,0.001376,0.002934,-0.002343,209.760895
38342.041586,0.004050,0.000828,-0.000363,0.007660,-0.999806,-0.018119,0.001969,0.003194,-0.002480,209.760773
38342.051590,0.001496,0.001228,0.000618,0.007656,-0.999807,-0.018080,0.002598,0.002691,0.000319,209.759796
38342.061597,0.002222,0.000370,0.000746,0.007643,-0.999807,-0.018072,0.000994,0.001684,0.003088,209.758820
38342.071601,-0.003220,0.000480,-0.000682,0.007636,-0.999807,-0.018078,0.001443,0.001730,0.003659,209.758163
38342.081607,-0.003313,-0.000502,0.002370,0.007637,-0.999807,-0.018122,-0.000557,0.002370,0.005824,209.757889
38342.091613,-0.004902,0.000645,0.000559,0.007631,-0.999806,-0.018170,-0.001543,0.003132,0.005825,209.758209
38342.101618,-0.002180,0.001104,-0.001060,0.007636,-0.999805,-0.018215,-0.000083,0.003009,0.000637,209.758011
38342.111624,-0.001535,0.002285,0.000176,0.007646,-0.999805,-0.018219,-0.000002,0.001880,0.000061,209.757675
38342.121629,0.000025,-0.000200,0.000258,0.007652,-0.999805,-0.018224,-0.000632,0.001804,-0.001399,209.758011
38342.131634,0.001427,0.001115,0.001700,0.007653,-0.999805,-0.018208,0.001075,0.003375,-0.002391,209.758148
38342.141640,0.005691,-0.000362,0.000903,0.007646,-0.999806,-0.018175,0.001220,0.003147,-0.001020,209.757263
38342.151645,0.004674,-0.001855,0.001458,0.007646,-0.999806,-0.018126,0.000487,0.001470,-0.001543,209.757111
38342.161651,0.001479,-0.001663,-0.000891,0.007652,-0.999807,-0.018099,-0.001121,0.002798,0.000963,209.757324
38342.171656,-0.002605,0.000665,-0.000289,0.007655,-0.999807,-0.018086,-0.001902,0.002783,0.003590,209.757660
38342.181661,-0.002527,0.000991,0.001486,0.007654,-0.999807,-0.018112,-0.000971,0.001119,0.002502,209.757095
38342.191667,-0.006844,-0.001243,-0.000028,0.007659,-0.999806,-0.018160,-0.000823,0.002156,0.003115,209.757401
38342.201671,-0.004327,0.001143,-0.001742,0.007663,-0.999805,-0.018203,-0.000034,0.001026,0.004424,209.757751
38342.211678,-0.002439,0.000302,0.002686,0.007656,-0.999804,-0.018240,0.001240,0.001422,0.001792,209.756943
38342.221682,-0.003667,0.000789,0.001612,0.007642,-0.999804,-0.018266,0.002627,0.001910,-0.001174,209.756241
38342.231688,0.000547,-0.000176,-0.001472,0.007638,-0.999804,-0.018282,0.000755,0.002535,-0.000944,209.756821
38342.241694,0.004707,-0.000466,0.000927,0.007645,-0.999804,-0.018252,0.002807,0.002749,-0.000943,209.757111
38342.251699,0.006450,0.000067,0.000929,0.007639,-0.999805,-0.018188,0.001470,0.002216,-0.001114,209.756973
38342.261705,0.001306,-0.001158,0.000608,0.007642,-0.999806,-0.018148,0.001514,0.003407,-0.000117,209.757446
38342.271710,0.002393,0.000487,-0.002909,0.007641,-0.999807,-0.018123,-0.002147,0.001317,0.003154,209.757935
38342.281715,-0.002585,0.001681,-0.000021,0.007649,-0.999807,-0.018112,-0.001439,0.002904,0.003402,209.757751
38342.291721,-0.002221,0.000661,0.000392,0.007651,-0.999806,-0.018148,0.001047,0.002522,0.004674,209.756683
38342.301726,-0.003957,0.001087,0.000524,0.007659,-0.999805,-0.018184,0.000123,0.000889,0.003002,209.757324
38342.311732,-0.003874,0.001166,-0.000531,0.007660,-0.999805,-0.018227,0.001923,0.003726,0.002876,209.757629
38342.321737,-0.000027,-0.003396,0.000791,0.007655,-0.999804,-0.018252,0.001240,0.002139,0.003054,209.758118
38342.331742,-0.001993,-0.003752,0.001951,0.007640,-0.999804,-0.018266,0.002537,0.003451,-0.000152,209.758484
38342.341748,0.002235,0.001836,-0.000510,0.007631,-0.999804,-0.018277,0.000700,0.003420,-0.001331,209.759003
38342.351752,0.000568,0.000690,0.000650,0.007632,-0.999804,-0.018250,0.000486,0.002505,-0.000961,209.758499
38342.361759,0.003228,-0.000276,-0.000088,0.007623,-0.999805,-0.018223,-0.000314,0.001956,-0.002178,209.758087
38342.371763,0.001123,0.000609,-0.001699,0.007626,-0.999805,-0.018186,-0.001813,0.003285,-0.000064,209.758163
38342.381770,0.001710,0.002664,-0.001371,0.007626,-0.999806,-0.018167,-0.001629,0.002247,0.003290,209.757690
38342.391774,-0.001846,0.001890,-0.001454,0.007642,-0.999806,-0.018165,0.000201,0.002613,0.003151,209.757111
38342.401780,-0.001653,-0.000748,-0.001073,0.007648,-0.999805,-0.018185,-0.000644,0.001636,0.003720,209.757706
38342.411786,-0.003911,-0.000216,0.001128,0.007650,-0.999805,-0.018213,-0.000615,0.001743,0.003702,209.757568
38342.421791,-0.003492,-0.000524,0.001104,0.007627,-0.999804,-0.018252,0.002078,0.002719,0.002230,209.756744
38342.431797,-0.001303,-0.002590,0.000848,0.007618,-0.999804,-0.018288,-0.000080,0.001940,0.002297,209.756912
38342.441802,0.001119,0.001263,-0.002012,0.007627,-0.999804,-0.018296,-0.000181,0.004030,0.000093,209.757874
38342.451807,0.002296,-0.002702,-0.000947,0.007623,-0.999804,-0.018277,-0.000863,0.002077,-0.000644,209.757812
38342.461813,0.003673,0.000148,-0.000184,0.007623,-0.999804,-0.018255,-0.001748,0.003253,-0.002313,209.758423
38342.471818,0.001727,0.003653,-0.000942,0.007630,-0.999805,-0.018224,-0.001389,0.002322,0.000143,209.757828
38342.481824,0.001037,0.001760,-0.002266,0.007638,-0.999805,-0.018199,-0.003045,0.002521,0.001033,209.757507
38342.491829,-0.001455,0.000373,0.001264,0.007654,-0.999805,-0.018186,-0.001200,0.001942,0.001600,209.757965
38342.501834,-0.002578,-0.000817,-0.001072,0.007650,-0.999805,-0.018186,0.000757,0.002186,0.003766,209.757492
38342.511840,-0.001270,-0.002837,0.001982,0.007654,-0.999805,-0.018189,0.000937,0.002125,0.003602,209.758347
38342.521844,-0.004490,-0.002601,0.001310,0.007638,-0.999805,-0.018224,0.001426,0.002826,0.003774,209.758575
38342.531851,-0.003524,0.001742,0.000425,0.007640,-0.999804,-0.018266,0.000799,0.002612,0.003663,209.759384
38342.541855,-0.001350,0.002017,0.000227,0.007633,-0.999804,-0.018291,-0.000309,0.002459,0.001369,209.758606
38342.551861,-0.003664,-0.001355,0.000856,0.007631,-0.999803,-0.018297,-0.000918,0.003389,-0.000578,209.759186
38342.561867,0.001293,-0.000208,0.001265,0.007617,-0.999804,-0.018292,-0.002017,0.004091,-0.000675,209.758789
38342.571872,0.001850,0.001366,0.001480,0.007625,-0.999804,-0.018276,-0.000972,0.002627,-0.001484,209.758896
38342.581878,0.002969,-0.000519,0.000395,0.007618,-0.999805,-0.018248,0.000576,0.001361,0.000288,209.758392
38342.591883,0.000710,0.000649,-0.001441,0.007621,-0.999805,-0.018226,0.000664,0.003345,-0.001580,209.758194
38342.601889,0.002798,0.001174,0.001904,0.007630,-0.999805,-0.018209,0.000854,0.002414,0.000814,209.758377
38342.611894,0.002150,-0.001810,0.001569,0.007624,-0.999806,-0.018183,0.001134,0.001942,0.003366,209.758118
38342.621899,-0.001418,0.000333,0.000852,0.007619,-0.999805,-0.018186,0.002589,0.001545,0.002194,209.758087
38342.631905,-0.001861,0.000944,-0.000392,0.007599,-0.999805,-0.018224,0.001007,0.001850,0.003545,209.757492
38342.641910,-0.003304,-0.000615,0.000901,0.007589,-0.999805,-0.018255,-0.000860,0.002780,0.002645,209.757111
38342.651915,-0.002446,-0.003242,-0.001480,0.007579,-0.999804,-0.018280,-0.001552,0.003466,0.001312,209.757141
38342.661921,-0.002427,-0.000611,-0.001339,0.007585,-0.999804,-0.018299,-0.001878,0.002077,0.000873,209.758270
38342.671925,0.000618,0.001770,-0.001835,0.007592,-0.999803,-0.018315,-0.002175,0.002901,-0.000179,209.758667
38342.681931,0.001520,0.000587,-0.000343,0.007613,-0.999803,-0.018306,-0.002196,0.002230,-0.001378,209.758789
38342.691936,0.001944,0.001927,-0.000196,0.007616,-0.999804,-0.018285,0.000349,0.002077,-0.000804,209.758789
38342.701942,0.001416,0.000437,0.002069,0.007618,-0.999804,-0.018277,0.001079,0.001772,0.000317,209.759064
38342.711947,0.002851,0.001373,0.002245,0.007608,-0.999804,-0.018253,0.000769,0.003238,0.002704,209.758469
38342.721952,0.001377,-0.000098,0.000282,0.007594,-0.999805,-0.018237,0.000661,0.002368,0.002017,209.757629
38342.731958,-0.001455,-0.001120,0.000335,0.007597,-0.999805,-0.018236,-0.000380,0.002109,0.001757,209.758530
38342.741963,-0.003501,0.000537,-0.000049,0.007590,-0.999805,-0.018256,0.000329,0.001117,0.003531,209.758621
38342.751969,-0.005025,0.001576,-0.002412,0.007595,-0.999804,-0.018288,-0.001033,0.000994,0.003548,209.757904
38342.761974,-0.001806,0.000858,-0.001364,0.007607,-0.999803,-0.018318,-0.001793,0.001528,0.000099,209.757904
38342.771979,-0.002651,0.001472,0.000379,0.007618,-0.999803,-0.018340,-0.000218,0.001802,-0.000627,209.758209
38342.781985,0.002973,0.003256,-0.000937,0.007626,-0.999803,-0.018337,-0.000256,0.004106,-0.000752,209.757385
38342.791990,0.004302,0.001220,0.000582,0.007639,-0.999803,-0.018308,0.000326,0.002550,-0.001010,209.756851
38342.801996,0.000423,-0.001927,-0.001644,0.007649,-0.999804,-0.018281,0.001400,0.002306,-0.001205,209.757996
38342.812001,0.003750,0.000404,0.000043,0.007644,-0.999804,-0.018250,0.002411,0.003314,-0.001922,209.758286
38342.822007,0.003351,-0.001372,-0.000312,0.007645,-0.999805,-0.018220,0.000885,0.003009,-0.000335,209.757904
38342.832012,-0.000702,-0.000850,0.002693,0.007645,-0.999805,-0.018196,0.001037,0.002125,0.001564,209.758392
38342.842017,-0.002114,0.002159,-0.001750,0.007639,-0.999805,-0.018217,0.000540,0.001926,0.002332,209.758316
38342.852023,-0.002884,-0.000284,0.002361,0.007638,-0.999804,-0.018242,-0.001077,0.002521,0.003182,209.758011
38342.862028,-0.003513,0.000784,0.003544,0.007633,-0.999804,-0.018278,-0.000187,0.002947,0.002165,209.758057
38342.872034,-0.002758,0.000465,0.001619,0.007607,-0.999804,-0.018299,-0.000207,0.002550,-0.000119,209.756180
38342.882039,-0.000735,-0.000168,-0.000880,0.007608,-0.999803,-0.018319,-0.000131,0.003542,0.000252,209.756561
38342.892044,0.000344,0.000775,0.000400,0.007612,-0.999803,-0.018316,0.001818,0.003542,-0.001078,209.755997
38342.902050,-0.000295,-0.002355,-0.000098,0.007604,-0.999804,-0.018303,0.001383,0.002596,-0.001595,209.755692
38342.912055,0.003034,0.000607,0.001794,0.007596,-0.999804,-0.018279,0.000430,0.002917,-0.000184,209.755585
38342.922061,0.003050,-0.000118,0.001077,0.007589,-0.999805,-0.018251,0.000346,0.004077,0.000627,209.754883
38342.932066,0.001821,-0.000318,0.001140,0.007570,-0.999805,-0.018249,-0.001283,0.001727,0.002257,209.753159
38342.942071,0.000483,0.000213,-0.000117,0.007565,-0.999805,-0.018229,0.000400,0.000950,0.003107,209.752716
38342.952077,0.001005,0.002187,-0.002144,0.007564,-0.999805,-0.018232,-0.000362,0.001957,0.002988,209.752411
38342.962082,-0.005955,0.000237,0.000529,0.007576,-0.999805,-0.018263,-0.000099,0.001651,0.002577,209.752792
38342.972088,-0.001413,-0.002671,0.000064,0.007582,-0.999804,-0.018298,0.000383,0.002306,0.001620,209.753448
38342.982093,-0.004779,-0.001448,0.000485,0.007580,-0.999803,-0.018317,-0.000226,0.002260,0.000632,209.754089
38342.992099,-0.000211,-0.000004,0.000064,0.007578,-0.999803,-0.018344,0.000967,0.003099,-0.000302,209.754776
38343.002104,-0.000420,-0.000141,0.001474,0.007572,-0.999803,-0.018340,0.001522,0.002351,-0.000245,209.755142
38343.012109,0.004569,0.000849,0.000616,0.007571,-0.999804,-0.018325,-0.000751,0.002016,0.000442,209.754791
38343.022115,0.003466,0.001314,0.000770,0.007572,-0.999804,-0.018293,-0.000476,0.001986,0.000456,209.754898
38343.032120,0.004596,-0.000423,0.000749,0.007571,-0.999805,-0.018266,-0.000491,0.003528,0.001634,209.754745
38343.042126,-0.001142,0.001683,-0.000265,0.007576,-0.999805,-0.018253,-0.001228,0.003619,0.002857,209.755157
38343.052131,-0.002456,-0.001566,-0.000527,0.007575,-0.999805,-0.018265,-0.002265,0.002063,0.001999,209.755127
38343.062136,-0.001413,-0.002517,-0.001862,0.007583,-0.999804,-0.018288,-0.000183,0.001086,0.002342,209.756165
38343.072142,-0.000766,-0.000572,-0.002334,0.007588,-0.999804,-0.018304,0.001247,0.002962,0.002603,209.756836
38343.082147,-0.004952,-0.001281,0.000584,0.007586,-0.999803,-0.018330,0.000272,0.002000,0.001774,209.756714
38343.092153,0.001217,-0.001179,0.000528,0.007576,-0.999803,-0.018347,0.001808,0.003068,-0.000178,209.756744
38343.102158,-0.000837,0.000815,0.001486,0.007568,-0.999803,-0.018348,0.000351,0.003053,-0.000847,209.756790
38343.112163,-0.001336,0.000859,-0.000386,0.007563,-0.999803,-0.018343,-0.000285,0.002336,0.000246,209.756363
38343.122169,-0.002688,-0.000480,-0.000228,0.007560,-0.999803,-0.018343,0.001290,0.002855,-0.000075,209.756409
38343.132174,0.001892,-0.001047,-0.002369,0.007558,-0.999803,-0.018336,-0.000432,0.002504,0.000407,209.755997
38343.142180,-0.000446,0.001479,-0.001220,0.007570,-0.999803,-0.018316,-0.001574,0.003115,0.000219,209.756607
38343.152185,0.002805,0.000797,0.001306,0.007568,-0.999804,-0.018310,0.000000,0.001559,0.001525,209.755920
38343.162190,-0.002064,-0.001278,0.000968,0.007578,-0.999804,-0.018309,0.000356,0.001314,0.003005,209.756363
38343.172196,-0.002661,0.000614,-0.001987,0.007576,-0.999803,-0.018327,0.000541,0.003298,0.001893,209.756577
38343.182201,-0.002197,-0.001620,0.000712,0.007583,-0.999803,-0.018345,0.000306,0.001207,0.002583,209.757095
38343.192207,-0.003004,0.000124,0.000581,0.007579,-0.999803,-0.018365,-0.000377,0.002854,0.003365,209.757889
38343.202212,-0.001395,-0.000734,0.000157,0.007575,-0.999802,-0.018395,0.000817,0.002045,0.001260,209.758194
38343.212218,0.002115,-0.000453,0.000076,0.007572,-0.999802,-0.018394,0.000805,0.001481,-0.000618,209.758530
38343.222223,0.001040,0.000747,0.000878,0.007569,-0.999803,-0.018368,-0.000260,0.002626,0.000195,209.758560
38343.232228,0.000717,-0.000347,0.001296,0.007551,-0.999803,-0.018356,0.000368,0.002885,0.001251,209.755371
