128924.112700,142.952377,10.173721,122.102921
128924.153995,142.792175,9.904755,122.120193
128924.195290,142.998825,10.047714,122.321030
128924.236588,142.792496,9.863190,122.344055
128924.277886,142.791077,9.882401,122.565750
128924.319182,142.643890,9.769165,122.469574
128924.360482,142.935883,9.803543,122.340759
128924.401780,142.664307,10.049805,122.608429
128924.443078,142.888931,9.941818,122.603745
128924.484375,143.047821,9.884811,122.588089
128924.525674,142.992737,10.016556,122.430267
128924.566974,143.114594,9.867233,122.270462
128924.608272,143.008667,9.754181,122.815613
128924.649570,142.947922,9.818268,122.279831
128924.690865,142.839752,10.042191,122.182587
128924.732162,142.836853,9.982910,122.682236
128924.773457,143.041656,9.853302,121.928543
128924.814755,142.758331,9.948181,122.554611
128924.856055,142.794937,9.832916,122.378342
128924.897354,142.939362,9.970215,122.655624
128924.938655,142.893082,9.859619,122.418427
128924.979954,142.951767,9.964798,122.470352
128925.021253,142.900452,10.118210,122.764984
128925.062552,143.008469,9.889053,122.611221
128925.103852,143.202530,9.797195,122.453125
128925.145154,143.206146,9.984329,122.763840
128925.186456,143.171432,9.751328,122.629089
128925.227757,143.376144,9.782516,122.683105
128925.269059,143.088272,9.888031,122.695038
128925.310361,142.999741,9.732300,122.802246
128925.351659,143.189133,9.893707,122.900314
128925.392957,143.102325,9.913101,122.554855
128925.434257,142.861664,9.908981,122.463226
128925.475558,142.942734,9.878372,122.612885
128925.516857,142.996277,9.928635,122.394592
128925.558159,142.924088,10.010605,122.488892
128925.599461,142.798721,10.033661,122.344559
128925.640761,142.877426,9.825714,122.138824
128925.682060,142.827728,10.048996,122.449112
128925.723361,142.904800,10.135849,122.532776
128925.764657,143.278687,9.932892,122.759872
128925.805954,143.030472,10.115601,123.001160
128925.847249,142.872742,10.006821,122.652542
128925.888547,142.812088,10.142242,123.120178
128925.929847,143.172272,10.052612,122.459457
128925.971146,143.024658,9.905029,122.429214
128926.012447,143.011581,9.855362,122.536926
128926.053745,142.927719,9.922318,122.880692
128926.095046,142.721649,9.978531,122.916885
128926.136345,142.788040,9.786484,122.538544
128926.177645,142.808151,10.042023,122.557678
128926.218944,142.938309,9.887802,122.563538
128926.260242,142.921722,9.762375,122.740875
128926.301541,143.084137,9.771622,122.710724
128926.342839,143.008438,9.827728,122.489487
128926.384139,143.013229,9.844498,122.828796
128926.425440,143.004761,9.817383,122.796448
128926.466743,143.174698,9.967819,122.650604
128926.508044,143.098969,9.722702,122.445999
128926.549344,143.029678,9.915573,122.570572
128926.590641,142.950516,9.773621,122.763535
128926.631940,143.098297,9.852295,122.621246
128926.673238,142.982941,9.758835,122.354095
128926.714537,143.034744,9.812897,122.257034
128926.755838,142.758469,9.761734,122.387741
128926.797138,143.008698,9.826584,122.663620
128926.838437,143.047424,9.838028,122.545685
128926.879738,143.119507,9.959671,122.341522
128926.921039,143.027649,9.846863,122.812714
128926.962339,142.925171,9.791275,122.811996
128927.003638,142.857025,9.866135,122.727432
128927.044935,143.008972,9.804138,122.770523
128927.086232,143.062668,9.777893,122.829742
128927.127529,143.152557,9.963928,122.606476
128927.168824,143.113525,9.954605,123.005173
128927.210122,143.272430,10.029449,122.541946
128927.251420,143.029999,9.914001,122.430176
128927.292716,142.985168,10.070374,122.436066
128927.334014,142.885773,9.987686,122.429001
128927.375313,143.011902,9.851944,122.328964
128927.416612,142.772873,9.722702,122.519012
128927.457910,142.993286,10.034195,122.414825
128927.499209,142.868561,9.981094,122.715286
128927.540506,142.900665,9.992920,122.665726
128927.581805,142.999069,9.988922,122.571564
128927.623101,142.977509,9.998260,122.927948
128927.664398,143.097778,9.941330,122.845184
128927.705698,143.087738,10.012344,122.997192
128927.747000,143.223633,10.057755,122.520996
128927.788301,142.911682,10.304047,122.864914
128927.829604,143.005264,10.296173,122.669205
128927.870903,142.950195,10.203430,122.742004
128927.912205,142.767654,10.283600,122.436996
128927.953506,142.963089,10.095535,122.446182
128927.994808,142.982727,10.059235,122.178879
128928.036109,143.111420,9.967514,122.374435
128928.077411,143.038162,9.846710,122.194824
128928.118711,143.073654,9.778473,122.457733
128928.160010,143.074158,9.877930,122.574448
128928.201311,142.981720,9.775177,122.811813
128928.242610,143.175461,9.821732,122.450806
128928.283907,143.104126,9.904449,122.422409
128928.325205,143.170792,9.835068,122.674210
128928.366505,143.186295,9.984985,122.448334
128928.407805,143.008362,10.128754,122.011230
128928.449106,142.986877,10.005692,122.142593
128928.490407,142.967575,9.909424,122.103119
128928.531708,142.934906,9.992615,122.083008
128928.573008,142.798615,9.929947,122.014709
128928.614311,142.719101,10.107605,121.993103
128928.655611,142.952209,9.732941,122.296402
128928.696910,143.055435,9.807648,122.479431
128928.738212,142.931656,9.923691,122.127914
128928.779514,142.904099,9.939606,122.366074
128928.820812,143.213013,9.604065,122.414978
128928.862112,142.954788,9.892914,122.599731
128928.903411,143.278763,9.674515,122.274033
128928.944715,143.237610,9.820312,122.624496
128928.986018,143.118546,9.869080,122.433212
128929.027321,143.091248,9.889633,122.707993
128929.068625,143.212357,9.995667,122.269531
128929.109929,143.271530,9.846222,122.394714
128929.151234,143.170044,10.033524,122.602890
128929.192538,143.097183,9.873718,122.468567
128929.233842,143.136200,9.872894,122.461258
128929.275142,142.964371,9.874863,122.564774
128929.316444,143.000702,9.832428,122.619171
128929.357746,142.930466,9.963440,122.770401
128929.399046,143.231461,9.903885,122.392532
128929.440351,143.153458,10.042267,122.642548
128929.481652,143.148071,9.959366,122.593597
128929.522954,143.081894,9.986557,122.678970
128929.564254,143.231247,10.008850,122.340012
128929.605554,143.188034,10.221420,122.832474
128929.646856,143.192612,10.155914,122.608398
128929.688158,143.172989,10.003220,122.485428
128929.729460,143.080414,10.026230,122.379990
128929.770759,142.933746,9.938782,122.468338
128929.812059,143.115219,10.086517,122.287460
128929.853358,143.205948,10.057907,122.251190
128929.894659,142.899246,9.970184,122.745163
128929.935959,143.090683,9.989639,122.528641
128929.977260,143.324005,10.097122,122.517593
128930.018559,143.172165,10.035568,122.575928
128930.059859,143.251846,9.803757,122.494049
128930.101161,143.082825,10.103989,122.770676
128930.142462,143.037720,10.071030,122.474106
128930.183761,143.029739,10.141617,122.560089
128930.225061,143.010773,10.188583,122.548431
128930.266360,143.143372,9.994034,122.666489
128930.307659,142.933746,10.045135,122.945435
128930.348961,143.110657,10.006744,122.481537
128930.390261,142.975174,9.949310,122.604248
128930.431561,142.936264,9.904343,122.562515
128930.472861,143.052948,10.189987,122.581879
128930.514163,143.037689,9.610016,122.754745
128930.555463,142.922455,9.894760,122.727676
128930.596766,142.996948,9.883667,122.563385
128930.638067,143.072617,9.879486,122.632568
128930.679368,143.137283,9.976395,122.787170
128930.720671,143.166290,9.852066,123.070007
128930.761974,142.954803,10.299667,122.648865
128930.803276,142.941528,10.062057,122.592560
128930.844577,142.975586,10.275818,122.867432
128930.885874,143.029541,10.226471,122.555389
128930.927179,142.968124,10.051651,122.400284
128930.968482,142.974426,10.083679,122.556641
128931.009786,142.901794,10.090439,122.470016
128931.051088,142.806488,9.992981,122.661346
128931.092392,142.808945,10.025925,122.452377
128931.133695,142.697067,10.182388,122.271896
128931.174996,142.734894,10.156647,122.484711
128931.216297,142.715469,10.169067,122.601990
128931.257598,142.836609,10.014557,122.317123
128931.298900,143.103439,10.130081,122.566422
128931.340200,143.279327,10.213242,122.478577
128931.381500,143.244614,10.101059,122.701889
128931.422800,143.290466,10.280212,122.496323
128931.464099,143.131927,10.057526,122.324142
128931.505398,143.103333,9.983215,122.248428
128931.546697,142.939392,10.084961,122.401611
128931.587996,142.817062,10.316055,122.374588
128931.629294,142.978745,10.371094,122.490891
128931.670594,143.056198,10.197845,122.570450
128931.711895,142.929779,10.343719,122.454391
128931.753200,142.834213,10.435974,122.252975
128931.794504,142.999863,10.232101,122.260620
128931.835804,143.071274,10.195724,122.596069
128931.877104,142.799347,10.360428,122.816483
128931.918404,142.948410,10.093094,122.439972
128931.959705,142.965775,10.204056,122.465057
128932.001007,142.921524,10.380646,122.533951
128932.042307,143.019806,10.359619,122.554108
128932.083607,142.938873,10.140228,122.579819
128932.124908,142.919220,10.091797,122.432358
128932.166205,143.057266,10.317276,122.557678
128932.207505,143.114044,10.070450,122.391357
128932.248806,143.019287,10.076553,122.692841
128932.290107,143.026917,10.076126,122.333832
128932.331406,142.980591,9.957962,122.102859
128932.372706,143.138657,9.974838,122.462051
128932.414006,143.076233,10.140518,122.270370
128932.455308,143.066605,10.053970,122.150009
128932.496608,143.047119,10.106873,122.230286
128932.537911,143.024460,10.177689,122.547333
128932.579212,143.155441,10.300110,122.468307
128932.620514,143.224442,10.199326,122.347382
128932.661815,142.929214,10.073242,122.435257
128932.703116,143.382706,10.070694,122.430145
128932.744416,143.223862,10.311172,122.824661
128932.785717,143.156097,10.312393,122.520248
128932.827018,143.037384,10.230713,122.292038
128932.868319,143.104584,10.316788,122.176193
128932.909616,143.017990,10.152893,122.253647
128932.950917,142.976700,10.057083,122.244980
128932.992218,142.991425,10.196732,122.197617
128933.033517,143.102020,9.951050,122.400925
128933.074816,142.924377,10.096970,122.193893
128933.116115,143.143448,10.006943,122.194611
128933.157416,143.323776,9.942200,122.428284
128933.198716,143.196411,9.964111,122.768906
128933.240019,143.105301,10.032593,122.476242
128933.281322,143.249710,10.059204,122.597443
128933.322625,143.194778,10.193893,122.116547
128933.363927,143.074463,10.158142,122.394592
128933.405230,143.219131,10.144470,122.331482
128933.446532,143.250412,10.074051,121.843033
128933.487834,143.211777,10.069244,122.091812
128933.529138,143.019943,10.103729,121.860840
128933.570443,143.219070,10.020966,122.196655
128933.611747,143.041458,10.254349,122.091385
128933.653050,143.131165,9.954697,122.419174
128933.694351,143.260025,9.892502,122.232147
128933.735654,143.242218,10.070068,122.487228
128933.776955,143.003906,10.205612,122.758484
128933.818255,143.279617,10.086975,122.317078
128933.859557,143.283844,9.915848,122.188644
128933.900860,143.089035,10.145905,122.148773
128933.942162,143.134903,10.037155,122.239532
128933.983464,142.934326,10.167770,122.199020
128934.024766,143.038452,10.085205,122.215988
128934.066070,143.142624,9.997711,122.188690
128934.107370,143.167084,10.062408,122.304733
128934.148670,142.964233,10.088074,122.110519
128934.189973,143.130249,10.028793,122.002853
128934.231275,143.186768,10.053635,122.189758
128934.272577,143.204742,9.995056,122.404434
128934.313880,143.036774,10.159714,122.281235
128934.355180,143.308365,9.956528,122.320816
128934.396481,143.115067,10.346497,122.346619
128934.437783,143.337250,10.088120,122.204422
128934.479083,143.185364,10.207291,122.261002
128934.520385,143.162643,10.003403,122.178223
128934.561684,143.331680,10.151489,122.180145
128934.602986,142.973541,10.322876,122.336990
128934.644289,143.035400,10.454239,122.337128
128934.685589,143.018341,10.160675,122.296906
128934.726889,143.140457,10.004761,122.195663
128934.768191,143.160843,9.952301,122.210815
128934.809492,142.967529,10.120071,122.457123
128934.850786,143.003906,10.012100,122.233047
128934.892094,142.983170,9.862091,121.795700
128934.933397,143.214325,9.932663,122.410538
128934.974700,143.289551,9.912552,122.224228
128935.016000,143.161194,9.823807,122.422440
128935.057300,143.205688,9.975464,122.317566
128935.098600,143.080124,10.074936,122.598114
128935.139902,143.251694,10.027451,122.427307
128935.181204,143.251602,10.094971,122.437881
128935.222503,143.155670,10.060745,122.174194
128935.263802,142.983444,10.080811,122.463562
128935.305101,143.110245,9.859863,122.213089
128935.346400,142.951431,10.064148,122.307388
128935.387699,142.981705,10.129028,122.128540
128935.428996,142.911652,9.905045,122.490067
128935.470295,143.031677,9.874420,122.272400
128935.511594,142.774338,9.986099,122.475128
128935.552891,142.963531,10.114578,122.754471
128935.594189,143.121353,10.060699,122.539612
128935.635490,143.002945,9.991348,122.479202
128935.676793,143.029800,10.062851,122.607941
128935.718093,143.120483,10.053833,122.372299
128935.759392,143.019150,10.071594,122.638962
128935.800689,143.053955,10.146194,122.857773
128935.841987,142.874069,9.948639,122.322769
128935.883283,142.933273,10.135223,122.707733
128935.924580,142.952942,9.953323,122.672165
128935.965877,142.962006,9.990875,122.565552
128936.007175,142.826691,10.006744,122.568710
128936.048472,143.001099,10.131653,122.679199
128936.089769,142.872940,10.049988,122.676041
128936.131068,142.867706,9.734970,122.329071
128936.172368,143.073349,9.918289,122.097046
128936.213666,143.111267,9.792328,122.656967
128936.254968,142.944382,9.860870,122.411392
128936.296266,142.925949,9.947815,122.528076
128936.337566,143.098724,9.730637,122.427216
128936.378866,143.286987,9.690063,122.497543
128936.420164,143.046677,9.854187,122.128326
128936.461463,143.188446,9.712540,122.361176
128936.502761,143.002686,9.873734,122.345230
128936.544063,142.971512,9.837418,122.171570
128936.585361,142.887161,9.813400,122.141541
128936.626658,142.964706,9.853043,122.434418
128936.667955,142.862610,9.963455,122.555130
128936.709255,142.973190,9.653763,122.346619
128936.750554,142.803238,10.024643,122.412506
128936.791854,142.814468,9.920425,122.521973
128936.833154,142.929001,9.726379,122.692795
128936.874455,143.047806,9.756317,122.377457
128936.915757,142.991302,9.716873,122.667511
128936.957058,142.952911,9.767334,122.445023
128936.998360,142.981430,9.882523,122.316238
128937.039662,143.024796,9.588409,122.496613
128937.080962,143.125793,9.724487,122.321838
128937.122262,143.087006,9.927780,122.529999
128937.163561,142.948959,9.972656,121.962189
128937.204860,143.205093,9.817413,122.206100
128937.246160,143.013901,9.649261,122.101700
128937.287460,143.182922,9.611282,121.990723
128937.328760,142.785324,9.747375,122.179077
128937.370057,142.946671,9.497818,122.489365
128937.411355,143.013580,9.579941,122.377686
128937.452653,143.129700,9.753418,122.381500
128937.493950,143.166107,9.788345,122.626846
128937.535247,143.168198,9.784683,122.854706
128937.576547,143.195450,9.972778,122.722687
128937.617848,143.091995,9.945053,122.768387
128937.659146,143.112839,9.784958,122.637589
128937.700445,143.035904,10.037430,122.441132
128937.741745,143.100037,10.073700,122.753891
128937.783047,143.026505,9.717712,122.327911
128937.824349,142.855667,9.924988,121.958664
128937.865650,142.892288,9.890732,122.261200
128937.906950,143.017471,9.722549,122.652527
128937.948251,142.736130,9.798782,122.389145
128937.989553,143.035156,9.814270,122.339676
128938.030853,142.947815,9.762375,122.319733
128938.072153,143.205978,9.512268,122.388550
128938.113452,143.243851,9.585999,122.364334
128938.154750,143.004501,9.711746,122.334610
128938.196050,143.006943,9.886398,122.389145
128938.237349,143.032135,9.903839,122.275070
128938.278650,142.928406,9.980225,122.244751
128938.319952,142.932098,9.879471,122.604141
128938.361252,142.733948,9.976746,122.428482
128938.402553,142.835983,9.914780,121.906693
128938.443852,142.840179,9.875900,122.162491
128938.485151,142.850662,9.802261,122.114624
128938.526450,142.755707,9.783844,122.176605
128938.567747,142.842758,9.694733,122.283615
128938.609044,142.928009,9.750107,122.462646
128938.650342,142.991913,9.878510,122.456070
128938.691638,142.823593,9.804764,122.607773
128938.732937,142.989487,9.940979,122.500381
128938.774234,142.940201,9.928009,122.596725
128938.815531,143.137024,9.950241,122.507141
128938.856830,142.938187,10.137329,122.605576
128938.898128,142.978561,10.140030,122.089493
128938.939427,142.842087,9.919281,122.364838
128938.980727,142.915482,10.090332,122.350647
128939.022029,142.653381,9.986389,122.071808
128939.063327,142.888153,9.941940,122.168884
128939.104626,142.968597,9.917313,122.609543
128939.145926,142.789368,9.922119,122.489014
128939.187227,142.845459,10.241028,122.352386
128939.228528,142.753464,9.961502,122.258850
128939.269829,142.683792,10.093063,122.709290
128939.311130,142.974518,10.006866,122.202866
128939.352428,142.994339,9.929352,122.325745
128939.393730,142.977203,10.049805,122.441437
128939.435031,143.029404,9.861328,122.554306
128939.476331,143.063400,10.065094,122.431366
128939.517630,143.022018,9.883408,122.381516
128939.558931,143.124710,9.740753,122.456573
128939.600231,142.979233,9.982300,122.638275
128939.641530,142.834625,9.945114,122.238937
128939.682827,142.791138,10.003387,122.189240
128939.724126,142.780243,9.783936,122.334015
128939.765426,142.917740,9.734024,122.255997
128939.806725,142.690979,9.785583,122.595856
128939.848025,142.793991,9.779388,122.623215
128939.889325,142.824493,9.909241,122.538040
128939.930622,142.889908,9.901062,122.480225
128939.971917,142.869507,10.029129,122.698853
128940.013214,143.088501,9.684830,122.533356
128940.054511,142.863678,10.018997,122.512619
128940.095810,142.850082,9.932053,122.446030
128940.137109,143.186432,9.785950,122.409164
128940.178405,143.040222,10.058899,122.446503
128940.219700,143.090912,9.752258,121.841934
128940.260997,143.009216,9.823929,122.257065
128940.302294,143.004150,9.707718,122.326416
128940.343594,142.986267,9.802200,122.334396
128940.384891,142.949371,9.801010,122.175797
128940.426190,142.793549,9.792786,122.200287
128940.467488,143.050095,9.863434,122.217590
128940.508786,142.929276,9.773544,122.229340
128940.550083,142.820938,9.778549,122.685822
128940.591381,143.130463,9.576065,122.599228
128940.632682,143.025955,9.836853,122.408264
128940.673978,143.239166,9.702515,122.529694
128940.715277,142.945480,9.782593,122.349625
128940.756577,143.136429,9.880020,122.440735
128940.797875,143.357208,9.813202,122.169113
128940.839172,143.302399,9.660629,122.206894
128940.880469,143.164322,9.832092,122.450638
128940.921766,143.100449,9.902893,122.573196
128940.963062,143.325439,9.661713,122.510696
128941.004360,142.990189,9.853424,122.271927
128941.045658,142.946564,9.893784,122.254196
128941.086955,142.964325,9.925232,122.358261
128941.128255,143.212601,9.917664,122.273987
128941.169553,143.059204,9.857132,122.284058
128941.210851,143.222931,9.718979,122.348923
128941.252147,143.088379,9.736832,122.536530
128941.293443,142.948593,9.646667,122.672531
128941.334740,143.128967,9.861115,122.296143
128941.376039,143.335587,9.808578,122.640793
128941.417339,142.934998,9.924545,122.248032
128941.458635,142.887451,9.734680,122.543823
128941.499935,142.707809,9.699203,122.550735
128941.541236,142.889374,9.911789,122.500168
128941.582539,142.694626,10.052017,122.613632
128941.623842,142.854584,9.643539,122.362289
128941.665143,142.908005,9.988525,122.461380
128941.706446,143.039673,9.839874,122.673630
128941.747751,143.137375,9.678192,122.686813
128941.789052,142.816605,9.778168,122.530655
128941.830353,142.947830,9.774231,122.706528
128941.871654,142.853241,9.869354,122.795868
128941.912954,143.059540,9.868759,122.661163
128941.954252,143.027893,9.796524,122.992126
128941.995554,143.104294,9.757523,123.067383
128942.036854,143.377838,9.388733,123.118790
128942.078156,143.337540,9.671951,123.127014
128942.119454,142.894516,9.898575,122.745575
128942.160751,143.034958,9.645340,122.893997
128942.202049,143.017319,9.639481,122.799271
128942.243350,143.027527,9.415833,122.887192
128942.284653,142.987305,9.542618,122.695999
128942.325958,143.026062,9.609329,122.823212
128942.367257,143.145203,9.273331,122.809998
128942.408557,143.084702,9.551315,122.782471
128942.449857,143.219604,9.802933,123.262680
128942.491157,143.180069,9.733063,122.918243
128942.532457,143.196472,9.773636,123.052551
128942.573757,143.208023,9.804001,122.823792
128942.615053,142.979233,9.920959,122.587982
128942.656351,143.052277,9.897202,122.641617
128942.697643,142.949310,9.990067,122.405899
128942.738949,142.931213,9.954330,122.180664
128942.780250,142.846512,9.987656,122.467148
128942.821549,142.712051,9.991592,122.543701
128942.862849,142.720047,9.979706,122.310593
128942.904148,142.943924,9.793304,122.279602
128942.945445,142.998657,9.865280,122.438400
128942.986744,143.022552,9.638611,122.428635
128943.028046,143.009460,9.905151,122.399628
128943.069341,143.079391,9.962692,122.895172
128943.110650,142.903275,10.078415,122.344833
128943.151952,143.096344,10.136795,122.517563
128943.193252,142.961609,10.081696,122.577820
128943.234550,143.170593,9.942154,122.408844
128943.275849,142.936401,10.333527,122.537109
128943.317150,142.918243,10.108414,122.437531
128943.358453,143.116455,9.964325,122.503754
128943.399757,142.941727,9.975616,122.789719
128943.441061,142.940338,9.833374,122.721649
128943.482366,142.903305,9.871887,122.736710
128943.523672,142.751678,9.761627,122.341949
128943.564975,142.938751,9.967896,122.940857
128943.606276,142.983383,9.980164,122.650879
128943.647576,142.887558,10.018982,122.665878
128943.688871,143.258957,9.832550,122.949493
128943.730180,143.160065,9.900543,122.924667
128943.771481,143.106613,9.908951,122.979965
128943.812780,143.033173,10.004562,123.313660
128943.854083,142.992004,10.051956,122.790894
128943.895384,143.140228,9.929337,122.677414
128943.936685,143.119904,9.886505,122.790665
128943.977988,143.060425,10.012985,122.901932
128944.019291,143.082474,10.042892,122.680130
128944.060592,143.098068,10.105545,122.742172
128944.101893,143.019028,9.846497,122.623199
128944.143197,142.940689,9.913727,122.708954
128944.184494,143.237885,9.850281,122.986496
128944.225804,143.064560,9.833160,122.829117
128944.267106,142.926422,10.114349,123.041153
128944.308406,143.196838,9.980545,122.882538
128944.349707,143.146957,10.165619,122.823425
128944.391010,143.366989,10.072784,122.659637
128944.432314,143.111969,10.143341,123.057800
128944.473617,143.233795,10.098923,123.036850
128944.514920,142.991989,10.028824,122.957123
128944.556223,143.029968,9.989227,122.796478
128944.597523,142.906525,10.094162,122.553009
128944.638822,143.088791,10.036316,122.536697
128944.680121,142.868530,10.086395,122.607193
128944.721419,142.643997,10.020279,122.600281
128944.762717,142.881424,10.123306,122.944016
128944.804015,143.033310,9.846680,122.703064
128944.845312,142.866425,10.014771,122.482346
128944.886611,143.067810,9.901703,122.541626
128944.927909,142.888092,10.079681,123.140228
128944.969206,143.087524,9.945557,122.590454
128945.010504,143.116165,10.037857,122.987366
128945.051801,143.040878,10.255844,122.884872
128945.093100,143.021027,10.048615,122.863281
128945.134397,142.852219,9.990265,122.646301
128945.175696,142.981949,10.046143,122.740189
128945.216997,143.136444,9.950882,122.441986
128945.258299,143.017578,10.083328,122.475922
128945.299600,142.957535,9.854126,122.564194
128945.340900,142.890015,9.961868,122.413223
128945.382202,142.911469,10.128387,122.467392
128945.423504,142.815628,9.804077,122.492035
128945.464803,142.952667,9.910461,122.735825
128945.506102,142.923172,9.814407,122.903137
128945.547400,142.968933,9.918213,122.688110
128945.588702,143.196014,9.957611,122.626938
128945.630003,143.055923,9.828064,122.820145
128945.671304,143.178177,10.021454,122.862198
128945.712604,143.365997,9.810699,122.841492
128945.753905,143.020920,9.846619,122.763077
128945.795206,143.091553,9.861877,122.578491
128945.836506,143.091904,9.848984,122.712158
128945.877806,143.089493,9.899979,122.507843
128945.919108,143.041687,9.783676,122.846054
128945.960411,142.933243,9.752808,122.914307
128946.001713,142.890335,10.008041,122.641022
128946.043014,143.029282,9.849869,122.684769
128946.084315,143.004044,9.868378,122.367279
128946.125617,142.779572,9.945328,122.786636
128946.166918,142.774460,9.844727,122.694778
128946.208220,143.133514,9.843399,122.681702
128946.249522,143.021225,9.890076,122.643372
128946.290825,143.030823,9.811066,122.726028
128946.332126,142.966995,10.016251,122.579605
128946.373426,142.860214,10.110703,123.077667
128946.414729,143.161270,9.780853,122.300690
128946.456030,143.068832,9.873001,122.672562
128946.497332,142.861313,9.970596,122.503525
128946.538634,142.808441,9.991867,122.325668
128946.579938,142.897095,9.870789,122.410477
128946.621239,142.962234,9.702454,122.536377
128946.662539,142.995193,10.036865,122.401413
128946.703840,142.997574,9.844543,122.389404
128946.745140,142.884003,9.950668,122.274536
128946.786443,142.803543,10.038345,122.617996
128946.827747,143.174698,9.806473,122.673172
128946.869045,143.220428,9.878998,122.339264
128946.910356,143.158707,9.797867,122.924698
128946.951660,143.058548,10.097260,123.033554
128946.992962,143.069214,10.030914,122.430908
128947.034265,142.924713,10.133423,122.536499
128947.075568,143.107147,10.039490,122.616272
128947.116872,143.169907,9.785675,122.778946
128947.158173,143.364410,9.847565,123.032990
128947.199469,142.908768,10.043808,122.558502
128947.240774,143.270737,9.959991,122.940552
128947.282084,143.072281,9.920258,122.880402
128947.323385,142.986771,9.912766,123.036118
128947.364685,143.058167,9.861328,122.606781
128947.405984,143.063400,10.000229,122.900787
128947.447284,143.100967,9.826065,122.722000
128947.488584,143.245667,9.897659,122.753006
128947.529884,143.201218,9.851303,122.658844
128947.571185,142.953690,9.643372,122.779907
128947.612485,143.109451,9.654526,122.880157
128947.653785,143.021088,9.656036,122.656372
128947.695085,143.112793,9.844009,122.623703
128947.736385,142.916656,10.017929,122.766525
128947.777686,142.770691,9.987061,122.518555
128947.818986,142.960480,9.974655,122.613968
128947.860286,142.848846,9.741669,122.489807
128947.901584,142.905777,10.116257,122.768921
128947.942884,143.049515,9.890762,122.578506
128947.984185,142.866684,9.915100,122.823120
128948.025483,142.885620,9.869232,122.618088
128948.066783,142.979675,9.861115,122.640594
128948.108081,143.024384,9.900558,122.817276
128948.149380,142.816101,9.942764,122.549652
128948.190679,143.167450,9.511230,122.432983
128948.231978,143.102310,9.728806,122.585968
128948.273276,143.217392,9.846436,122.560608
128948.314577,143.114548,9.665497,122.770309
128948.355877,142.951828,9.800430,122.573013
128948.397177,143.033920,9.737305,122.776962
128948.438474,143.022308,9.734344,122.587570
128948.479773,142.982010,9.607391,122.717041
128948.521070,143.111420,9.612366,122.817245
128948.562370,142.997864,9.793152,122.829391
128948.603670,142.947815,9.744415,122.745255
128948.644970,143.067017,9.549927,122.872574
128948.686271,142.858200,10.013916,122.589798
128948.727573,142.943542,9.818741,122.870514
128948.768875,143.102707,9.992050,122.782959
128948.810174,143.014526,9.701462,122.739761
128948.851477,143.029404,9.707581,122.739883
128948.892778,143.053665,9.742645,122.556625
128948.934081,143.135269,9.718781,122.624649
128948.975383,143.101013,9.906036,122.704514
128949.016684,142.896835,9.858551,122.404495
128949.057977,143.148148,9.976227,122.625946
128949.099282,142.828506,9.845657,122.819885
128949.140582,143.027542,9.712646,122.572708
128949.181881,143.188034,9.702179,122.832672
128949.223180,143.209702,9.733139,122.604187
128949.264479,143.108459,9.916565,122.871933
128949.305778,143.189178,9.813034,122.854462
128949.347079,143.235336,10.041428,122.583298
128949.388378,143.176773,9.707947,122.684341
128949.429678,143.248169,9.975800,122.640930
128949.470980,142.911041,9.903610,122.757721
128949.512280,142.869415,10.032379,122.406479
128949.553581,142.974960,9.986725,122.601257
128949.594880,142.837677,10.022018,122.614151
128949.636179,142.988205,9.673828,122.333084
128949.677480,143.011139,9.848251,122.357437
128949.718781,142.831131,9.727097,122.403442
128949.760083,142.843826,9.804184,122.624619
128949.801379,142.718216,9.914490,122.486847
128949.842689,142.964523,9.668808,122.490967
128949.883991,142.810593,9.863205,122.822632
128949.925295,143.033783,9.770432,122.601593
128949.966597,143.170547,9.760605,122.490585
128950.007892,142.973206,9.926804,122.614044
128950.049200,142.937286,9.811234,122.745102
128950.090503,143.038177,10.127319,122.822998
128950.131805,142.884750,9.590805,122.492188
128950.173107,142.955399,9.667786,122.304092
128950.214407,142.859940,9.530075,122.064896
128950.255708,143.010651,9.658539,122.097717
128950.297008,143.014572,9.474731,122.380295
128950.338306,142.979233,9.464325,122.435089
128950.379606,142.925400,9.600082,122.515625
128950.420908,142.960571,9.501251,122.700577
128950.462212,143.155350,9.555161,122.800766
128950.503513,143.208450,9.604233,123.015976
128950.544816,143.126648,9.527390,122.983261
128950.586115,143.116821,9.634964,122.595657
128950.627415,142.975510,9.896515,122.700531
128950.668716,143.163315,9.842331,123.007629
128950.710016,143.065933,9.736755,122.764542
128950.751315,142.821152,10.039948,122.604614
128950.792613,143.102753,9.672211,122.753174
128950.833912,142.941422,9.836975,122.760529
128950.875210,143.324310,9.422058,122.622574
128950.916514,142.971329,9.723694,122.579742
128950.957816,142.946655,9.596329,122.606079
128950.999119,143.132660,9.684494,122.892838
128951.040419,142.835541,9.726410,122.708328
128951.081720,143.111969,9.719131,122.619583
128951.123018,142.749680,9.800659,122.678696
128951.164319,142.836105,9.836075,122.671036
128951.205620,142.962524,9.846283,122.855347
128951.246920,142.690582,10.095215,122.941635
128951.288220,142.677277,9.838959,122.988556
128951.329521,142.760406,10.123169,122.636581
128951.370826,142.879517,10.128952,122.892761
128951.412129,142.840729,9.915970,122.884598
128951.453434,142.785690,10.016678,123.074875
128951.494737,142.948074,9.802780,122.556671
128951.536038,142.969879,9.736084,122.864899
128951.577339,142.778412,9.926376,122.926498
128951.618639,142.868073,10.054626,123.029846
128951.659941,143.091034,9.819870,122.778671
128951.701242,142.727631,9.986542,122.967484
128951.742543,143.018661,9.913742,123.219482
128951.783841,142.811462,9.944870,122.914993
128951.825141,143.054214,9.924164,122.965591
128951.866443,143.188278,9.781326,122.986389
128951.907744,143.017624,9.957840,122.978546
128951.949044,142.852951,10.010300,122.911240
128951.990342,142.867065,9.879761,123.180435
128952.031643,142.891022,10.056976,122.728424
128952.072945,142.788559,9.906906,123.083588
128952.114249,142.737396,9.911942,122.682938
128952.155550,142.768097,9.822647,123.024017
128952.196856,142.836288,9.887283,122.716476
128952.238159,142.928314,9.804901,123.036301
128952.279463,143.144730,9.659607,122.808472
128952.320764,143.173096,9.650269,122.948593
128952.362067,143.055252,9.843277,122.962311
128952.403370,143.140015,9.872391,123.158096
128952.444672,143.043518,9.843552,122.646820
128952.485975,143.194672,10.097992,123.026794
128952.527278,143.180359,9.937027,122.982834
128952.568579,143.376846,9.743622,122.926254
128952.609879,143.226913,9.581024,122.849670
128952.651181,143.100601,9.717728,122.697983
128952.692480,143.115036,9.660492,122.577591
128952.733780,143.228134,9.537598,122.663712
128952.775081,143.192947,9.579239,123.004578
128952.816382,143.281372,9.564178,122.643036
128952.857682,143.207748,9.702911,122.791931
128952.898982,142.999390,9.634460,122.901047
128952.940282,143.154205,9.517441,122.817673
128952.981582,143.480972,9.327408,122.910400
128953.022883,143.268127,9.641968,122.894867
128953.064182,143.328918,9.892838,122.775833
128953.105482,143.195297,10.090134,123.166779
128953.146784,143.364212,9.789215,122.919403
128953.188085,143.296051,9.800644,122.878448
128953.229389,143.324448,9.436707,122.887314
128953.270692,143.339828,9.653763,123.063675
128953.311995,143.412338,9.590698,122.888397
128953.353298,143.298050,9.567383,122.281876
128953.394600,143.364960,9.642563,122.284485
128953.435901,143.235611,9.924805,122.523697
128953.477202,143.177689,9.721802,122.637115
128953.518502,143.291183,9.786575,123.158249
128953.559809,143.336609,9.752975,123.092300
128953.601120,143.114868,9.858612,122.799576
128953.642425,143.436234,9.785065,122.681274
128953.683730,143.494049,9.737961,123.018356
128953.725032,143.166046,9.738449,122.771103
128953.766332,143.231033,9.856857,123.221024
128953.807635,143.442459,9.987549,123.008255
128953.848939,143.318039,9.669846,123.038498
128953.890241,143.376648,9.710388,122.486099
128953.931542,143.154297,9.730743,122.879318
128953.972843,143.073532,9.495148,122.742447
128954.014145,143.215149,9.512161,122.783585
128954.055446,143.140503,9.579880,122.733017
128954.096748,143.200302,9.633179,122.933899
128954.138049,143.313477,9.721695,122.929092
128954.179350,143.386215,9.828552,122.999878
128954.220649,143.440445,9.951035,123.098816
128954.261952,143.423370,9.933075,123.086380
128954.303253,143.288162,10.027649,122.985382
128954.344555,143.582260,9.927917,122.999191
128954.385854,143.466385,9.786041,122.792206
128954.427155,143.252808,9.869873,122.624588
128954.468456,143.196548,9.851776,122.619049
128954.509758,143.285461,9.809540,122.506363
128954.551058,143.106766,9.798340,122.432663
128954.592356,143.141968,9.851837,122.750626
128954.633655,143.070084,9.590027,122.817596
128954.674956,143.065872,9.698105,122.873413
128954.716257,143.033325,9.923126,122.949844
128954.757559,143.278915,9.793549,123.030014
128954.798859,143.168243,9.960648,122.945374
128954.840161,143.045670,10.070938,123.212753
128954.881462,143.059052,9.898560,123.135269
128954.922765,143.149277,9.939728,122.893188
128954.964065,143.003967,10.020294,122.488129
128955.005365,143.083466,10.029190,122.905746
128955.046667,143.145645,9.920883,122.715103
128955.087965,142.889969,10.197174,122.487625
128955.129273,143.204590,9.746979,122.653992
128955.170573,142.991028,9.813126,122.749298
128955.211876,143.028564,9.632767,122.641769
128955.253179,143.090347,9.776779,122.692139
128955.294478,143.168411,9.686768,122.840851
128955.335781,142.938324,9.914734,123.141068
128955.377079,142.935440,9.887726,122.676743
128955.418381,143.196625,9.736649,123.047104
128955.459682,143.226074,9.675659,122.990341
128955.500982,143.274872,9.992279,122.962677
128955.542283,143.126251,9.964417,123.097534
128955.583583,143.076416,9.845505,123.066910
128955.624884,143.214401,9.935745,122.914246
128955.666184,143.021454,10.037842,122.743759
128955.707483,143.084229,10.007507,123.073334
128955.748784,142.999786,10.012436,122.771378
128955.790085,142.876175,10.087357,123.178375
128955.831384,143.019043,9.764145,122.557648
128955.872685,142.954926,9.759232,122.765060
128955.913985,143.064133,9.631119,122.942520
128955.955284,143.184540,9.634979,122.834229
128955.996582,143.188034,9.667831,122.487366
128956.037884,143.327026,9.722260,122.907852
128956.079185,143.226059,9.636948,123.024673
128956.120484,143.058701,9.897919,123.081299
128956.161784,143.229767,9.789459,123.141296
128956.203084,143.181229,9.884155,122.989136
128956.244384,143.125610,9.880920,123.037720
128956.285684,143.086243,9.962250,122.892212
128956.326986,143.033020,9.851089,122.772202
128956.368290,143.042221,9.880981,122.497757
128956.409590,142.945557,9.769958,122.484100
128956.450891,142.837814,9.666656,122.817245
128956.492190,142.999115,9.610764,122.454376
128956.533489,143.073822,9.818130,122.600296
128956.574788,142.998474,9.720993,122.438217
128956.616084,142.963165,9.790085,122.527466
128956.657387,143.108856,9.966446,122.486755
128956.698689,143.002670,9.779770,122.511612
128956.739989,143.129120,9.839264,122.414825
128956.781289,142.833633,9.965714,122.565216
128956.822589,143.043243,9.804596,122.496841
128956.863889,143.068100,9.871582,122.658722
128956.905187,142.923294,9.935913,122.539261
128956.946486,142.973267,9.892868,122.677139
128956.987786,142.834808,10.030045,122.486206
128957.029086,142.923523,9.781448,122.663849
128957.070386,142.832474,9.860580,122.476913
128957.111687,142.747986,9.979874,122.643539
128957.152989,142.945602,9.899506,122.649689
128957.194290,142.727493,10.044296,122.594833
128957.235592,142.872467,10.105896,122.682465
128957.276894,142.786346,9.896698,122.960693
128957.318193,142.792252,10.060394,122.522583
128957.359492,143.037872,10.041519,122.630463
128957.400792,143.101044,10.068604,122.632416
128957.442093,143.107422,10.021744,122.904663
128957.483393,143.030853,9.876480,122.508057
128957.524691,143.052261,10.071732,122.758560
128957.565990,143.115295,10.028442,122.293350
128957.607288,143.144516,9.996552,122.467117
128957.648587,143.075027,10.198608,122.470306
128957.689889,143.208878,9.793121,122.416870
128957.731190,143.038101,10.019196,122.553131
128957.772492,143.022491,10.125717,122.746735
128957.813796,143.091766,9.892670,122.559082
128957.855096,143.227097,9.830688,122.976074
128957.896397,143.041290,9.906601,122.757080
128957.937695,143.113800,9.862976,122.999664
128957.978993,143.298401,10.072128,122.782440
128958.020291,143.366623,9.979279,122.724716
128958.061588,143.298660,9.987411,122.585480
128958.102887,143.365295,10.021378,122.758286
128958.144184,143.255447,9.734512,122.465042
128958.185479,143.287643,9.894379,122.618820
128958.226775,143.135696,9.925858,122.433289
128958.268071,143.116669,9.964981,122.513306
128958.309369,143.053711,9.860397,122.505325
128958.350668,143.109116,9.833588,122.464233
128958.391965,143.347946,9.872955,122.166016
128958.433264,143.351898,9.811340,122.235977
128958.474562,143.554993,9.703781,122.263641
128958.515859,143.258209,9.812500,122.535889
128958.557158,143.321274,9.850769,122.627167
128958.598458,143.416885,9.836884,122.779190
128958.639756,143.584732,9.776978,122.566925
128958.681050,143.509842,9.932434,122.688217
128958.722345,143.325943,10.007156,122.284576
128958.763642,143.310944,9.880432,122.025375
128958.804940,143.420685,9.897278,122.098755
128958.846236,143.226120,10.040436,122.219223
128958.887534,143.317749,10.008865,122.052704
128958.928833,143.294312,9.895920,122.696518
128958.970132,143.078125,9.981750,122.596222
128959.011433,143.398056,9.830048,123.011246
128959.052732,143.075272,9.967026,122.696365
128959.094031,143.483261,9.847885,122.882614
128959.135328,143.231522,9.883636,123.068436
128959.176625,143.556168,9.847839,122.940720
128959.217921,143.337738,9.905029,122.634369
128959.259217,143.242310,9.960785,122.840744
128959.300514,143.300735,9.919968,122.486725
128959.341814,143.228897,9.989471,122.825439
128959.383112,143.354980,9.879715,122.755142
128959.424411,143.400528,9.809067,122.750595
128959.465710,143.355392,9.942307,122.695450
128959.507010,143.351730,9.806076,122.192535
128959.548308,143.284683,9.879852,122.233109
128959.589603,143.357101,9.782730,122.696609
128959.630901,143.232758,9.692902,122.685455
128959.672197,143.147644,9.918793,122.674591
128959.713494,143.231445,9.632004,122.828110
128959.754793,143.373672,9.620270,122.364456
128959.796092,143.622940,9.605637,123.029892
128959.837393,143.483398,9.936493,122.582474
128959.878694,143.528351,9.743896,122.534698
128959.919992,143.491302,9.683334,122.458008
128959.961289,143.493958,9.990173,122.611130
128960.002580,143.291138,9.980576,122.373184
128960.043886,143.307251,9.796494,122.473419
128960.085187,143.216858,9.738998,122.555557
128960.126487,143.347015,9.732941,122.535477
128960.167785,143.310211,9.643295,122.332352
128960.209082,143.407242,9.504669,122.433365
128960.250379,143.340561,9.634781,122.421036
128960.291675,143.330185,9.533127,122.366440
128960.332973,143.148529,9.629669,122.416245
128960.374271,143.362320,9.640564,122.416595
128960.415572,143.290314,9.510025,122.584381
128960.456869,143.384857,9.619644,122.714645
128960.498169,143.267715,9.702515,122.524887
128960.539470,143.387909,9.836029,122.553284
128960.580772,143.489029,9.797562,122.442352
128960.622073,143.514145,10.047745,122.759521
128960.663373,143.100906,10.066727,122.460709
128960.704672,143.318130,9.920609,122.518738
128960.745973,143.593292,9.989395,122.534210
128960.787272,143.089859,9.833908,122.722351
128960.828569,142.993088,9.800339,122.563507
128960.869868,143.244064,9.682968,122.738754
128960.911162,142.899963,9.908661,122.568253
128960.952458,143.068680,9.901566,122.924698
128960.993756,143.063797,10.035461,122.527908
128961.035054,143.081223,9.941422,122.585205
128961.076352,143.234573,9.931671,122.809128
128961.117651,143.329605,9.912231,122.637985
128961.158949,143.415176,9.770630,122.664490
128961.200247,143.404099,9.959885,122.936798
128961.241545,143.159149,9.921738,122.857117
128961.282845,143.188477,9.765442,122.959045
128961.324143,143.344620,9.704407,122.715607
128961.365442,143.283188,9.849747,122.523407
128961.406742,143.216293,9.921509,122.556656
128961.448041,143.080734,9.808136,122.770676
128961.489340,143.137650,9.791138,123.021729
128961.530641,143.181580,9.650665,122.951599
128961.571940,143.152115,9.790985,122.993179
128961.613241,143.245377,9.824860,122.999756
128961.654540,143.209305,9.973145,123.223038
128961.695840,143.384491,9.977539,122.843613
128961.737139,143.186630,9.938522,122.768509
128961.778437,143.221497,9.940109,122.963669
128961.819738,143.292633,9.828369,123.063553
128961.861038,143.279678,9.960388,122.824844
128961.902337,143.243881,9.966721,122.541138
128961.943636,143.356018,9.910782,123.000916
128961.984936,143.197495,9.736374,122.707153
128962.026236,143.018311,9.702362,122.929459
128962.067536,143.096527,9.609268,122.493530
128962.108834,142.974915,9.846390,122.682861
128962.150131,143.088989,9.977585,122.574860
128962.191432,142.997162,9.673721,122.803436
128962.232731,143.070923,9.619812,122.836288
128962.274033,143.080429,9.973770,122.690964
128962.315333,143.276672,9.829712,122.864532
128962.356632,143.167130,10.155396,122.688217
128962.397930,143.017120,9.916687,123.038330
128962.439229,143.028427,9.896759,122.681488
128962.480526,143.188492,9.642395,122.845627
128962.521825,143.177170,9.913895,122.632996
128962.563125,142.948151,10.131302,122.672394
128962.604422,143.051010,9.800659,122.985519
128962.645721,143.048782,9.871399,122.561340
128962.687018,143.082123,9.842712,123.252747
128962.728315,143.154373,9.973969,122.958145
128962.769611,142.980927,9.781204,123.325790
128962.810910,143.154755,9.820496,122.896072
128962.852211,143.255753,9.523758,123.191055
128962.893511,143.274628,9.695114,122.878967
128962.934810,143.151688,9.936584,122.954620
128962.976109,143.334381,9.856110,123.134247
128963.017407,143.377899,9.816833,122.975281
128963.058706,143.237930,9.908051,122.730453
128963.100004,143.083145,9.917313,122.876495
128963.141304,143.017685,9.688995,123.009659
128963.182603,143.070877,9.747620,122.680267
128963.223902,143.083191,9.736069,122.849075
128963.265202,143.116150,9.793747,122.753937
128963.306501,143.228867,9.649246,122.711060
128963.347799,142.998383,9.755661,122.719131
128963.389096,143.180420,9.695541,122.536102
128963.430393,143.131241,9.507874,122.627502
128963.471688,143.030121,9.627090,123.001434
128963.512983,143.139465,9.573059,122.906998
128963.554279,143.134415,9.821732,122.742462
128963.595576,143.297470,9.718948,123.082932
128963.636875,143.314438,9.640762,122.643951
128963.678175,143.239517,9.793549,122.828384
128963.719475,143.460938,9.869171,122.856735
128963.760775,143.485352,9.928207,122.691299
128963.802073,143.074799,9.922943,122.452820
128963.843376,143.403854,9.747345,122.209000
128963.884677,143.166489,9.713318,122.582932
128963.925979,143.180695,9.765793,122.396057
128963.967282,143.169678,9.720490,122.539856
128964.008585,142.963882,10.084915,122.651337
128964.049885,143.084305,9.945114,122.575256
128964.091186,143.317978,9.916031,122.913147
128964.132489,143.413437,9.762390,122.642822
128964.173790,143.160172,10.106842,122.742310
128964.215089,143.231110,9.996872,123.113037
128964.256390,143.344696,10.098083,122.798111
128964.297693,143.114639,10.082611,122.816727
128964.338995,143.220490,10.020828,122.602417
128964.380296,143.003281,9.898895,122.804550
128964.421592,143.172150,10.012527,122.773239
128964.462904,143.086777,10.003555,122.599243
128964.504207,143.083740,9.731903,122.640823
128964.545508,142.997177,9.863083,122.711182
128964.586809,142.948868,9.966431,122.695358
128964.628109,143.128464,10.019165,122.404282
128964.669411,142.797089,9.985092,122.462494
128964.710711,143.106918,9.751389,122.622314
128964.752009,143.105011,9.570389,122.541580
128964.793307,143.073486,9.855911,122.877502
128964.834608,143.121902,9.998276,122.471771
128964.875908,143.217133,10.205612,122.534546
128964.917205,142.935577,9.927460,122.334915
128964.958502,143.065643,9.902466,122.298203
128964.999799,143.019867,10.091553,122.272949
128965.041098,142.949310,9.920868,122.383652
128965.082395,142.949432,9.977783,122.388641
128965.123692,143.103058,10.046280,122.443893
128965.164989,143.112503,9.980621,122.158066
128965.206287,143.108871,9.998856,122.312500
128965.247586,143.184998,10.099136,122.557251
128965.288885,143.112045,10.103226,122.344086
128965.330183,143.314301,9.722107,122.676300
128965.371478,143.032806,10.198730,122.677521
128965.412777,143.222061,10.097244,122.600479
128965.454075,142.871429,10.109940,122.448151
128965.495376,143.345078,9.942993,122.321091
128965.536676,143.036621,9.942520,122.263107
128965.577975,143.266068,10.163315,122.517090
128965.619274,143.240463,9.758438,122.423859
128965.660573,143.079788,9.874908,122.426407
128965.701869,143.217728,9.901871,122.363525
128965.743166,143.123154,9.712769,122.618286
128965.784466,143.003128,9.718918,122.264847
128965.825764,143.323288,9.553711,122.530350
128965.867063,143.227570,9.684189,122.439667
128965.908361,143.324646,9.930664,122.309616
128965.949659,143.205948,9.866653,122.519089
128965.990959,143.235428,10.011765,122.473694
128966.032255,143.215607,9.823929,122.679977
128966.073551,143.180359,9.835938,122.569092
128966.114847,143.356354,9.962509,122.270905
128966.156144,143.226730,9.962585,122.673721
128966.197440,143.335632,10.026016,122.320862
128966.238739,143.193176,10.115173,122.004410
128966.280030,143.337555,9.958908,122.064667
128966.321332,143.283920,10.012939,121.786407
128966.362633,143.216049,10.128815,122.060684
128966.403931,143.190155,9.878922,122.137482
128966.445228,143.233932,9.877090,122.115219
128966.486526,143.162247,10.057648,122.017273
128966.527824,143.196869,9.908875,121.994049
128966.569124,143.194672,9.680801,121.790268
128966.610423,143.303528,9.783875,122.421204
128966.651723,143.290894,9.667740,121.964325
128966.693023,143.106873,10.004440,122.138733
128966.734324,143.184418,10.211411,122.162735
128966.775620,143.335739,9.969452,122.302994
128966.816922,143.093567,10.002365,122.285416
128966.858222,143.201111,10.100006,121.959503
128966.899518,142.863297,10.299713,122.130951
128966.940819,143.173752,10.251389,122.086349
128966.982119,143.170425,10.099777,122.256226
128967.023420,143.166336,10.212936,122.195969
128967.064719,143.012253,10.221313,122.172684
128967.106019,143.193878,10.007660,122.201279
128967.147321,143.070282,10.140396,122.365906
128967.188621,142.847794,10.329712,122.146667
128967.229922,143.134979,10.035187,122.431137
128967.271221,143.028885,9.898285,122.331436
128967.312521,143.085602,10.166718,122.450211
128967.353822,143.014877,10.267746,122.606735
128967.395123,143.082703,10.127808,122.513916
128967.436425,142.942368,10.109955,122.232193
128967.477727,143.274658,10.106903,122.654694
128967.519025,142.948196,10.068008,122.235458
128967.560324,143.381958,9.939682,122.320068
128967.601626,143.130814,10.041916,122.317810
128967.642925,143.144562,9.913300,122.280548
128967.684224,143.201141,9.802261,122.425354
128967.725523,143.305145,9.955536,122.271545
128967.766820,143.260818,10.058990,122.414963
128967.808117,143.161148,10.027054,122.332092
128967.849415,142.989273,9.920685,122.324860
128967.890714,143.161316,10.004166,122.699814
128967.932013,143.290787,10.127365,122.610184
128967.973310,143.250626,9.951111,122.661133
128968.014609,143.170517,10.129333,122.764603
128968.055908,143.136810,9.978699,122.528336
128968.097204,143.197815,9.885025,122.668961
128968.138500,143.214005,9.852005,122.397949
128968.179796,143.047653,10.181763,122.511688
128968.221094,143.060944,10.231720,122.788406
128968.262392,142.970673,10.128510,122.492935
128968.303688,143.147095,10.051208,122.918015
128968.344984,142.959885,10.014206,122.755966
128968.386276,143.065384,10.051041,122.405594
128968.427571,142.894424,10.042999,122.861755
128968.468866,143.072968,9.811310,122.602966
128968.510161,143.171173,9.923508,122.928024
128968.551458,143.125015,10.118729,123.000900
128968.592753,143.028305,10.065491,122.614243
128968.634048,143.201859,9.991943,122.788498
128968.675344,143.190811,9.902512,122.681152
128968.716641,143.009064,10.008316,122.534210
128968.757938,143.260147,10.169601,122.542145
128968.799237,143.324051,9.937943,122.904022
128968.840535,143.156677,10.093063,122.880096
128968.881835,143.006729,9.885284,122.848907
128968.923133,143.109375,9.793915,122.882324
128968.964431,143.033890,10.002396,122.781067
128969.005729,143.086563,9.898041,123.009750
128969.047026,142.936920,9.980682,123.063507
128969.088323,143.047394,10.028336,123.094467
128969.129619,143.108612,10.035446,123.219376
128969.170917,143.104645,10.082596,123.104675
128969.212215,143.350754,9.992767,123.120346
128969.253505,143.168961,10.221207,122.725723
128969.294807,143.224640,10.088730,122.979538
128969.336102,143.204086,10.037796,123.217239
128969.377401,143.036362,10.024796,123.157852
128969.418699,143.132538,10.016998,123.033249
128969.459995,143.070541,10.153030,122.669113
128969.501293,143.135803,9.920853,122.806259
128969.542588,143.136353,9.897568,122.666565
128969.583884,143.041321,9.914566,122.905106
128969.625182,143.048157,9.990143,122.593704
128969.666477,143.394302,9.785889,123.074615
128969.707772,143.021378,9.929810,122.945312
128969.749067,142.809128,10.008453,122.828033
128969.790365,143.079666,10.163193,122.777832
128969.831661,143.248917,10.121002,122.899109
128969.872957,143.172455,9.844925,122.670013
128969.914255,143.061203,9.993729,122.599533
128969.955553,143.017624,9.994324,122.618164
128969.996850,143.110703,9.816574,122.780640
128970.038147,143.134796,9.889587,122.738434
128970.079441,142.943130,9.896774,122.630219
128970.120736,142.952026,9.768829,122.688721
128970.162030,142.850266,9.875015,122.920670
128970.203325,142.807541,10.015472,122.598862
128970.244621,143.110641,9.746552,122.853012
128970.285919,143.201675,9.807755,122.972397
128970.327220,143.072708,9.824036,123.212570
128970.368514,143.050980,9.774429,123.162643
128970.409823,143.210083,9.654785,122.816818
128970.451125,143.297287,9.839752,123.040695
128970.492427,142.965012,10.010132,122.743622
128970.533725,142.869400,10.032715,122.582870
128970.575023,142.902008,10.145157,122.662735
128970.616320,142.880722,9.930237,122.800659
128970.657618,142.865494,10.083405,122.684601
128970.698917,143.078613,9.915878,122.651093
128970.740215,143.201019,9.980927,122.722015
128970.781514,143.176651,9.716888,122.694519
128970.822810,143.148651,9.703873,122.524368
128970.864107,143.168762,9.939285,122.856735
128970.905404,143.037643,9.609848,122.661453
128970.946701,143.016190,9.919357,122.635040
128970.988002,143.174423,9.712723,123.140808
128971.029301,143.165405,9.938141,122.896881
128971.070598,143.051575,10.089584,122.898468
128971.111895,143.045242,10.030777,123.060043
128971.153193,142.949524,9.859955,122.636612
128971.194494,143.121429,10.045776,122.766663
128971.235794,143.135666,10.009232,122.922348
128971.277092,143.089661,9.983154,123.160461
128971.318391,143.313644,9.795410,122.729935
128971.359692,143.066101,9.637573,122.907120
128971.400992,142.986389,9.794174,122.570068
128971.442293,143.200562,10.122192,122.882874
128971.483594,143.092438,9.888412,122.771103
128971.524893,143.129745,10.002960,122.904419
128971.566192,143.172714,9.979233,122.864044
128971.607493,143.115891,10.036484,122.858612
128971.648793,143.462326,9.987854,122.537338
128971.690091,143.432465,9.958191,123.037125
128971.731391,143.177246,10.210938,122.485046
128971.772692,143.296997,10.113663,122.803467
128971.813991,143.279968,10.115082,122.990601
128971.855291,143.491425,9.855133,122.825378
128971.896588,143.521698,9.823700,122.498291
128971.937883,143.300949,9.812729,122.768890
128971.979180,143.355896,9.978470,122.908890
128972.020477,143.175278,9.822052,122.707687
128972.061774,143.368271,9.903046,122.638428
128972.103069,143.070480,9.727554,122.830612
128972.144366,143.114609,9.855927,122.855606
128972.185665,143.437653,10.037613,123.014297
128972.226963,143.100510,9.883270,122.700424
128972.268262,143.410660,9.969986,122.586060
128972.309560,143.334335,9.928452,122.695419
128972.350857,143.350067,9.962830,122.777832
128972.392153,143.356415,9.988937,122.532349
128972.433451,143.127838,10.117294,122.331818
128972.474749,143.149033,10.133301,122.350418
128972.516047,143.020386,10.061005,122.396469
128972.557345,143.096497,10.065689,122.459564
128972.598644,142.859100,10.094086,122.333298
128972.639944,143.085358,10.031570,122.260269
128972.681242,143.264816,9.981644,122.377914
128972.722539,143.131912,10.019852,122.573242
128972.763838,143.114578,10.081177,122.648544
128972.805138,142.958328,10.120056,122.629471
128972.846438,143.068848,10.151169,122.676071
128972.887737,143.093796,10.036697,122.891296
128972.929037,143.094193,9.998108,122.594650
128972.970336,143.249374,10.180420,122.834641
128973.011633,143.155243,10.339691,122.744064
128973.052931,143.120117,10.141174,122.523575
128973.094228,142.982239,10.420090,122.736588
128973.135525,143.128433,10.395264,122.406891
128973.176823,143.032318,10.222397,122.672226
128973.218120,143.370392,10.315109,122.600281
128973.259417,143.187775,10.331848,122.585617
128973.300715,143.049927,10.262207,122.784637
128973.342011,143.015457,10.140121,122.319351
128973.383309,143.154968,10.103058,122.728775
128973.424608,143.122650,10.060532,122.863953
128973.465905,143.137436,10.191818,123.017609
128973.507202,143.268661,10.072861,122.813843
128973.548499,143.290848,10.134079,122.716461
128973.589796,143.237198,10.163193,122.783600
128973.631094,143.398193,10.127640,122.900085
128973.672388,143.237106,10.085251,122.822372
128973.713695,143.233795,10.005539,122.754272
128973.754993,143.100998,10.133636,122.791443
128973.796292,143.158737,10.032990,122.959290
128973.837591,143.408997,10.121857,122.748810
128973.878892,143.326080,10.027878,122.933487
128973.920190,143.232880,10.119522,122.802322
128973.961490,143.227051,9.879898,122.770920
128974.002789,143.158768,9.977570,122.817276
128974.044088,143.173599,9.952057,123.086319
128974.085387,143.440720,10.191513,122.785690
128974.126686,143.125549,10.328796,122.891815
128974.167985,143.383499,9.950943,122.664398
128974.209281,143.196579,10.231155,122.855331
128974.250578,142.985718,10.190033,122.818741
128974.291877,142.829910,10.203766,122.673340
128974.333177,143.184921,10.296127,122.769241
128974.374475,143.226639,10.233276,122.553162
128974.415773,143.074707,10.241989,122.629562
128974.457071,143.119873,10.140640,122.638901
128974.498368,143.276443,10.024689,122.680801
128974.539668,143.163147,10.182800,122.808334
128974.580968,143.103271,10.152634,122.915543
128974.622265,142.952454,10.333969,122.876465
128974.663565,143.077118,10.118011,122.656235
128974.704861,143.006882,10.256653,122.946106
128974.746158,143.097046,10.186584,122.851364
128974.787456,143.126450,9.937393,123.003952
128974.828752,142.958450,10.297287,123.272858
128974.870050,143.029236,10.110550,122.850906
128974.911347,143.196609,10.099609,123.064667
128974.952644,143.067719,10.067902,122.900375
128974.993941,142.930557,10.131638,122.798569
128975.035238,143.001007,9.904175,122.634277
128975.076536,143.082092,9.986465,122.922302
128975.117834,143.070236,9.860443,122.789001
128975.159133,143.032394,10.004196,122.844772
128975.200431,143.091873,10.038559,122.922668
128975.241728,143.047012,10.180588,122.642700
128975.283026,143.188019,10.054001,122.699844
128975.324321,143.177780,10.156891,122.834686
128975.365617,143.069168,10.078918,122.895050
128975.406916,143.190063,9.898499,122.813324
128975.448212,143.452682,9.894836,122.821808
128975.489511,143.091141,9.998474,122.873459
128975.530810,143.306030,9.884476,122.777100
128975.572107,143.214325,9.930130,122.888733
128975.613407,143.263855,10.009384,122.792358
128975.654707,143.299759,9.977127,122.560532
128975.696009,143.200958,10.000473,122.852127
128975.737311,142.943695,10.009079,122.634033
128975.778614,143.019135,9.894241,122.479401
128975.819915,143.207504,9.918716,122.147125
128975.861216,142.989243,10.045074,122.805145
128975.902517,143.169861,10.097382,123.064346
128975.943819,143.038681,10.048340,122.666336
128975.985118,143.045822,10.058990,123.084290
128976.026416,143.040863,10.236084,122.615631
128976.067714,143.324677,10.006226,122.889008
128976.109012,143.120895,10.036911,122.567215
128976.150311,143.081314,10.073029,122.806854
128976.191609,143.294357,10.068634,122.461945
128976.232907,142.883484,10.286789,122.879929
128976.274206,143.085480,10.032135,122.757248
128976.315504,143.137405,9.875076,122.661713
128976.356802,143.100891,9.735046,122.635742
128976.398102,143.274063,9.914322,122.761032
128976.439400,143.103180,9.999832,122.759018
128976.480698,143.351730,9.933868,122.641891
128976.521995,143.213318,10.045959,122.708496
128976.563292,143.256241,10.025635,122.645721
128976.604589,143.414505,10.025711,122.613922
128976.645886,143.308136,10.024048,122.736404
128976.687180,143.493866,9.990585,122.545639
128976.728478,143.205093,9.992920,122.772400
128976.769774,143.228394,10.050049,122.785950
128976.811071,143.190964,10.058090,122.608719
128976.852369,143.074219,9.855942,122.925949
128976.893665,143.114243,10.207016,122.432861
128976.934964,143.309265,9.765793,122.812225
128976.976261,143.369492,9.899612,122.535233
128977.017556,143.514160,9.856171,122.220047
128977.058852,143.257004,9.873505,122.693100
128977.100147,143.393753,10.111740,122.414352
128977.141447,143.449234,10.007874,122.537109
128977.182745,143.237198,10.068039,122.903244
128977.224043,143.342194,10.124207,122.690277
128977.265344,143.427338,10.094101,122.922653
128977.306642,143.396484,10.210663,122.853271
128977.347941,143.100647,10.038498,122.712799
128977.389240,143.466919,9.872925,122.834656
128977.430537,143.231201,10.198700,122.834747
128977.471834,143.419678,10.012497,122.610748
128977.513130,143.296478,10.118546,122.469620
128977.554428,143.173447,10.068939,122.292297
128977.595727,143.056076,9.990784,122.281693
128977.637025,143.095062,9.928345,122.366928
128977.678322,143.103806,9.858444,122.430832
128977.719621,143.207138,10.003540,122.561905
128977.760919,143.169830,10.185654,122.842026
128977.802219,143.229523,9.804062,122.501450
128977.843520,143.277161,10.104050,123.056854
128977.884820,143.309250,10.090454,122.832565
128977.926120,143.295013,10.171555,123.007065
128977.967417,143.212814,9.997284,122.746384
128978.008713,143.102753,10.162186,122.330048
128978.050009,143.293060,10.035965,122.592941
128978.091307,143.114029,9.981873,122.176620
128978.132605,143.360306,9.969604,122.249863
128978.173904,143.178024,9.785934,122.273804
128978.215202,143.312027,9.947723,122.318497
128978.256502,143.389053,9.949829,122.533142
128978.297802,143.124390,9.987549,122.554886
128978.339101,143.118958,9.749481,122.573898
128978.380399,143.189865,9.892227,122.543106
128978.421698,143.350037,9.794296,122.476959
128978.462996,143.351410,9.871750,122.240097
128978.504294,143.409592,9.999115,122.636200
128978.545591,143.516510,9.886337,122.347717
128978.586889,143.522461,10.020752,122.705276
128978.628188,143.489609,9.977264,122.253296
128978.669486,143.287369,10.028091,122.076889
128978.710785,143.279175,10.051224,122.062073
128978.752085,143.404816,10.012604,122.347672
128978.793385,143.392761,9.892075,122.170059
128978.834684,143.565735,9.906540,122.161194
128978.875984,143.306854,9.788239,122.409042
128978.917282,143.298965,9.970840,122.582718
128978.958579,143.421326,9.805695,122.540558
128978.999877,143.184921,9.988571,122.468384
128979.041176,143.164886,10.139557,122.895096
128979.082475,143.515411,9.893600,122.737091
128979.123773,143.348465,10.055237,122.751404
128979.165071,143.527863,9.985367,122.873871
128979.206369,143.482849,9.931458,122.953476
128979.247667,143.292099,9.977798,122.983459
128979.288965,143.316544,9.935532,122.821609
128979.330265,143.412155,9.947998,122.689926
128979.371564,143.173279,10.090240,122.741272
128979.412862,143.249207,10.059357,122.220413
128979.454159,143.109161,9.970551,122.477112
128979.495460,143.309906,9.880432,122.424255
128979.536763,143.377716,9.897705,122.111038
128979.578063,143.174088,10.200073,122.361038
128979.619360,143.238815,9.984314,122.493454
128979.660657,143.381836,10.109863,122.901413
128979.701954,143.391586,10.120895,122.771683
128979.743252,143.523376,10.128342,122.824692
128979.784552,143.519424,9.999725,122.664917
128979.825852,143.396851,10.014038,122.598160
128979.867152,143.503174,10.049179,122.333221
128979.908450,143.510040,10.117233,122.452118
128979.949749,143.449646,9.929840,122.411911
128979.991047,143.680359,9.745331,122.427338
128980.032345,143.561249,9.730453,122.636337
128980.073642,143.407761,9.713730,122.680115
128980.114941,143.425446,9.766357,122.472549
128980.156239,143.156387,9.718842,122.785904
128980.197537,143.265869,9.795853,122.589142
128980.238834,143.337234,9.699677,122.617294
128980.280132,143.550064,9.618683,122.647781
128980.321424,143.381226,9.849121,123.011276
128980.362728,143.527039,9.409943,122.630356
128980.404019,143.260681,9.805710,122.789673
128980.445321,143.377579,9.871414,123.049194
128980.486620,143.315323,9.811295,122.884460
128980.527916,143.261581,9.857391,122.596771
128980.569215,143.433212,9.734039,122.907562
128980.610513,143.420883,9.909088,123.057953
128980.651813,143.289688,9.934647,122.822510
128980.693112,143.179642,9.985855,122.862488
128980.734411,143.119644,9.868317,122.901199
128980.775710,143.213272,9.993042,122.968033
128980.817008,143.092667,9.912552,123.029999
128980.858306,143.302490,9.778320,122.784042
128980.899605,143.340469,9.847763,122.907730
128980.940905,142.929001,10.035797,122.951965
128980.982202,143.174149,9.819443,123.163147
128981.023497,143.136856,9.932205,122.936996
128981.064806,143.233292,9.973984,122.848648
128981.106106,143.249512,9.693787,122.874741
128981.147405,143.428757,9.701721,122.954010
128981.188706,143.253967,9.868591,122.534668
128981.230005,143.360474,9.856766,122.488373
128981.271304,143.436249,10.010986,122.574448
128981.312604,143.237091,9.899506,122.743164
128981.353902,143.160858,9.758255,122.821533
128981.395201,143.174866,9.938385,122.949524
128981.436500,143.264374,9.953583,122.786987
128981.477798,143.059509,10.176865,122.813171
128981.519098,143.177551,10.084808,122.613892
128981.560397,143.215317,10.229172,122.923035
128981.601698,143.159744,10.158417,122.770554
128981.642997,143.280518,10.176956,122.837860
128981.684295,143.425507,10.302017,122.882111
128981.725595,143.398590,10.006271,123.063049
128981.766894,143.356064,10.139999,122.677277
128981.808191,143.241943,10.052979,122.491699
128981.849488,143.268677,9.997345,122.684769
128981.890788,143.197556,10.157135,122.592239
128981.932084,142.968033,10.105957,122.530685
128981.973381,143.105545,10.068741,122.254456
128982.014676,143.192627,9.934067,122.411728
128982.055972,143.230988,9.996201,122.813965
128982.097269,143.498642,9.888382,123.043610
128982.138568,143.343964,9.847031,122.935013
128982.179869,143.405777,10.048355,123.039352
128982.221168,143.518356,9.944229,123.013901
128982.262466,143.284256,10.025543,122.864319
128982.303766,143.148499,10.108536,122.830170
128982.345065,143.170029,10.035080,122.858292
128982.386365,143.233765,9.978943,122.842239
128982.427665,143.063782,10.179611,122.628296
128982.468961,143.157089,10.155014,122.680252
128982.510261,143.293625,10.081161,122.502014
128982.551559,143.103348,10.065598,122.807678
128982.592857,143.102371,9.747299,122.584900
128982.634152,143.093231,9.798706,122.762970
128982.675448,143.175568,9.635803,122.444595
128982.716747,143.193787,9.731552,122.766617
128982.758040,143.155853,9.635696,122.837082
128982.799348,143.071106,9.798477,122.724442
128982.840646,143.111954,10.052872,122.895721
128982.881943,143.063187,10.008530,122.668564
128982.923240,143.204208,9.813202,122.655441
128982.964539,143.178711,10.008575,122.855591
128983.005839,142.996063,10.191040,122.842255
128983.047138,142.901459,10.131409,122.620575
128983.088431,143.129593,9.907593,122.913345
128983.129736,142.950867,10.026932,122.256714
128983.171034,143.010147,9.857666,122.652893
128983.212328,143.102844,10.007782,122.738144
128983.253624,143.229355,9.869675,122.647797
128983.294923,143.155731,10.088165,122.572983
128983.336223,143.482788,9.655106,122.927673
128983.377522,143.186508,9.988098,122.929871
128983.418821,143.174942,10.058090,122.834503
128983.460122,143.146927,9.754578,122.744980
128983.501422,143.318512,9.652756,122.595474
128983.542720,143.417221,9.801987,122.612900
128983.584016,143.467987,9.952301,122.516602
128983.625314,143.353622,10.063644,122.450195
128983.666612,143.440613,10.055817,122.667084
128983.707911,143.438202,10.042664,122.503662
128983.749209,143.314133,10.050491,122.461411
128983.790506,143.275421,10.090164,122.752151
128983.831804,143.494186,9.901810,122.673065
128983.873103,143.284760,10.052124,122.688339
128983.914401,143.408981,9.712067,122.439178
128983.955697,143.169601,9.994965,122.551743
128983.996991,143.284378,10.062836,122.644272
128984.038286,143.341736,9.995117,122.763672
128984.079582,143.294495,10.133133,122.546204
128984.120878,143.297348,10.205704,122.799591
128984.162174,143.147568,10.293594,122.757278
128984.203472,143.038467,10.134079,122.813293
128984.244769,143.279724,10.111588,122.567078
128984.286069,143.310974,9.909302,122.619095
128984.327365,142.883286,10.121017,122.336166
128984.368659,143.151199,10.062912,122.773224
128984.409954,142.978882,10.190872,122.626526
128984.451249,143.030197,9.887558,122.700424
128984.492545,143.151871,9.746964,122.661484
128984.533841,143.160553,9.764145,122.359558
128984.575137,143.211014,9.995041,122.401520
128984.616435,143.340454,9.880157,122.611496
128984.657736,143.202774,10.196060,122.866150
128984.699034,143.062210,10.262024,122.705963
128984.740331,143.286728,9.995789,122.678986
128984.781628,143.128189,10.200760,122.398132
128984.822929,143.107956,10.152435,122.612473
128984.864228,143.076920,9.920898,122.532455
128984.905526,143.060883,9.991776,122.594559
128984.946825,142.942032,10.343292,122.547318
128984.988124,143.039322,9.990585,122.669586
128985.029422,143.081619,10.349197,122.722717
128985.070719,142.987396,10.210312,123.019363
128985.112017,142.915421,10.408951,122.452240
128985.153316,142.949020,10.268799,122.582352
128985.194616,142.968048,10.382141,122.650955
128985.235913,143.295914,9.931839,122.853836
128985.277213,143.043701,10.116821,122.832840
128985.318512,143.045471,10.064224,122.611206
128985.359812,143.178268,10.040497,122.378265
128985.401109,143.106155,10.330444,122.743011
128985.442408,143.196243,9.835373,122.932388
128985.483705,143.288483,10.194794,122.881165
128985.525003,143.002960,10.085922,122.716766
128985.566302,142.989975,10.165314,122.359894
128985.607599,143.145493,9.974167,122.190964
128985.648895,142.946701,9.930130,122.660355
128985.690194,142.953934,9.976105,122.616745
128985.731491,143.095703,9.890228,122.524506
128985.772790,143.026001,9.831055,122.699387
128985.814086,142.932205,10.029648,122.494766
128985.855385,143.030045,9.990021,122.678177
128985.896682,143.134979,10.051025,122.838211
128985.937978,143.167038,9.883820,122.603378
128985.979273,143.079315,10.209106,122.615448
128986.020569,143.076965,10.098526,122.573349
128986.061862,143.164444,10.209869,122.498718
128986.103157,142.948212,10.069824,122.881363
128986.144456,143.101685,10.189835,122.822906
128986.185756,142.948685,10.062210,122.580933
128986.227054,143.196320,10.001068,122.583542
128986.268351,143.238235,9.865067,122.243835
128986.309649,143.101532,9.792404,122.472733
128986.350949,143.017593,9.777969,122.543457
128986.392245,142.930298,9.960022,122.765671
128986.433541,142.956909,10.041809,122.625595
128986.474837,142.933853,10.030243,122.575745
128986.516134,143.039337,10.078842,122.849762
128986.557431,143.067581,10.241043,122.914215
128986.598729,142.981186,10.349869,122.843735
128986.640028,143.004944,10.488037,123.003891
128986.681326,143.166122,10.461945,122.739334
128986.722623,142.957626,10.417221,122.694458
128986.763921,142.930511,10.633972,122.389450
128986.805217,142.974304,10.393326,122.493378
128986.846513,142.713516,10.449371,122.507126
128986.887811,142.816818,10.288696,122.257782
128986.929107,142.699890,10.312912,122.809280
128986.970404,142.734741,10.147964,122.527023
128987.011701,142.673431,10.222321,122.496185
128987.053000,142.927002,10.163101,122.616333
128987.094295,143.099731,10.038666,122.544998
128987.135592,143.205414,9.925461,122.790771
128987.176885,143.193375,9.843887,122.772522
128987.218189,143.250488,10.203537,122.620529
128987.259487,143.144913,10.183975,122.757858
128987.300784,143.026932,10.296463,122.585480
128987.342082,143.066101,10.269608,122.486618
128987.383380,143.108398,10.127411,122.451050
128987.424674,143.152695,10.199265,122.524796
128987.465968,143.175461,10.151382,122.541290
128987.507264,143.215622,10.009018,122.524796
128987.548561,142.978989,10.043869,122.261917
128987.589857,142.879837,9.957977,122.544739
128987.631156,142.963242,10.057983,122.466904
128987.672453,142.953461,9.983429,122.453812
128987.713751,142.971146,10.147263,122.506805
128987.755047,143.125076,10.159653,122.819214
128987.796343,143.140320,10.406921,122.743835
128987.837640,143.165924,10.262344,122.431168
128987.878938,143.213760,10.246429,122.366226
128987.920234,143.036438,10.638107,122.156342
128987.961532,143.100433,10.338470,122.560242
128988.002826,143.274033,10.287170,122.242935
128988.044132,143.025055,10.479950,122.507645
128988.085432,143.086716,10.156479,122.101746
128988.126732,143.089783,10.039200,122.240479
128988.168032,142.980362,10.129929,122.305725
128988.209329,143.028549,10.139389,122.141235
128988.250626,143.051666,10.127762,122.349579
128988.291923,143.024673,10.129120,122.731705
128988.333221,143.213638,10.089310,122.619751
128988.374518,143.002609,10.199677,122.499451
128988.415818,143.212204,10.068954,122.705688
128988.457119,143.261307,10.290344,122.789444
128988.498417,143.195389,10.215271,122.426010
128988.539716,143.235031,10.282364,122.704651
128988.581015,143.246826,10.110336,122.521011
128988.622312,143.075958,10.487564,122.479523
128988.663616,143.132187,10.313019,122.448792
128988.704915,143.199524,10.074310,122.278412
128988.746214,143.040695,10.438446,122.215347
128988.787507,143.194794,9.927902,122.520828
128988.828809,143.131348,10.087692,122.405838
128988.870116,143.212708,10.227356,122.641083
128988.911416,143.184692,10.165558,122.810699
128988.952716,143.297928,10.130203,122.645920
128988.994014,143.203354,10.215454,122.424591
128989.035311,143.321655,10.262924,122.742004
128989.076610,143.275818,10.291183,122.877365
128989.117907,143.352280,10.104050,122.724258
128989.159205,143.325378,10.246033,122.910583
128989.200501,143.375717,10.215378,122.716354
128989.241797,143.097504,10.264694,122.811203
128989.283094,143.170441,10.223831,122.616196
128989.324393,143.299454,10.105972,122.641510
128989.365692,143.046356,10.141159,122.735352
128989.406989,142.987488,10.200317,122.831482
128989.448288,143.033157,10.067947,122.821411
128989.489586,143.164841,10.277512,122.888412
128989.530886,143.183243,10.261581,122.814774
128989.572178,143.314819,10.116028,122.883179
128989.613484,143.123764,10.067871,122.857895
128989.654784,143.277969,10.133438,122.844254
128989.696084,143.115753,10.360352,122.889420
128989.737383,143.385254,9.972412,122.960251
128989.778683,143.190002,9.931992,122.719879
128989.819983,143.287094,10.147736,122.714157
128989.861281,143.289459,10.044861,122.592224
128989.902579,143.221039,10.180527,122.625427
128989.943878,142.870712,10.197296,122.701035
128989.985179,143.061554,10.331482,122.608734
128990.026478,142.887329,10.419632,122.218094
128990.067775,142.868896,10.193924,122.759598
128990.109072,142.975616,10.096756,122.608383
128990.150368,142.900162,10.192215,122.386536
128990.191659,142.972794,10.212997,122.198288
128990.232964,143.005722,10.147903,122.222931
128990.274261,143.095062,10.276260,122.627777
128990.315559,142.975235,10.380676,122.399323
128990.356859,143.225708,10.096191,122.974991
128990.398156,143.175171,10.340164,122.492218
128990.439453,143.169235,9.923996,122.526428
128990.480749,143.196320,9.885178,122.599640
128990.522046,143.084290,9.996979,122.337540
128990.563342,142.952103,10.210999,122.627396
128990.604638,143.079376,10.178040,122.344833
128990.645933,143.034241,9.944061,122.652802
128990.687229,142.780945,9.856216,122.725128
128990.728525,142.905701,9.920425,122.479309
128990.769820,142.843613,10.098419,122.820679
128990.811117,142.972733,10.115540,122.564728
128990.852413,143.154892,10.123337,122.598206
128990.893709,142.971970,9.953583,122.692139
128990.935007,143.182709,9.990723,123.037399
128990.976303,143.205521,9.967056,122.788422
128991.017599,142.918060,9.948517,122.672729
128991.058895,143.106827,9.902252,122.805984
128991.100193,143.239426,10.083954,122.771210
128991.141489,143.026169,9.903046,122.749817
128991.182786,143.113129,9.825211,122.021942
128991.224085,143.186844,9.773575,122.593185
128991.265384,143.144485,9.754562,122.825150
128991.306681,142.995773,9.888382,122.937592
128991.347979,143.218048,9.862335,122.862442
128991.389276,143.197174,9.740204,122.952621
128991.430570,143.006165,9.786316,122.771820
128991.471866,143.130463,9.778168,122.785965
128991.513161,143.123215,9.832428,123.125107
128991.554459,143.157455,9.678879,122.778137
128991.595758,142.867783,9.794754,122.862793
128991.637057,143.150864,10.099121,123.235046
128991.678354,143.151062,9.771973,122.967987
