38987.844558,154.333649,18.709579,125.267960
38987.885862,154.547729,18.427689,125.338867
38987.927166,154.553970,18.486710,125.068054
38987.968469,154.595139,18.194778,124.914291
38988.009772,154.572159,18.252060,124.547852
38988.051075,154.219910,18.645065,124.958710
38988.092380,154.558945,18.330597,124.936066
38988.133686,154.474884,18.428589,125.302444
38988.174991,154.516113,18.445755,125.268600
38988.216295,154.304077,18.387634,125.426422
38988.257600,154.464874,18.384705,125.371292
38988.298907,154.429871,18.463028,125.335327
38988.340213,154.523117,18.553223,125.619751
38988.381517,154.398026,18.626907,125.523224
38988.422825,154.634567,18.519028,125.312469
38988.464131,154.676682,18.347382,125.288177
38988.505439,154.754929,18.370468,125.195190
38988.546745,154.825027,18.396790,125.274948
38988.588054,154.927307,18.178253,125.323914
38988.629362,154.850052,18.565826,125.142334
38988.670671,154.807663,18.566315,125.112091
38988.711977,154.769836,18.194138,125.212036
38988.753286,154.759003,18.283234,125.329712
38988.794596,154.714005,18.280197,124.986816
38988.835905,154.742752,18.280380,124.964905
38988.877210,154.777954,18.192947,125.110672
38988.918515,154.511642,18.392151,125.246918
38988.959821,154.619247,18.127228,125.191742
38989.001128,154.623932,18.262924,125.171127
38989.042435,154.561111,18.439087,125.080994
38989.083741,154.496323,18.493698,125.218918
38989.125050,154.646667,18.276627,125.064728
38989.166355,154.498901,18.602219,124.826370
38989.207661,154.455261,18.372726,125.240021
38989.248966,154.288849,18.650482,124.951096
38989.290274,154.589310,18.433548,124.863586
38989.331579,154.512222,18.348816,124.681137
38989.372885,154.250626,18.174957,125.214417
38989.414190,154.309860,17.975281,125.360336
38989.455496,154.490921,18.169159,125.381165
38989.496803,154.555618,18.185059,125.139725
38989.538110,154.370605,17.986038,125.046173
38989.579418,154.378952,18.030838,125.279633
38989.620724,154.410767,18.218719,125.085495
38989.662031,154.187103,18.387390,125.325302
38989.703336,154.411591,18.415146,125.405472
38989.744638,154.655579,18.265564,124.924179
38989.785942,154.665497,18.410629,125.394669
38989.827246,154.461243,18.307434,125.488174
38989.868550,154.648651,18.303635,125.042053
38989.909855,154.501236,18.394989,124.975861
38989.951161,154.213257,18.653107,125.218597
38989.992468,154.239166,18.289154,125.131958
38990.033775,154.048004,18.516098,125.400986
38990.075081,154.110352,18.594513,125.228531
38990.116387,154.146973,18.474792,125.207382
38990.157696,154.184753,18.416595,125.361404
38990.199005,154.132812,18.241531,125.261841
38990.240314,154.166214,18.386444,125.316528
38990.281625,154.166595,18.384018,125.533020
38990.322932,154.201752,18.391251,125.345520
38990.364240,154.295044,18.379044,125.109268
38990.405545,154.300827,18.559402,125.129456
38990.446850,154.170151,18.361298,125.303406
38990.488156,154.111008,18.554520,125.000961
38990.529463,154.203323,18.500778,125.281921
38990.570771,154.130066,18.439011,125.121796
38990.612078,154.368210,18.362564,125.090683
38990.653385,154.190216,18.401459,124.841675
38990.694690,154.365707,18.100693,125.326889
38990.735995,154.249420,18.282379,125.397141
38990.777300,154.107010,18.595627,124.965561
38990.818606,153.949371,18.447235,125.314941
38990.859911,154.238815,18.440659,125.483414
38990.901214,154.093079,18.536819,125.624969
38990.942516,154.074036,18.446732,125.276611
38990.983817,154.124588,18.545456,125.277267
38991.025120,154.344696,18.333603,124.819229
38991.066424,154.268402,18.454376,125.342300
38991.107728,154.392136,18.337265,125.114899
38991.149031,154.264404,18.322617,124.997803
38991.190338,154.024963,18.494553,125.181442
38991.231644,154.189163,18.169678,125.305954
38991.272951,154.070206,18.221344,125.426422
38991.314259,154.352219,18.071381,125.427383
38991.355565,154.238525,18.216812,125.511292
38991.396871,154.320953,18.084564,125.628448
38991.438179,154.256622,18.122147,125.294159
38991.479486,154.580963,18.134766,125.200775
38991.520793,154.444046,18.136383,125.487671
38991.562100,154.484222,18.275055,125.286407
38991.603408,154.577148,18.468658,125.129623
38991.644714,154.474899,18.369949,124.740158
38991.686019,154.308731,18.407303,125.111435
38991.727325,154.267838,18.363785,125.205292
38991.768631,154.453308,18.231430,124.967911
38991.809938,154.403717,18.102936,125.424240
38991.851241,154.457001,18.404526,125.171310
38991.892545,154.423370,18.205444,125.503830
38991.933851,154.344681,18.379257,125.311249
38991.975158,154.486160,18.359970,125.111801
38992.016464,154.428665,18.205902,124.797653
38992.057773,154.320297,18.378342,125.036194
38992.099082,154.510986,18.290588,125.078018
38992.140391,154.414810,18.292709,125.409454
38992.181701,154.445480,18.167740,125.079666
38992.223011,154.558823,18.335556,125.050766
38992.264320,154.599976,18.108612,125.245834
38992.305629,154.467270,18.233734,124.973816
38992.346941,154.435165,18.330002,125.149338
38992.388250,154.367401,18.530487,124.942612
38992.429556,154.465042,18.336685,124.749054
38992.470861,154.285858,18.428101,125.340057
38992.512167,154.425049,18.428268,125.347244
38992.553473,154.373856,18.286545,125.053253
38992.594778,154.581039,18.206375,125.002213
38992.636083,154.334091,18.319031,125.347198
38992.677390,154.467636,18.118271,125.453247
38992.718698,154.262085,18.383972,125.284882
38992.760006,154.371643,18.362198,125.392181
38992.801313,154.587280,18.265488,125.342316
38992.842619,154.714691,18.449783,125.256973
38992.883925,154.567642,18.285416,125.245026
38992.925232,154.484558,18.567917,125.311295
38992.966539,154.313675,18.590240,125.375854
38993.007847,154.502167,18.384583,125.515030
38993.049155,154.429352,18.434921,125.197540
38993.090462,154.469177,18.271606,124.940018
38993.131770,154.658005,18.237671,125.183502
38993.173077,154.349503,18.243408,124.827164
38993.214382,154.658310,18.220001,125.128616
38993.255688,154.772232,18.228989,125.323456
38993.296993,154.416885,18.236115,125.264999
38993.338300,154.274170,18.375305,125.394852
38993.379607,154.174637,18.290680,125.147278
38993.420911,154.275345,18.377289,125.209000
38993.462218,154.394302,18.313400,124.907669
38993.503524,154.418793,18.262817,125.468857
38993.544829,154.522781,17.982544,125.317627
38993.586137,154.274323,18.348724,125.239319
38993.627443,154.454926,18.475220,124.839600
38993.668750,154.491364,18.396164,125.016449
38993.710058,154.353683,18.501541,125.344025
38993.751365,154.182022,18.744644,125.120468
38993.792672,154.518890,18.302246,125.500000
38993.833978,154.540482,18.305511,125.676895
38993.875286,154.576416,18.335648,125.306870
38993.916595,154.511887,18.383163,125.668854
38993.957902,154.807312,18.195755,125.784470
38993.999209,154.482651,18.610611,125.108887
38994.040515,154.438873,18.339249,125.272598
38994.081822,154.474884,18.184143,125.190430
38994.123131,154.577133,18.375565,125.405945
38994.164441,154.660233,18.285965,125.253632
38994.205748,154.521622,18.266968,125.493118
38994.247055,154.388412,18.246399,125.415863
38994.288360,154.577637,18.262985,125.345428
38994.329664,154.525940,18.325836,125.262939
38994.370968,154.511169,18.085114,125.449356
38994.412276,154.513321,18.152206,125.511230
38994.453582,154.687042,18.205765,125.913574
38994.494886,154.605927,18.121521,125.766357
38994.536197,154.458282,18.301376,125.425858
38994.577497,154.577667,18.267761,125.263229
38994.618803,154.379883,18.453049,125.726059
38994.660109,154.655136,18.135864,125.576935
38994.701415,154.728561,18.372681,125.463394
38994.742720,154.706055,18.429016,125.099533
38994.784027,154.564896,18.452301,125.505005
38994.825332,154.504242,18.269653,125.954208
38994.866639,154.495361,18.321136,125.520111
38994.907946,154.494400,18.293732,125.481903
38994.949251,154.418182,18.277756,125.345963
38994.990557,154.556274,18.289444,125.349609
38995.031863,154.486771,18.210419,125.556015
38995.073167,154.601593,17.980255,125.379532
38995.114474,154.557846,18.223785,125.764999
38995.155778,154.412277,18.295227,125.468872
38995.197081,154.550308,18.260025,125.514267
38995.238389,154.649292,18.213943,125.365311
38995.279693,154.556107,18.375351,125.410446
38995.321000,154.667252,18.464432,125.452866
38995.362306,154.397202,18.418365,125.231689
38995.403609,154.666489,18.128677,125.386673
38995.444912,154.617020,18.263733,125.266342
38995.486216,154.537704,18.255188,125.016510
38995.527521,154.524628,18.436447,124.958664
38995.568825,154.451462,18.450226,125.169571
38995.610129,154.224457,18.296387,125.473297
38995.651431,154.325577,18.316010,125.568756
38995.692732,154.388306,18.181808,125.277893
38995.734033,154.440262,18.261948,125.013489
38995.775334,154.514023,17.973923,125.158401
38995.816639,154.411118,18.313766,125.468170
38995.857945,154.350296,18.243301,125.451019
38995.899251,154.283310,18.322327,125.256912
38995.940557,154.079651,18.547882,125.467911
38995.981867,154.151093,18.453812,125.305923
38996.023175,154.251968,18.530045,125.152359
38996.064482,154.264679,18.318817,125.079376
38996.105789,154.362671,18.359818,125.016022
38996.147097,154.340393,18.392609,124.917282
38996.188404,154.331467,18.357651,125.100677
38996.229711,154.364655,18.356308,125.294342
38996.271017,154.414032,18.315018,125.558090
38996.312322,154.351105,18.323624,125.230881
38996.353628,154.369797,18.376541,125.365463
38996.394933,154.372894,18.281479,125.404907
38996.436236,154.247925,18.392624,125.544846
38996.477541,154.566681,18.390594,125.499115
38996.518847,154.193237,18.628036,125.575134
38996.560150,154.502563,18.423721,125.312241
38996.601456,154.713287,18.380096,125.061905
38996.642760,154.385605,18.405563,125.367767
38996.684066,154.451126,18.476746,125.165054
38996.725369,154.338272,18.431839,125.262817
38996.766676,154.414169,18.644028,125.430374
38996.807983,154.308060,18.490845,125.080063
38996.849288,154.202271,18.489807,125.076340
38996.890592,154.462524,18.430374,125.307465
38996.931896,154.490738,18.384399,124.804657
38996.973202,154.538727,18.271683,125.127625
38997.014508,154.488113,18.335541,125.539261
38997.055814,154.339783,18.346191,125.240540
38997.097119,154.421036,18.323044,125.328766
38997.138424,154.416138,18.554886,125.365829
38997.179730,154.282822,18.575409,125.072647
38997.221036,154.299347,18.851227,125.129196
38997.262342,154.370575,18.777527,125.134262
38997.303649,154.531219,18.601135,125.710358
38997.344954,154.337708,18.404114,125.051178
38997.386259,154.490356,18.608810,125.175476
38997.427566,154.431473,18.518707,125.278442
38997.468872,154.057724,18.674728,125.153900
38997.510177,154.233505,18.409134,125.431747
38997.551483,154.196762,18.312866,125.276199
38997.592789,154.229767,18.276825,125.249130
38997.634096,154.400482,18.365097,125.159241
38997.675403,154.463318,18.490829,125.180161
38997.716711,154.318863,18.191895,125.185730
38997.758021,154.566818,18.333054,125.320999
38997.799328,154.301559,18.729263,125.086151
38997.840634,154.429550,18.562698,125.234512
38997.881944,154.350555,18.757370,125.344208
38997.923252,154.083191,18.673203,125.164490
38997.964559,154.282669,18.701080,125.450836
38998.005865,154.196548,18.795776,125.641327
38998.047170,154.219803,18.806641,125.392609
38998.088477,154.242615,18.739670,125.572189
38998.129783,154.321960,18.477600,125.552490
38998.171087,154.484192,18.452682,125.294693
38998.212391,154.218750,18.618881,125.588669
38998.253697,154.178131,18.501968,125.160202
38998.295004,154.582596,18.382751,125.108383
38998.336312,154.461517,18.287781,125.492401
38998.377618,154.375854,18.366943,125.468933
38998.418925,154.572037,18.609970,125.363770
38998.460230,154.654449,18.130432,125.224899
38998.501537,154.579071,18.475998,125.347763
38998.542844,154.586624,18.446152,125.410248
38998.584151,154.350281,18.675186,124.869141
38998.625458,154.569214,18.556335,125.593109
38998.666766,154.496490,18.538086,125.252350
38998.708073,154.383179,18.697693,125.462708
38998.749376,154.509888,18.442459,125.296326
38998.790684,154.422546,18.309738,125.235977
38998.831987,154.415802,18.224533,125.344345
38998.873292,154.458679,18.153397,125.346603
38998.914597,154.265823,18.322510,125.390350
38998.955901,154.373505,18.159256,125.443207
38998.997208,154.086090,18.104156,125.313354
38999.038513,154.222916,18.246170,125.521057
38999.079821,154.172836,18.354294,125.461670
38999.121125,154.208160,18.499695,125.213928
38999.162431,154.326935,18.175400,125.221756
38999.203735,154.581375,18.192215,125.612488
38999.245038,154.403580,18.275513,125.218903
38999.286341,154.417709,18.291733,125.466431
38999.327647,154.491226,18.053024,125.157761
38999.368951,154.395233,18.340088,125.570190
38999.410258,154.245895,18.405960,125.465790
38999.451561,154.293228,18.241211,125.358002
38999.492863,154.190140,18.292923,125.185181
38999.534169,154.497559,18.145645,125.459320
38999.575472,154.193390,18.204361,125.620377
38999.616778,154.184082,18.329361,125.748489
38999.658083,154.390457,18.103287,125.055740
38999.699388,154.435364,18.333115,125.125229
38999.740693,154.343658,18.204437,125.207245
38999.781996,154.440521,18.275299,125.050354
38999.823300,154.301559,18.319519,125.366516
38999.864606,154.573883,18.176605,124.988052
38999.905911,154.443344,18.205551,125.395752
38999.947216,154.454300,18.068924,125.090225
38999.988519,154.416672,18.224060,125.669739
39000.029823,154.503021,18.061157,125.471817
39000.071130,154.457565,18.003265,125.676285
39000.112435,154.461029,18.035736,125.185760
39000.153737,154.442368,18.280380,125.504883
39000.195040,154.370361,18.054932,125.236969
39000.236344,154.229218,18.286224,125.552643
39000.277650,154.447601,18.156693,125.164185
39000.318956,154.553421,18.419235,125.217026
39000.360260,154.316956,18.232361,125.282761
39000.401563,154.455490,18.245758,124.869888
39000.442866,154.563660,18.207382,125.476318
39000.484166,154.417770,18.076645,124.986710
39000.525467,154.539368,18.281418,124.979477
39000.566768,154.463058,18.138077,125.550552
39000.608068,154.376373,18.222397,125.253387
39000.649372,154.321884,18.359528,125.223282
39000.690677,154.304382,18.393356,124.966583
39000.731982,154.373550,17.979919,125.037888
39000.773286,154.223419,18.385239,125.317749
39000.814591,154.093369,18.318893,125.382812
39000.855897,154.369553,18.297089,125.514420
39000.897204,154.110321,18.499512,125.239655
39000.938510,154.247925,18.206085,125.372360
39000.979817,154.292847,18.243393,125.526276
39001.021125,154.205231,18.394394,125.285126
39001.062433,154.235916,18.444565,125.360062
39001.103742,154.425568,18.331329,125.147858
39001.145050,154.373245,18.284592,125.214310
39001.186356,154.258331,18.588287,125.279572
39001.227665,154.281784,18.545303,125.378204
39001.268971,154.250916,18.647400,125.306992
39001.310273,154.399704,18.296448,125.324677
39001.351578,154.418411,18.272644,125.217606
39001.392883,154.081528,18.583633,125.392334
39001.434188,154.212570,18.408295,125.170227
39001.475494,153.979248,18.474762,125.110886
39001.516804,154.067627,18.496201,125.284088
39001.558114,154.139175,18.547470,125.686417
39001.599422,154.163681,18.528900,125.036148
39001.640730,154.067764,18.748703,125.039246
39001.682038,154.163483,18.254333,125.392883
39001.723348,154.170883,18.512909,125.267715
39001.764657,154.296844,18.306549,125.494019
39001.805966,154.391495,18.383835,125.168976
39001.847274,154.311966,18.229172,125.265427
39001.888583,154.097656,18.294083,125.115128
39001.929894,153.889862,18.240799,125.145401
39001.971205,154.073410,18.220474,125.165359
39002.012514,154.262161,18.318588,125.380386
39002.053822,153.976974,18.498032,125.299622
39002.095129,154.014954,18.238342,125.248734
39002.136438,154.097397,18.143692,125.377716
39002.177748,154.145584,18.284607,125.107880
39002.219055,154.264404,18.271255,124.976547
39002.260364,154.154587,18.278397,125.216858
39002.301674,154.118332,18.482971,125.234573
39002.342981,154.161484,18.321091,125.003738
39002.384291,154.383728,18.398010,125.071335
39002.425597,154.314011,18.300461,125.402939
39002.466901,154.208084,18.324585,124.951050
39002.508208,154.086563,18.274094,125.177719
39002.549513,154.030853,18.357666,125.223724
39002.590817,154.240952,18.207184,124.803604
39002.632122,154.080078,18.311935,124.964386
39002.673425,154.290146,18.271912,124.844589
39002.714731,154.117996,18.220642,125.156113
39002.756036,153.911316,18.444244,124.879257
39002.797343,154.150528,18.602142,124.989029
39002.838649,154.165756,18.618805,124.972412
39002.879956,154.245712,18.299301,125.020950
39002.921263,154.149124,18.245850,125.272171
39002.962571,154.215759,18.553024,124.654831
39003.003877,154.126419,18.573563,125.021576
39003.045182,154.211990,18.295898,125.054398
39003.086487,153.855652,18.385498,125.317032
39003.127794,154.041733,18.341415,124.948120
39003.169100,153.863342,18.349228,125.085388
39003.210407,154.105743,18.595718,124.761200
39003.251715,154.131668,18.570251,124.798157
39003.293024,154.142410,18.452209,124.978745
39003.334332,154.028824,18.516006,124.884399
39003.375641,154.302765,18.573883,124.966553
39003.416948,154.226883,18.609512,125.030121
39003.458256,154.056915,18.881790,124.792816
39003.499564,154.151840,18.781143,125.161041
39003.540871,154.333298,18.467850,124.910660
39003.582178,154.112030,18.623108,125.121460
39003.623485,154.167740,18.629471,124.816071
39003.664792,154.228821,18.676956,125.085327
39003.706102,154.353470,18.516632,125.179840
39003.747407,154.366394,18.404434,124.972656
39003.788712,154.492340,18.330566,125.242493
39003.830020,154.276093,18.560806,124.970428
39003.871330,154.344910,18.443878,124.732666
39003.912635,154.207733,18.503586,125.209351
39003.953940,154.053680,18.544998,124.992783
39003.995246,154.204208,18.508408,125.268524
39004.036552,154.243942,18.636002,124.842682
39004.077858,154.321686,18.539459,124.774689
39004.119163,154.156113,18.597412,124.683838
39004.160466,154.207153,18.520859,124.821808
39004.201772,154.291107,18.348999,124.688278
39004.243077,154.244141,18.422928,124.651215
39004.284383,154.121536,18.257263,124.590683
39004.325691,154.154984,18.524323,125.038391
39004.366999,154.122177,18.468048,124.885574
39004.408308,154.215790,18.281921,124.927368
39004.449617,154.150986,18.663452,124.854950
39004.490927,154.063065,18.458252,124.797577
39004.532235,154.222366,18.666382,124.853760
39004.573544,154.004150,18.657883,125.271820
39004.614853,154.297714,18.326248,124.969742
39004.656162,154.192657,18.309540,125.142014
39004.697468,154.150223,18.624634,124.975113
39004.738776,154.294144,18.653595,125.161194
39004.780084,154.107239,18.746780,125.076813
39004.821392,154.167984,18.440781,124.951065
39004.862700,154.358734,18.516464,124.834412
39004.904009,154.291199,18.540192,124.758286
39004.945314,154.211548,18.501892,124.731964
39004.986621,154.386185,18.487411,125.041779
39005.027932,154.253784,18.314331,125.281342
39005.069246,154.403625,18.227448,125.063171
39005.110556,154.441544,18.211502,125.189911
39005.151866,154.340485,18.362350,124.973190
39005.193174,154.734421,18.110565,124.950882
39005.234482,154.883301,18.000214,124.872009
39005.275791,154.606598,18.397446,125.203705
39005.317098,154.417313,18.220032,124.987930
39005.358406,154.537827,18.207993,124.970062
39005.399715,154.413742,18.466446,124.823349
39005.441022,154.474960,18.395966,124.776077
39005.482328,154.473206,18.377640,124.852097
39005.523635,154.506744,18.181107,125.005493
39005.564944,154.452789,18.317444,124.889725
39005.606254,154.516968,18.402222,125.165588
39005.647563,154.212952,18.264450,125.089951
39005.688871,154.353149,18.431656,125.059357
39005.730181,154.227158,18.167053,125.174530
39005.771488,154.403748,18.350388,124.429611
39005.812796,154.146698,18.447876,125.168930
39005.854104,154.006302,18.484467,125.058304
39005.895413,153.919846,18.722794,125.052475
39005.936720,154.227844,18.738998,125.122742
39005.978027,154.373047,18.459427,124.999405
39006.019335,154.249252,18.668213,124.944275
39006.060644,154.303482,18.546951,124.884491
39006.101953,153.935120,18.667496,125.011932
39006.143259,154.312607,18.607910,124.522354
39006.184566,154.265579,18.344620,124.766785
39006.225874,154.103867,18.565720,125.015778
39006.267184,154.291550,18.286530,124.761536
39006.308491,154.334396,18.342285,124.912476
39006.349800,154.352814,18.401306,125.002472
39006.391106,154.481949,18.261230,125.339767
39006.432414,154.414398,18.257187,125.419159
39006.473719,154.371338,18.454163,125.144104
39006.515023,154.454178,18.646805,125.293091
39006.556328,154.525513,18.549393,125.078918
39006.597636,154.495331,18.631882,125.169968
39006.638943,154.222748,18.663147,124.993378
39006.680249,154.576263,18.412827,125.044083
39006.721556,154.425293,18.611755,125.122330
39006.762863,154.514404,18.121033,124.911957
39006.804171,154.298157,18.499619,124.849625
39006.845481,154.343704,18.372482,125.284439
39006.886792,154.262360,18.233459,125.083710
39006.928100,154.381546,18.240417,125.238235
39006.969407,154.322800,18.122482,125.143021
39007.010717,154.079117,18.576248,125.378433
39007.052024,154.302414,18.399200,125.233215
39007.093331,154.261108,18.438553,125.564041
39007.134639,154.569809,18.316147,124.971207
39007.175946,154.313095,18.555862,125.282837
39007.217252,154.333389,18.513153,125.375168
39007.258560,154.437653,18.472870,125.314529
39007.299869,154.223663,18.295441,125.245636
39007.341177,154.310394,18.410980,125.170502
39007.382483,154.417877,18.377762,125.112259
39007.423788,154.249786,18.330353,125.003403
39007.465096,154.492264,18.146866,125.138962
39007.506405,154.220261,18.292587,125.427521
39007.547711,154.357986,18.012314,125.399490
39007.589018,154.433273,18.234802,125.243286
39007.630327,154.256302,18.245331,125.266663
39007.671636,154.097626,18.225266,125.346573
39007.712945,154.095551,18.208420,125.614807
39007.754253,154.267792,18.240845,125.541901
39007.795559,154.432037,18.266953,125.501053
39007.836867,154.459702,18.461761,124.985687
39007.878174,154.341156,18.349533,125.314728
39007.919483,154.587479,18.281357,124.840088
39007.960789,154.551163,18.258194,124.846497
39008.002097,154.233231,18.388809,125.167313
39008.043406,154.456924,18.160416,125.352783
39008.084717,154.509491,18.191742,125.198532
39008.126026,154.438385,18.030792,125.225754
39008.167334,154.489044,18.225967,125.016357
39008.208643,154.591644,18.085938,125.443024
39008.249954,154.384598,18.289902,125.286377
39008.291262,154.233337,18.112183,125.485840
39008.332566,154.560654,18.176880,125.272827
39008.373872,154.467270,18.248993,125.368637
39008.415181,154.527863,18.363174,125.013885
39008.456493,154.445801,18.123016,125.154617
39008.497800,154.574188,18.087143,125.082840
39008.539107,154.389709,18.348648,125.311691
39008.580411,154.519058,18.167221,125.160767
39008.621717,154.400253,18.228516,124.932251
39008.663023,154.723633,18.263809,124.716232
39008.704327,154.486542,18.420792,125.108536
39008.745633,154.481201,17.945038,124.984894
39008.786942,154.569214,17.900894,125.208786
39008.828250,154.667770,17.999222,125.285797
39008.869554,154.418106,17.811508,125.603470
39008.910856,154.229507,18.278259,125.497223
39008.952163,154.549103,18.031815,125.304306
39008.993470,154.578445,18.145187,125.116409
39009.034777,154.529236,18.300964,125.147705
39009.076084,154.720154,18.144135,125.038040
39009.117391,154.624771,17.971832,124.897720
39009.158698,154.544586,18.235794,125.057755
39009.200003,154.760605,18.314316,124.971466
39009.241312,154.734695,18.386307,124.995255
39009.282622,154.591751,18.368271,125.318649
39009.323932,154.470474,18.361633,125.054337
39009.365236,154.375519,18.303055,125.397537
39009.406541,154.338623,18.617172,125.064224
39009.447846,154.315628,18.331039,125.204208
39009.489149,154.475174,18.458649,124.969284
39009.530453,154.387787,18.278870,125.273819
39009.571759,154.323593,18.226822,125.237579
39009.613066,154.617172,18.137573,124.886536
39009.654375,154.468857,18.523727,125.176941
39009.695683,154.421707,18.504623,125.095871
39009.736992,154.332581,18.352478,125.099716
39009.778301,154.274689,18.320114,125.130493
39009.819611,154.650024,18.302597,125.075470
39009.860921,154.579330,18.093063,124.886765
39009.902226,154.494629,18.119278,125.488937
39009.943533,154.330246,18.070206,125.049271
39009.984840,154.378952,18.118698,125.329865
39010.026148,154.322403,18.170959,125.003784
39010.067455,154.437912,18.046875,124.718094
39010.108763,154.269379,18.210312,125.183426
39010.150069,154.466278,18.131027,125.381805
39010.191375,154.502731,18.186508,125.544022
39010.232682,154.468002,18.248901,125.013718
39010.273990,154.583633,18.391388,125.262299
39010.315298,154.458847,18.279922,124.795578
39010.356607,154.559387,18.189484,125.420883
39010.397917,154.395981,18.369629,125.480194
39010.439228,154.482040,18.411896,125.119766
39010.480539,154.503006,18.175201,125.080109
39010.521849,154.572037,18.353119,125.134430
39010.563156,154.568420,17.975815,125.035309
39010.604465,154.278778,18.374039,125.282104
39010.645772,154.386398,18.277817,125.402206
39010.687079,154.579681,18.227661,125.219482
39010.728388,154.418793,18.172272,125.483688
39010.769700,154.443893,17.930206,124.937057
39010.811009,154.659927,18.291306,125.501587
39010.852317,154.480301,18.191528,125.234650
39010.893624,154.331177,18.321136,125.090546
39010.934930,154.430847,18.308853,124.889740
39010.976239,154.397720,18.267609,125.195663
39011.017548,154.352325,18.186630,125.172928
39011.058854,154.350861,18.393341,124.840561
39011.100162,154.238235,18.496475,124.835617
39011.141469,154.479660,18.306183,124.596588
39011.182778,154.169617,18.605087,125.025406
39011.224085,154.354202,18.338516,124.706009
39011.265392,154.122406,18.537598,124.958328
39011.306700,154.470306,18.493378,124.836502
39011.348011,154.295700,18.526855,125.031601
39011.389319,154.185852,18.423615,125.298264
39011.430630,154.478073,18.497055,125.048615
39011.471940,154.452469,18.456650,125.108765
39011.513248,154.510544,18.511612,125.230118
39011.554558,154.510269,18.388443,125.221771
39011.595867,154.424301,18.438141,125.181015
39011.637176,154.532455,18.292389,124.705963
39011.678487,154.593094,18.426498,125.143555
39011.719795,154.360443,18.386169,124.956421
39011.761103,154.466370,18.214615,124.814972
39011.802410,154.427246,18.216095,125.061768
39011.843716,154.349197,18.147400,124.990234
39011.885021,154.632065,18.289276,125.057281
39011.926327,154.566025,18.133545,125.278427
39011.967632,154.492737,18.155960,125.350708
39012.008940,154.231323,18.363586,125.216492
39012.050246,154.363144,18.619537,125.235184
39012.091552,154.321640,18.505585,124.869080
39012.132859,154.525589,18.424759,124.445892
39012.174165,154.443863,18.448181,124.499039
39012.215471,154.585526,18.386200,124.759094
39012.256776,154.352692,18.485397,124.513763
39012.298080,154.253876,18.491196,125.027481
39012.339385,154.183411,18.480316,124.773026
39012.380692,154.237274,18.280426,124.957581
39012.421999,154.552216,18.156311,124.875488
39012.463308,154.461960,18.041687,124.522415
39012.504617,154.471649,18.241287,125.030365
39012.545927,154.146118,18.239334,124.898666
39012.587235,154.091187,18.158035,124.968750
39012.628545,154.380386,18.317581,125.082138
39012.669852,154.512283,18.255386,124.719742
39012.711159,154.315598,18.441040,125.080521
39012.752466,154.503235,18.279556,124.907883
39012.793773,154.412308,18.514374,124.962006
39012.835080,154.289719,18.601044,125.008011
39012.876391,154.453766,18.259323,124.788544
39012.917698,154.318726,18.229309,124.782150
39012.959004,154.472504,18.462418,124.608490
39013.000314,154.311646,18.109787,124.848373
39013.041623,154.529144,18.227859,124.885880
39013.082931,154.415268,18.182037,125.239548
39013.124239,154.564545,18.303757,125.212631
39013.165546,154.350525,18.412216,125.138870
39013.206852,154.146118,18.476654,125.513107
39013.248159,154.077347,18.540665,125.146576
39013.289467,154.368073,18.581009,125.338394
39013.330776,154.619629,18.309692,125.116562
39013.372082,154.402435,18.291306,125.049271
39013.413388,154.377502,18.563766,125.084000
39013.454694,154.476120,18.329269,124.974579
39013.495999,154.505310,18.195496,125.447128
39013.537304,154.230591,18.113434,125.285477
39013.578609,154.372742,18.450974,125.320038
39013.619914,154.194397,18.322876,125.401276
39013.661218,154.528442,18.224060,125.637421
39013.702527,154.335403,18.305664,124.954910
39013.743833,154.587189,18.228790,125.237671
39013.785140,154.233398,18.437485,125.244751
39013.826448,154.505997,18.519684,125.752640
39013.867754,154.244308,18.613052,125.633865
39013.909061,154.579666,18.411911,125.388214
39013.950368,154.573853,18.609634,125.397705
39013.991677,154.753342,18.443466,125.285843
39014.032984,154.675064,18.358414,125.424301
39014.074291,154.712372,18.358597,125.367645
39014.115595,154.697937,18.343094,125.246552
39014.156900,154.517776,18.411087,125.355453
39014.198207,154.665771,18.592392,125.229584
39014.239514,154.468704,18.533447,125.664108
39014.280822,154.306030,18.401871,125.690918
39014.322131,154.372620,18.420349,125.485260
39014.363443,154.302063,18.452255,125.552505
39014.404752,154.539047,18.405823,125.318436
39014.446061,154.542984,18.416992,125.435577
39014.487372,154.427246,18.314209,125.734192
39014.528680,154.560272,18.400116,125.972794
39014.569989,154.390823,18.548019,125.393570
39014.611300,154.292770,18.788803,125.604446
39014.652612,154.285736,18.765381,125.298492
39014.693923,154.406342,18.471725,125.272491
39014.735233,154.389313,18.476776,125.233597
39014.776542,154.170334,18.818481,125.276398
39014.817850,154.258545,18.804565,125.432343
39014.859159,154.417114,18.497086,125.280045
39014.900464,154.240234,18.565079,125.270020
39014.941770,154.495041,18.567978,125.532288
39014.983074,154.584656,18.475693,125.435410
39015.024381,154.322571,18.965012,125.225342
39015.065688,154.207962,18.706650,125.585510
39015.106994,154.451294,18.893570,125.342255
39015.148304,154.338242,18.809860,125.681824
39015.189613,154.264114,18.779419,125.429260
39015.230920,154.349533,18.739517,125.451675
39015.272228,154.265717,18.853043,125.549438
39015.313536,154.558563,18.649323,125.309372
39015.354847,154.360367,18.906235,125.376343
39015.396155,154.351364,18.622833,125.486191
39015.437464,154.121613,18.625107,125.119354
39015.478772,154.502411,18.507263,125.316544
39015.520077,154.282394,18.641663,125.380066
39015.561382,154.442673,18.312302,125.577316
39015.602689,154.569168,18.276230,125.470093
39015.643995,154.270645,18.347870,125.489090
39015.685301,154.210434,18.351608,125.700256
39015.726610,154.166809,18.461060,125.501236
39015.767916,154.372452,18.224365,125.699692
39015.809226,154.260239,18.364197,125.710587
39015.850533,154.118301,18.702423,125.557053
39015.891840,154.284653,18.454208,125.318634
39015.933145,154.256943,18.479904,125.370987
39015.974451,154.113861,18.510773,125.728836
39016.015758,154.485519,18.248215,125.324585
39016.057064,154.205093,18.248779,125.415939
39016.098369,154.119781,18.553497,125.696640
39016.139673,154.515823,18.236481,125.635437
39016.180978,154.541840,18.186600,125.384613
39016.222284,154.515991,18.334259,125.333725
39016.263587,154.165955,18.433868,125.337418
39016.304891,154.301422,18.325333,125.553467
39016.346195,154.511703,18.333740,125.771698
39016.387502,154.482056,18.365677,125.423798
39016.428809,154.712616,18.175858,125.618347
39016.470117,154.566055,18.390610,125.491135
39016.511423,154.547516,18.238342,125.538086
39016.552732,154.448730,18.183304,125.623260
39016.594039,154.661118,18.301865,125.153763
39016.635347,154.584686,18.303543,125.133286
39016.676655,154.607071,18.214005,125.196762
39016.717962,154.518539,18.338120,125.410904
39016.759268,154.441040,18.488571,125.554550
39016.800574,154.254715,18.244537,125.690674
39016.841881,154.462875,18.233673,125.638809
39016.883187,154.587326,18.283112,125.594788
39016.924493,154.536758,18.325836,125.771805
39016.965797,154.428223,18.191238,125.836700
39017.007102,154.460846,18.291489,125.550995
39017.048405,154.641861,18.449951,125.426727
39017.089709,154.520630,18.507355,125.418808
39017.131016,154.590775,18.504852,125.602722
39017.172321,154.423080,18.472427,125.529236
39017.213626,154.511932,18.319153,125.581131
39017.254931,154.493668,18.317657,125.538910
39017.296236,154.338425,18.350204,125.596115
39017.337538,154.354523,18.362946,125.647141
39017.378840,154.286942,18.382950,125.714066
39017.420143,154.428284,18.263046,125.590836
39017.461449,154.516830,18.289261,125.547211
39017.502757,154.397110,18.277023,125.752335
39017.544064,154.379425,18.208633,125.431168
39017.585370,154.581100,18.412170,125.635727
39017.626675,154.632858,18.238281,125.405579
39017.667981,154.642975,18.183609,125.526230
39017.709291,154.537277,18.394867,125.285172
39017.750597,154.483948,18.508987,125.358398
39017.791900,154.483475,18.370758,125.698349
39017.833203,154.428955,18.466324,125.397034
39017.874508,154.810562,18.207626,125.304947
39017.915813,154.799866,18.388550,125.173416
39017.957117,154.652786,18.182968,125.454102
39017.998421,154.688705,18.145523,125.894531
39018.039725,154.763672,18.160324,125.595016
39018.081029,154.784500,18.352890,125.364349
39018.122333,154.497940,18.194519,125.569473
39018.163637,154.646286,18.080734,125.654312
39018.204940,154.562378,18.012894,125.565063
39018.246242,154.603256,18.259995,125.408661
39018.287545,154.455002,18.359055,125.502808
39018.328846,154.449265,18.321426,125.585754
39018.370147,154.606445,18.303528,125.162277
39018.411447,154.568192,18.427887,125.306961
39018.452749,154.536057,18.356064,125.048203
39018.494051,154.491104,18.248749,125.278625
39018.535354,154.531281,18.240540,125.312057
39018.576654,154.640137,18.184952,125.774307
39018.617955,154.520737,17.965912,125.480637
39018.659256,154.790588,18.072937,125.514191
39018.700558,154.528961,18.190979,125.521011
39018.741860,154.511826,18.349640,125.819473
39018.783163,154.683624,18.072723,125.306396
39018.824469,154.528183,18.350296,125.947861
39018.865772,154.678955,18.259583,125.614304
39018.907075,154.757828,18.267670,125.376175
39018.948378,154.713425,18.596069,125.146118
39018.989680,154.648849,18.320267,125.027206
39019.030981,154.758453,18.406708,125.221100
39019.072284,154.630127,18.138474,125.302902
39019.113586,154.576157,18.312241,125.277420
39019.154888,154.555099,18.266129,125.275955
39019.196193,154.527039,18.220993,125.200912
39019.237498,154.525360,17.831253,125.252457
39019.278805,154.556946,18.191254,125.313705
39019.320107,154.444138,18.300751,125.225403
39019.361412,154.322571,18.319870,125.172394
39019.402719,154.529434,18.346024,125.524261
39019.444025,154.402496,18.334946,125.489227
39019.485332,154.369339,18.037628,125.529037
39019.526638,154.803680,18.396698,125.111816
39019.567941,154.692963,18.333054,125.360748
39019.609246,154.458221,18.287750,125.385864
39019.650553,154.591721,18.421921,125.348740
39019.691856,154.727524,18.139847,125.588577
39019.733159,154.749908,17.974869,125.403198
39019.774461,154.739716,17.928391,125.508621
39019.815764,154.699432,17.897964,125.574020
39019.857068,154.916016,17.782578,125.789536
39019.898374,154.654633,18.193710,125.444244
39019.939677,154.566391,18.215927,125.506470
39019.980979,154.727203,18.357071,125.293396
39020.022280,154.494736,18.103821,125.473022
39020.063584,154.511307,18.065903,125.650421
39020.104888,154.615524,17.829926,125.375900
39020.146192,154.965256,18.040100,125.076065
39020.187496,154.590439,18.064377,125.460480
39020.228800,154.637726,18.196884,125.103729
39020.270103,154.529510,18.239258,125.363113
39020.311407,154.686676,18.369980,125.101974
39020.352712,154.796036,18.215530,124.912918
39020.394017,154.655609,18.258301,125.144424
39020.435321,154.756973,18.289764,124.946259
39020.476623,154.793961,18.087875,125.010025
39020.517928,154.869919,17.912033,125.083374
39020.559233,154.719086,18.387177,125.179672
39020.600540,154.638428,18.074951,125.242081
39020.641845,154.544708,18.277374,125.163193
39020.683150,154.889954,18.352615,125.076584
39020.724454,154.571289,18.372452,125.380417
39020.765758,154.496262,18.505737,125.653122
39020.807062,154.435547,18.423111,125.303864
39020.848366,154.705231,18.467819,125.026688
39020.889667,154.553940,18.604111,125.155334
39020.930970,154.342377,18.579910,125.427902
39020.972274,154.742874,18.188858,125.139374
39021.013579,154.893951,18.273300,124.907928
39021.054886,154.715347,18.362274,125.066711
39021.096192,154.740082,18.360886,125.181259
39021.137494,154.806290,18.430389,125.218765
39021.178800,154.690521,18.353699,125.311157
39021.220103,154.613846,18.314438,125.300079
39021.261404,154.421188,18.270660,125.587509
39021.302704,154.343475,18.205353,125.590881
39021.344007,154.409805,18.216858,125.441330
39021.385312,154.489014,18.461517,125.168518
39021.426618,154.513290,18.751022,125.334595
39021.467924,154.355240,18.474045,124.985977
39021.509230,154.414459,18.824402,124.967148
39021.550536,154.545975,18.409790,125.088089
39021.591840,154.525070,18.650391,125.063629
39021.633143,154.595688,18.378433,124.934265
39021.674446,154.464554,18.588654,125.373398
39021.715752,154.449142,18.326889,125.358551
39021.757056,154.310684,18.339340,125.424454
39021.798363,154.506180,18.446609,125.403625
39021.839667,154.140060,18.682938,125.262573
39021.880970,154.521591,18.463699,125.227097
39021.922274,154.315323,18.429337,125.392273
39021.963577,154.227829,18.668457,125.509354
39022.004881,154.498993,18.449478,125.170959
39022.046186,154.610229,18.535370,125.305405
39022.087493,154.420700,18.729828,125.308487
39022.128798,154.436295,18.671692,125.136536
39022.170100,154.477051,18.534882,125.353058
39022.211403,154.599548,18.425079,124.964890
39022.252708,154.626434,18.413681,125.282196
39022.294013,154.472214,18.508514,125.279602
39022.335320,154.537186,18.291153,125.279617
39022.376624,154.466766,18.140411,125.679428
39022.417929,154.528641,18.260498,125.081955
39022.459232,154.405579,18.426468,125.287247
39022.500537,154.522232,18.151672,125.396439
39022.541841,154.522064,18.294678,125.486557
39022.583145,154.390503,18.231415,125.487671
39022.624448,154.542923,18.240616,125.219604
39022.665752,154.503174,18.356766,125.353882
39022.707058,154.588455,18.348389,125.277679
39022.748365,154.488205,18.533707,125.257599
39022.789672,154.543961,18.345444,125.418839
39022.830978,154.604904,18.545898,125.416718
39022.872285,154.614929,18.358200,125.366180
39022.913592,154.476105,18.166809,125.315399
39022.954896,154.641296,18.181564,125.770691
39022.996199,154.589005,18.228775,125.772202
39023.037502,154.661743,18.219727,125.835022
39023.078807,154.579437,18.223938,125.764359
39023.120114,154.600983,18.059418,125.670578
39023.161417,154.631226,18.102844,125.894989
39023.202721,154.590271,18.265228,125.487198
39023.244027,154.601898,18.396683,125.421204
39023.285332,154.746063,18.218002,125.429062
39023.326635,154.698166,18.316681,125.164505
39023.367940,154.869461,18.121658,125.015717
39023.409244,154.530167,18.566040,125.548218
39023.450548,154.625580,18.522217,125.463745
39023.491852,154.707642,18.341629,125.352753
39023.533158,154.818405,18.187988,125.120712
39023.574464,154.743790,18.225845,125.150452
39023.615773,154.585312,18.027451,125.629593
39023.657078,154.563553,18.153656,125.593628
39023.698386,154.530334,18.223160,125.525955
39023.739693,154.527573,17.997406,125.562988
39023.781003,154.482681,18.091751,125.722946
39023.822310,154.536957,18.167343,125.362625
39023.863621,154.585983,18.082016,125.275909
39023.904929,154.545547,18.189560,125.261215
39023.946235,154.580246,17.992004,125.316681
39023.987544,154.446960,18.318924,125.407486
39024.028852,154.769791,18.036560,125.510727
39024.070160,154.832703,18.260590,125.673508
39024.111468,154.640503,18.280289,125.302414
39024.152774,154.513229,18.111267,125.582306
39024.194078,154.370209,18.226028,125.607681
39024.235383,154.354568,18.049332,125.697769
39024.276688,154.404648,18.232864,125.635925
39024.317991,154.442520,18.112289,125.843124
39024.359295,154.609329,18.237717,125.461334
39024.400601,154.511139,18.216141,125.582428
39024.441905,154.488159,18.139053,125.571594
39024.483208,154.533844,18.317459,125.637817
39024.524513,154.419647,18.123428,125.275848
39024.565820,154.608459,18.263199,125.187302
39024.607127,154.960739,18.078522,125.284805
39024.648435,154.780991,18.207214,125.195221
39024.689740,154.790756,17.970291,125.112808
39024.731047,154.858246,18.050858,125.257431
39024.772354,154.876923,18.169388,125.158356
39024.813661,154.891556,17.820938,125.470795
39024.854966,154.866028,18.029648,125.282639
39024.896274,154.627426,18.066589,125.799057
39024.937582,154.847610,17.978134,125.447998
39024.978890,154.523132,18.216263,125.724106
39025.020198,154.618576,18.233261,125.564072
39025.061505,154.681839,18.327789,125.439560
39025.102811,154.813919,18.189697,125.647598
39025.144115,154.819519,18.468979,125.236191
39025.185417,154.726776,18.522125,125.195755
39025.226720,154.613495,18.490494,125.250565
39025.268023,154.845749,18.150803,125.435196
39025.309327,154.757141,18.431030,125.404037
39025.350631,154.671417,18.594727,125.205856
39025.391938,154.713394,18.393036,125.044205
39025.433243,154.628647,18.397507,125.058182
39025.474548,154.740906,18.044312,125.443665
39025.515852,154.694000,18.284058,125.461853
39025.557155,154.666489,18.304703,125.160568
39025.598458,154.556915,18.239212,125.251129
39025.639762,154.710327,18.242020,125.589127
39025.681066,154.629715,18.269287,125.743347
39025.722368,154.806396,18.221786,125.593811
39025.763670,154.615616,18.266830,125.302399
39025.804973,154.621628,18.482956,125.356323
39025.846276,154.919968,18.157379,125.253113
39025.887581,154.957336,18.361954,125.764526
39025.928884,154.541077,18.247665,125.578857
39025.970188,154.754211,18.300491,125.565125
39026.011492,154.627594,18.320694,125.743103
39026.052795,154.832581,18.271561,125.687332
39026.094099,154.861542,17.967377,125.715469
39026.135404,154.586777,18.228577,125.497986
39026.176707,154.672928,18.259201,125.474747
39026.218013,154.810318,18.049881,125.825089
39026.259313,154.668503,18.152069,125.731598
39026.300614,154.767868,18.355087,125.572266
39026.341914,154.902481,18.119995,125.525070
39026.383212,154.528732,18.183640,125.608444
39026.424512,154.928543,18.156662,125.431580
39026.465813,154.764587,18.060486,125.549316
39026.507114,154.634140,18.502014,125.523483
39026.548417,154.798370,18.268753,125.397476
39026.589717,154.744598,18.276993,125.326950
39026.631022,154.799301,18.310547,125.565704
39026.672327,154.725891,18.324127,125.684219
39026.713630,154.706940,17.929886,125.455231
39026.754932,154.546844,18.028290,125.427826
39026.796236,154.427856,18.053162,125.719315
39026.837542,154.488968,18.302917,125.557159
39026.878844,154.704651,18.242676,125.585907
39026.920143,154.653030,18.094543,125.286697
39026.961445,154.586304,18.235886,125.388351
39027.002747,154.719315,18.110794,125.643234
39027.044048,154.678299,18.383484,125.208237
39027.085352,154.735367,18.386871,125.430084
39027.126654,154.682175,18.252945,125.552536
39027.167958,154.519485,18.428177,125.538666
39027.209258,154.604233,18.394012,125.369461
39027.250560,154.811981,18.282562,125.409164
39027.291862,154.545303,18.350388,125.541901
39027.333166,154.640030,18.109711,125.457016
39027.374470,154.609100,18.151001,125.425171
39027.415773,154.733704,18.015686,125.394302
39027.457075,154.622452,18.107697,125.420212
39027.498379,154.476639,18.092667,125.585144
39027.539681,154.733734,18.112228,125.593613
39027.580985,154.520706,18.234329,125.633011
39027.622287,154.621124,18.205826,125.270248
39027.663588,154.757858,18.264832,125.355072
39027.704891,154.575180,18.313156,125.111343
39027.746192,154.551285,18.402466,125.302414
39027.787495,154.563690,18.231461,125.202316
39027.828798,154.779358,18.043060,125.383286
39027.870103,154.724197,18.338959,125.463928
39027.911405,154.471375,18.352158,125.379715
39027.952709,154.515930,18.270660,125.230820
39027.994011,154.304901,18.304993,124.978485
39028.035313,154.592468,18.307953,125.055405
39028.076614,154.516083,18.321091,125.382111
39028.117915,154.372284,18.136841,125.534378
39028.159218,154.376541,18.129471,125.495743
39028.200519,154.679993,18.054779,125.136871
39028.241821,154.506714,18.116852,125.045837
39028.283126,154.708099,17.987030,124.914734
39028.324428,154.370178,18.084152,124.990158
39028.365730,154.662827,18.060211,125.405075
39028.407034,154.660049,18.061356,125.379990
39028.448338,154.714005,18.157578,125.518784
39028.489641,154.733475,17.931992,125.563919
39028.530945,154.716003,18.102234,125.600510
39028.572249,154.473999,18.136810,125.554581
39028.613551,154.581009,18.217545,125.306442
39028.654853,154.364594,18.027557,125.802185
39028.696156,154.501114,18.106644,125.810730
39028.737457,154.566727,18.055756,125.827759
39028.778757,154.268494,18.227432,125.626556
39028.820059,154.389175,18.173492,125.658554
39028.861360,154.390533,18.377411,125.505142
39028.902660,154.554565,18.353638,125.681335
39028.943960,154.377625,18.248505,125.528824
39028.985262,154.577194,18.150208,125.922104
39029.026565,154.449860,18.321609,125.693848
39029.067868,154.364868,18.188370,125.466980
39029.109171,154.563629,18.345764,125.327103
39029.150476,154.590057,18.402161,125.489014
39029.191777,154.430420,18.094040,125.544449
39029.233078,154.387482,18.118149,125.713150
39029.274379,154.454666,18.246841,125.685593
39029.315680,154.373322,18.147858,125.674606
39029.356985,154.366486,18.028137,125.717010
39029.398289,154.501175,18.094666,125.625458
39029.439592,154.497986,18.159256,125.750000
39029.480897,154.392502,18.282074,125.938995
39029.522201,154.527435,18.405960,125.333160
39029.563503,154.498199,18.377853,125.429565
39029.604805,154.500992,18.258575,125.534042
39029.646106,154.507706,18.382980,125.357315
39029.687408,154.368881,18.431824,125.364975
39029.728710,154.638016,18.384537,125.516495
39029.770013,154.439194,18.178101,125.425690
39029.811315,154.595230,18.128326,125.426712
39029.852618,154.419800,18.279770,125.584320
39029.893924,154.429092,18.212143,125.681976
39029.935228,154.485809,18.174545,125.628906
39029.976532,154.363220,18.205063,125.618240
39030.017837,154.577667,18.283951,125.574585
39030.059141,154.477020,18.369949,125.338348
39030.100445,154.442886,18.263794,125.341446
39030.141750,154.530304,18.398041,125.530899
39030.183056,154.282898,18.485046,125.750183
39030.224361,154.451447,18.520737,125.836014
39030.265665,154.291702,18.605423,125.375504
39030.306970,154.662354,18.194550,125.381332
39030.348273,154.226410,18.359222,125.353500
39030.389576,154.555847,18.231995,125.389511
39030.430880,154.530075,18.248489,125.588989
39030.472183,154.614929,18.115753,125.825623
39030.513485,154.664459,18.181351,125.725113
39030.554787,154.654083,18.065125,125.809464
39030.596090,154.742554,18.021927,125.608414
39030.637394,154.522568,18.317520,125.821075
39030.678700,154.578857,18.187744,125.648392
39030.720004,154.578217,18.202927,125.770401
39030.761309,154.563980,18.444687,125.785751
39030.802611,154.661362,18.263062,125.599167
39030.843913,154.770615,18.189636,125.458755
39030.885217,154.716003,18.232498,125.627609
39030.926517,154.537598,18.183640,125.574677
39030.967818,154.887085,18.192474,125.229889
39031.009116,154.797043,18.326462,125.240494
39031.050419,154.950928,18.143295,125.443451
39031.091722,154.630112,18.232666,125.776230
39031.133023,154.683167,18.337173,125.467941
39031.174326,154.699722,18.324081,125.431488
39031.215627,154.747543,18.008850,125.537704
39031.256928,154.567917,18.065842,125.654083
39031.298231,154.859421,18.039246,125.630066
39031.339531,154.726181,18.187378,125.147446
39031.380830,154.683319,18.254715,125.187607
39031.422130,154.520065,18.378738,125.636932
39031.463429,154.634933,18.531830,125.174438
39031.504729,154.861084,18.293320,125.072662
39031.546031,154.710114,18.406693,125.026169
39031.587332,154.738922,18.306610,125.269928
39031.628633,154.655396,18.514206,125.074249
39031.669933,154.713394,18.119247,125.465302
39031.711232,154.450394,18.359070,125.660934
39031.752534,154.584137,18.196960,125.345551
39031.793838,154.599731,18.367126,125.177826
39031.835139,154.709747,18.157745,125.290222
39031.876442,154.699844,18.316147,125.261047
39031.917744,154.482330,18.513779,125.539993
39031.959045,154.587463,18.185287,125.401306
39032.000348,154.525604,18.214523,125.349457
39032.041650,154.720566,18.168198,125.127884
39032.082951,154.498886,18.299393,124.995789
39032.124251,154.639084,18.536621,125.111893
39032.165551,154.432358,18.518616,125.283936
39032.206854,154.574539,18.367371,125.373032
39032.248153,154.470657,18.307495,124.968109
39032.289452,154.594482,18.181061,125.293503
39032.330752,154.740341,18.108109,125.380219
39032.372052,154.787277,18.006561,125.403702
39032.413352,154.598877,18.243500,125.381531
39032.454652,154.608734,17.828491,125.120193
39032.495953,154.559814,18.175308,125.331711
39032.537254,154.437683,18.146042,125.298477
39032.578554,154.530258,18.115906,125.183472
39032.619854,154.646103,18.079453,125.172226
39032.661153,154.612610,18.310730,125.397369
39032.702453,154.567627,18.164291,125.321213
39032.743754,154.638580,17.975937,124.939484
39032.785052,154.613022,18.124390,125.217239
39032.826351,154.614731,18.276138,125.104218
39032.867652,154.690369,18.178223,124.869354
39032.908954,154.805695,18.101166,124.979507
39032.950257,154.484039,17.921188,125.262360
39032.991561,154.525360,18.227325,125.541779
39033.032862,154.618164,18.144821,125.226624
39033.074164,154.641235,18.115219,125.373428
39033.115467,154.515793,18.026276,125.365112
39033.156769,154.526855,18.193375,125.905060
39033.198073,154.492935,17.965744,125.582657
39033.239376,154.679153,18.130600,125.310333
39033.280678,154.698456,18.207840,125.432587
39033.321981,154.627441,18.242096,125.362808
39033.363282,154.676437,18.113068,125.416519
39033.404583,154.521637,18.021820,125.310013
39033.445885,154.578873,18.236252,125.257919
39033.487188,154.642410,18.210281,125.386902
39033.528493,154.626419,18.313873,125.258286
39033.569799,154.394989,18.115677,125.390366
39033.611100,154.448914,18.219772,125.405029
39033.652403,154.591873,18.057983,125.643372
39033.693706,154.614838,18.201981,125.383896
39033.735009,154.792236,18.450073,125.468262
39033.776311,154.480728,18.118301,125.092911
39033.817616,154.658356,18.086182,125.378357
39033.858917,154.672958,18.133713,125.248062
39033.900218,154.817490,18.092728,125.429962
39033.941519,154.611664,18.050186,125.225754
39033.982819,154.763901,18.105347,125.353668
39034.024121,154.753082,18.011459,125.251373
39034.065421,154.593521,18.100479,125.115356
39034.106717,154.551361,18.204895,124.906555
39034.148018,154.503494,18.264359,125.420013
39034.189321,154.513199,18.113480,125.472473
39034.230621,154.582626,18.138107,125.166199
39034.271923,154.684097,17.853241,125.136719
39034.313224,154.654312,17.989761,125.109070
39034.354526,154.522934,18.016830,125.406494
39034.395830,154.753891,18.079071,125.495438
39034.437134,154.569656,18.069550,125.099442
39034.478438,154.612473,18.073029,125.450394
39034.519740,154.687714,18.140518,125.334900
39034.561043,154.498306,18.371246,125.068588
39034.602346,154.647034,18.126404,125.351028
39034.643648,154.452133,18.214706,125.394089
39034.684953,154.654877,18.302719,125.192154
39034.726255,154.449875,18.035278,125.320862
39034.767558,154.568207,18.194214,125.343384
39034.808860,154.476608,18.017014,125.379547
39034.850163,154.335205,17.959991,125.262512
39034.891466,154.402176,17.968323,125.479477
39034.932768,154.578430,18.050690,125.563065
39034.974069,154.382614,18.195801,125.640228
39035.015373,154.531174,17.962967,125.460846
39035.056673,154.528503,17.985641,125.576538
39035.097973,154.469284,18.301544,125.268143
39035.139272,154.397827,18.046921,125.221405
39035.180574,154.431015,18.205185,125.581177
39035.221875,154.572037,18.193344,125.412155
39035.263176,154.723511,18.178818,125.299240
39035.304480,154.459778,18.219757,125.565811
39035.345782,154.495453,18.421509,125.089157
39035.387085,154.457489,18.320511,124.896103
39035.428388,154.417938,18.280411,124.963013
39035.469689,154.515137,18.174316,125.260208
39035.510992,154.486877,18.022415,125.194977
39035.552294,154.668030,17.937149,125.185318
39035.593596,154.548416,18.106140,125.094116
39035.634897,154.489716,18.115707,125.590118
39035.676199,154.479050,18.309311,125.477127
39035.717501,154.470978,18.112976,125.638229
39035.758801,154.564041,18.098267,125.375259
39035.800100,154.575500,18.387680,125.351273
39035.841401,154.420822,18.162979,125.650970
39035.882703,154.363815,18.256561,125.280029
39035.924005,154.483215,18.262024,125.054962
39035.965307,154.466339,18.078064,125.030441
39036.006608,154.505188,18.128830,125.092972
39036.047910,154.608994,18.180267,125.017853
39036.089213,154.639282,17.913391,125.164795
39036.130515,154.648712,18.115250,125.179611
39036.171818,154.644455,17.948807,125.332840
39036.213122,154.875641,17.943893,125.212463
39036.254427,154.589844,18.202240,125.545303
39036.295732,154.677841,18.123993,125.486389
39036.337039,154.653214,18.074905,125.530884
39036.378343,154.499130,18.313049,125.583359
39036.419649,154.767624,18.244217,125.074509
39036.460957,154.857605,17.992767,125.094009
39036.502262,154.566330,18.150223,125.138306
39036.543566,154.603714,18.324768,124.730682
39036.584870,154.744247,18.162872,125.013153
39036.626175,154.713440,18.167358,125.073166
39036.667480,154.609390,17.859222,125.094482
39036.708785,154.684372,17.760483,125.124298
39036.750088,154.644272,18.033157,125.083008
39036.791395,154.789642,18.195282,125.405899
39036.832703,154.696320,17.924835,125.145172
39036.874009,154.522690,17.965683,125.438385
39036.915314,154.858810,17.983749,125.386246
39036.956620,154.815765,18.227417,125.248627
39036.997924,154.659424,18.326492,125.048279
39037.039227,154.703690,18.060699,125.318359
39037.080530,154.790176,18.213684,125.050201
39037.121835,154.743332,18.146866,125.075363
39037.163140,154.687988,18.184555,124.903580
39037.204445,154.947937,18.197205,125.086304
39037.245752,154.664001,18.065842,124.860977
39037.287060,154.814148,18.106201,125.247116
39037.328367,154.655441,18.068558,125.305466
39037.369673,154.654404,18.110474,125.258957
39037.410978,154.678238,17.844971,125.014267
39037.452286,154.675446,17.921249,125.126602
39037.493593,154.635101,17.833618,125.367462
39037.534898,154.728409,17.759628,125.476288
39037.576204,154.784439,17.851166,125.138992
39037.617511,154.929657,18.132706,125.491882
39037.658815,154.810364,18.233276,125.149902
39037.700119,154.859573,18.001328,125.218658
39037.741422,154.757904,17.998337,125.446259
39037.782727,154.558487,18.214676,125.551590
39037.824033,154.889404,18.054428,125.282562
39037.865335,154.758331,18.252304,125.335236
39037.906639,154.849548,17.961121,125.475357
39037.947943,154.821121,18.068726,125.362274
39037.989245,154.868835,17.968704,125.095078
39038.030548,155.011765,17.883545,125.565033
39038.071851,154.766541,18.028854,125.129593
39038.113155,154.836517,17.941422,125.548370
39038.154459,154.899521,17.934082,125.456436
39038.195761,154.525436,17.817474,125.454193
39038.237065,154.818878,18.068512,125.314987
39038.278369,154.903412,17.937759,125.266586
39038.319675,154.957825,17.984436,125.589706
39038.360979,154.935104,17.935242,125.314194
39038.402285,154.900909,18.129044,124.898148
39038.443590,154.959869,18.188721,124.979660
39038.484897,154.793854,18.019440,125.218307
39038.526203,154.735260,18.181747,125.398514
39038.567506,154.788422,18.037094,125.401871
39038.608809,154.599823,18.092239,125.407928
39038.650114,154.772644,17.966476,125.409027
39038.691419,154.706039,17.952332,125.301697
39038.732724,154.676346,17.850067,125.646332
39038.774027,154.815033,18.030731,125.252457
39038.815328,154.664429,18.296356,125.238419
39038.856632,154.719345,17.974335,125.277252
39038.897934,154.861191,18.097000,125.408218
39038.939235,154.700974,18.183670,125.486832
39038.980534,154.610977,18.257996,125.130432
39039.021833,154.655960,18.376968,125.071701
39039.063138,154.707260,18.359390,125.194778
39039.104440,154.879120,18.080582,125.392609
39039.145745,154.765884,18.022888,125.286896
39039.187048,154.809219,17.975647,125.568924
39039.228351,154.419235,18.086700,125.521194
39039.269653,154.589981,18.082825,125.552048
39039.310957,154.586700,18.302124,125.340683
39039.352259,154.350204,18.190063,125.291687
39039.393563,154.694672,17.956619,125.367386
39039.434866,154.716339,18.203888,125.685532
39039.476168,154.753952,18.290649,125.572006
39039.517471,154.430099,18.429199,125.530762
39039.558774,154.411942,18.464584,125.304703
39039.600077,154.661743,18.248062,125.383957
39039.641381,154.632919,18.084488,125.377487
39039.682686,154.527893,18.193390,125.222565
39039.723988,154.570053,18.318604,125.093979
39039.765292,154.516754,18.137619,125.845398
39039.806593,154.859482,18.109711,125.796753
39039.847895,154.730087,18.164444,125.507706
39039.889199,154.555435,18.209946,125.786789
39039.930501,154.529434,18.286758,125.571487
39039.971802,154.470978,18.380844,125.491837
39040.013105,154.670715,18.400925,125.325851
39040.054409,154.485764,18.346481,125.378967
39040.095712,154.440842,18.518738,125.259918
39040.137015,154.483109,18.391357,125.284851
39040.178321,154.604630,18.144485,125.405731
39040.219625,154.582825,18.407059,124.838638
39040.260925,154.646072,18.367355,125.203049
39040.302225,154.497162,18.158691,125.314529
39040.343528,154.684204,18.149689,124.956985
39040.384831,154.379501,18.171463,125.439713
39040.426131,154.495239,18.204956,125.259628
39040.467434,154.561783,18.211243,125.079758
39040.508735,154.566635,18.191528,125.222107
39040.550037,154.513794,18.039505,125.701492
39040.591338,154.586578,18.079330,125.500427
39040.632641,154.375504,18.120682,125.352722
39040.673943,154.645615,18.053070,125.233002
39040.715245,154.596863,18.237122,125.215973
39040.756549,154.593323,18.202316,124.870987
39040.797850,154.470734,18.102859,125.438751
39040.839155,154.432617,18.031845,125.302155
39040.880458,154.411133,18.235550,125.301178
39040.921761,154.721130,17.927963,125.212646
39040.963065,154.288025,18.123779,125.054657
39041.004368,154.482666,17.903549,125.275055
39041.045674,154.455093,18.136368,125.244263
39041.086978,154.435760,18.155792,125.357117
39041.128280,154.311279,18.373062,125.248505
39041.169583,154.407211,18.124405,125.200104
39041.210885,154.154434,18.217361,125.450012
39041.252190,154.076172,18.132828,125.575439
39041.293494,154.203735,18.258728,125.413422
39041.334799,154.361374,18.265579,125.315399
39041.376103,154.241547,18.342514,125.222748
39041.417406,154.271133,18.148178,125.242691
39041.458711,154.159256,18.448166,125.492630
39041.500017,154.163391,18.379303,125.181915
39041.541322,154.423309,18.094498,125.553024
39041.582627,154.343826,18.002731,125.514145
39041.623932,154.404449,17.943954,125.691666
39041.665236,154.286957,17.981308,125.783722
39041.706540,154.211563,18.040558,125.689545
