165753.079519,148.545471,16.139847,128.956726
165753.120810,148.280624,16.050034,129.535385
165753.162102,148.486725,16.339355,128.883682
165753.203393,148.266769,16.502182,128.867966
165753.244687,148.327957,15.936386,128.678116
165753.285982,148.460754,15.976639,128.864120
165753.327275,148.351913,16.116577,128.742310
165753.368568,148.379868,16.171234,129.116180
165753.409858,148.273911,15.857483,129.023056
165753.451150,148.577988,15.922714,129.040115
165753.492443,148.563080,15.759903,129.270218
165753.533735,148.320557,15.916946,129.026291
165753.575022,148.421082,16.074463,128.776627
165753.616312,148.062775,16.302551,129.230255
165753.657603,148.255951,16.234802,129.170456
165753.698896,147.960556,16.140732,129.311829
165753.740187,148.182739,16.262894,129.173660
165753.781478,148.095520,16.213562,128.805450
165753.822772,148.451218,16.241592,128.970886
165753.864065,148.283463,16.486282,128.964142
165753.905355,148.131821,16.154465,129.033691
165753.946647,148.422211,16.067551,128.636520
165753.987938,148.217728,16.125778,128.764832
165754.029229,148.435074,15.915985,128.626312
165754.070522,148.245834,15.962204,128.891800
165754.111816,148.421402,16.046997,128.579254
165754.153110,148.458542,15.973984,128.870728
165754.194405,148.312820,16.052734,128.859970
165754.235695,148.285568,16.123123,128.787262
165754.276986,148.366028,16.012329,128.998138
165754.318279,148.410248,16.219589,129.020828
165754.359571,148.247635,16.109238,128.872330
165754.400862,148.068039,16.388306,128.600006
165754.442154,148.300659,16.314758,129.054413
165754.483444,148.139389,16.260468,128.847687
165754.524732,148.333282,16.360168,128.841125
165754.566021,148.416122,16.022247,129.201263
165754.607310,148.312790,16.237320,128.862030
165754.648601,148.210632,16.136642,128.974152
165754.689890,148.193527,16.141113,128.779236
165754.731181,148.295883,16.260498,129.312592
165754.772475,148.119156,16.355164,129.236023
165754.813768,148.118317,16.307175,129.145798
165754.855060,148.052887,16.346954,129.388840
165754.896353,148.286453,16.071991,129.180420
165754.937644,148.170227,16.241943,128.857925
165754.978935,148.304214,16.246338,129.315186
165755.020225,148.330887,16.245804,129.162567
165755.061516,148.460129,16.043594,129.034912
165755.102809,148.302490,16.237015,129.147751
165755.144100,148.366669,16.458069,129.343674
165755.185391,148.467819,16.186630,129.198669
165755.226685,148.343170,16.178131,129.436020
165755.267976,148.256821,16.089722,129.033081
165755.309268,148.159912,16.018417,129.428787
165755.350562,148.337250,15.966965,128.922989
165755.391855,148.385468,16.050537,129.352844
165755.433146,148.241760,16.128815,129.071686
165755.474438,148.451370,16.239594,129.095581
165755.515732,148.377411,16.082413,128.863388
165755.557021,148.109467,16.207581,129.121063
165755.598313,148.210220,16.389648,128.450699
165755.639604,148.155807,16.204346,129.029572
165755.680894,148.242905,16.099106,128.964935
165755.722186,148.342514,16.096924,128.759537
165755.763478,148.334366,16.166473,128.950073
165755.804772,148.307800,16.217499,128.822586
165755.846067,148.353622,16.080811,129.377884
165755.887361,148.345276,16.164993,129.006378
165755.928655,148.339081,16.175034,128.691849
165755.969948,148.459000,16.203522,129.135376
165756.011240,148.202499,16.379242,129.076447
165756.052534,148.238571,16.236786,129.177643
165756.093827,148.235168,16.190399,129.231720
165756.135118,148.332672,16.270203,129.180786
165756.176410,148.188736,16.404434,129.333420
165756.217703,148.440033,16.203995,129.356094
165756.258997,148.346100,16.269470,128.998703
165756.300289,148.248993,16.349670,129.047546
165756.341580,148.258408,16.119247,128.863480
165756.382871,148.254913,16.241364,128.640900
165756.424163,148.155319,16.239761,128.873917
165756.465456,148.176956,16.005569,129.148407
165756.506751,148.279022,16.165649,128.824142
165756.548048,148.100540,16.286911,129.024078
165756.589342,148.352905,16.194687,128.616348
165756.630636,148.236084,16.289291,129.121674
165756.671931,148.224792,16.141479,129.078461
165756.713220,148.220352,16.198578,129.116013
165756.754512,148.338654,16.145325,129.186722
165756.795807,148.462723,16.418060,129.119247
165756.837101,148.185272,16.406662,129.284775
165756.878395,148.531036,16.333618,129.000351
165756.919687,148.291168,16.473541,129.154907
165756.960980,148.476028,16.364899,128.984528
165757.002272,148.365692,16.416519,128.905899
165757.043567,148.304459,16.429291,128.955490
165757.084860,148.332321,16.347397,128.888840
165757.126151,148.257187,16.497253,129.177917
165757.167441,148.341400,16.416336,128.849991
165757.208732,148.195297,16.572601,128.884583
165757.250022,148.284775,16.247009,129.106079
165757.291316,148.341660,16.129990,129.440628
165757.332611,148.366257,16.315155,129.011963
165757.373902,148.509552,16.162369,128.978424
165757.415192,148.178467,16.381516,128.570358
165757.456483,148.281433,16.475998,128.923828
165757.497773,148.270447,16.484146,128.972382
165757.539061,148.279663,16.157761,128.950058
165757.580351,148.075638,16.360367,129.010208
165757.621640,148.234283,16.369919,129.080017
165757.662935,148.146652,16.409103,128.707642
165757.704228,148.138412,16.330765,129.262650
165757.745520,148.349243,16.375961,129.067383
165757.786811,148.193359,16.412766,129.027100
165757.828103,148.416183,16.258881,128.920593
165757.869394,148.463058,16.391357,129.031494
165757.910687,148.544647,16.073044,129.185013
165757.951981,148.288147,16.031998,128.996750
165757.993273,148.350098,16.297012,129.167786
165758.034564,148.310913,16.248230,128.872269
165758.075857,148.424637,16.045074,129.023956
165758.117150,148.439575,16.480438,129.217453
165758.158443,148.318863,16.441803,129.406616
165758.199736,148.161240,16.397369,128.694901
165758.241028,148.195358,16.456589,128.758820
165758.282323,148.219757,16.186768,129.369522
165758.323617,148.044037,16.461090,129.245972
165758.364913,148.389206,16.145447,129.175430
165758.406208,148.136703,16.357590,129.010406
165758.447501,148.333664,16.393387,129.263992
165758.488795,148.329697,16.087646,129.001923
165758.530088,148.281586,16.025085,128.851715
165758.571382,148.243530,16.431488,129.026901
165758.612676,148.183731,16.237030,128.720917
165758.653971,148.121170,16.303314,128.850357
165758.695266,148.373276,16.098312,128.839920
165758.736561,148.200027,16.359650,129.063629
165758.777857,148.243225,16.410309,128.806564
165758.819153,148.260864,16.283554,128.931458
165758.860447,148.525970,16.301636,128.800537
165758.901739,148.449371,16.447021,129.289108
165758.943032,148.367188,16.320145,129.218201
165758.984323,148.266373,16.245789,128.920120
165759.025611,148.213303,16.422104,129.271332
165759.066900,148.393997,16.288132,129.164230
165759.108193,148.186890,16.618103,129.433731
165759.149483,148.356812,16.252121,129.061005
165759.190775,148.268860,16.487335,129.245560
165759.232067,148.158966,16.621948,129.523209
165759.273357,148.009827,16.451157,129.178024
165759.314649,148.163330,16.214706,128.903488
165759.355942,148.050858,16.234482,129.202164
165759.397236,148.184509,16.418259,129.321823
165759.438530,148.137939,16.317673,129.434219
165759.479822,148.302628,16.286575,129.039017
165759.521113,148.363525,16.504333,129.161697
165759.562405,148.168106,16.513412,128.984695
165759.603698,148.383011,16.198364,129.159836
165759.644991,148.252182,16.325241,129.189178
165759.686284,148.292862,16.354736,129.091324
165759.727579,148.267624,16.433014,128.858368
165759.768874,148.536270,16.278412,129.183365
165759.810168,148.066147,16.616516,129.296021
165759.851461,148.278137,16.467758,128.952408
165759.892754,148.500839,16.568222,128.744843
165759.934048,148.270355,16.370255,128.806488
165759.975342,148.259720,16.527893,128.985657
165760.016637,148.378693,16.561005,128.861954
165760.057932,148.356262,16.391922,129.377121
165760.099227,148.292999,16.500824,129.099442
165760.140521,148.275192,16.709686,129.134827
165760.181814,148.288971,16.470520,129.314240
165760.223109,148.198044,16.620529,129.421005
165760.264403,148.302841,16.698456,129.181076
165760.305694,148.119843,16.550964,129.314880
165760.346986,148.384705,16.620178,129.317261
165760.388276,148.297989,16.545792,129.350876
165760.429571,148.287460,16.481506,129.127869
165760.470866,148.369263,16.411575,129.247467
165760.512159,148.310318,16.364120,129.141220
165760.553453,148.213013,16.391068,129.217712
165760.594748,148.313614,16.256836,129.006531
165760.636041,148.355988,16.416504,129.096725
165760.677336,148.184586,16.417892,129.174271
165760.718626,148.258499,16.337524,129.214081
165760.759917,148.451996,16.161865,129.085999
165760.801209,148.346069,16.330460,129.518692
165760.842502,148.090454,16.277069,129.124908
165760.883796,148.511246,16.347275,128.972244
165760.925089,148.467621,16.363937,128.995300
165760.966386,148.398026,16.217377,129.049133
165761.007682,148.260818,16.374435,128.927490
165761.048979,148.349564,16.292755,128.970261
165761.090275,148.327393,16.352844,128.847687
165761.131568,148.446487,16.417480,129.051376
165761.172861,148.264053,16.457932,129.176575
165761.214155,148.381760,16.426254,128.548676
165761.255452,148.467957,16.128464,129.011322
165761.296746,148.298798,16.034882,129.051086
165761.338037,148.234573,16.143326,129.288559
165761.379330,148.392563,16.025909,128.891296
165761.420625,148.301422,16.018188,128.873459
165761.461919,148.266724,16.036606,128.874985
165761.503212,148.314026,16.074432,128.900772
165761.544504,148.098312,16.134750,128.941956
165761.585798,148.506348,16.020004,129.094391
165761.627091,148.410004,16.334351,129.552963
165761.668383,148.291473,16.270813,129.301422
165761.709673,148.374130,16.536667,129.405289
165761.750963,148.385590,16.335541,129.141556
165761.792255,148.346069,16.414566,129.441040
165761.833548,148.386673,16.319061,129.214691
165761.874840,148.256058,16.329773,129.383179
165761.916131,148.406357,16.382431,129.439026
165761.957423,148.140610,16.376465,129.388275
165761.998715,148.229813,16.341034,129.221176
165762.040009,148.294510,16.321045,129.336990
165762.081303,148.146347,16.416214,129.426224
165762.122597,147.968674,16.548447,129.521301
165762.163890,148.144211,16.485718,129.504486
165762.205180,148.104431,16.449951,129.458527
165762.246473,148.221100,16.442062,129.415421
165762.287766,148.260727,16.321442,129.392014
165762.329062,148.256241,16.308121,129.439545
165762.370359,148.118530,16.323715,129.434967
165762.411655,148.182907,16.192123,129.435303
165762.452953,148.336746,16.362701,128.884903
165762.494249,148.469772,16.147705,129.211273
165762.535548,148.397705,16.191635,129.332626
165762.576846,148.308197,16.239349,129.039536
165762.618142,148.311844,16.342209,129.386093
165762.659439,148.341354,16.315018,129.243683
165762.700734,148.215820,16.153625,129.099380
165762.742026,148.106415,16.560272,129.420532
165762.783317,148.123169,16.284653,129.131760
165762.824610,148.130814,16.355011,129.083862
165762.865901,148.237427,16.566925,129.108109
165762.907193,148.174728,16.454620,129.397934
165762.948488,148.182220,16.386185,129.261566
165762.989784,148.123947,16.511841,129.208206
165763.031077,148.374634,16.410294,129.280853
165763.072371,148.194504,16.476532,128.975372
165763.113665,148.206284,16.440872,129.338089
165763.154958,148.362381,16.295364,129.404999
165763.196255,148.129257,16.294708,129.250061
165763.237549,148.367798,16.356140,129.429626
165763.278844,148.317703,16.425369,129.608765
165763.320138,148.147507,16.322159,129.228653
165763.361433,148.106232,16.348831,129.266983
165763.402728,148.029770,16.427155,129.839752
165763.444024,148.257904,16.435730,129.394958
165763.485321,148.228683,16.392944,129.233444
165763.526620,148.219009,16.470886,129.394836
165763.567918,148.111755,16.484909,129.309982
165763.609215,148.147034,16.314667,129.331497
165763.650512,148.322647,16.299911,129.401855
165763.691805,148.525879,16.349670,129.465561
165763.733098,148.296127,16.252243,129.530869
165763.774394,148.428375,16.236282,129.459595
165763.815687,148.217865,16.279892,129.476227
165763.856983,148.144775,16.291382,129.334351
165763.898277,148.388962,16.406662,129.371140
165763.939572,148.107285,16.296951,129.107285
165763.980867,148.329819,16.286728,129.327988
165764.022164,148.251511,16.429733,129.234741
165764.063461,148.298111,16.439362,129.311859
165764.104759,148.258362,16.338745,129.297928
165764.146055,148.289078,16.425049,128.975632
165764.187347,147.971039,16.517426,129.190903
165764.228638,148.250534,16.619827,129.279312
165764.269930,148.329575,16.439880,128.927185
165764.311222,148.401978,16.244385,128.963135
165764.352515,148.416061,16.255157,129.323456
165764.393805,148.200943,16.390854,129.029449
165764.435095,148.290253,16.478149,129.197495
165764.476389,148.192459,16.665192,128.975235
165764.517679,148.298325,16.473206,129.209030
165764.558967,148.284500,16.502472,129.161896
165764.600258,148.183899,16.371292,129.068024
165764.641548,148.261856,16.375961,128.939896
165764.682840,148.212021,16.413422,128.891205
165764.724133,148.267487,16.386108,128.959656
165764.765423,148.277039,16.463638,128.931061
165764.806715,148.274414,16.334290,129.129089
165764.848008,148.333282,16.172668,128.768250
165764.889301,148.492966,16.230469,128.831497
165764.930594,148.360306,16.288391,129.050278
165764.971888,148.243698,16.050430,128.843582
165765.013180,148.308044,16.228821,128.697327
165765.054472,148.340363,16.241150,128.989548
165765.095762,148.405441,16.176315,129.371170
165765.137051,148.279556,16.295425,128.867798
165765.178342,148.325226,16.413589,129.402802
165765.219634,148.342331,16.346313,129.060226
165765.260924,148.157043,16.386688,128.912582
165765.302214,148.212387,16.425323,128.724884
165765.343505,148.502029,16.343536,129.109451
165765.384796,148.332596,16.213333,129.004318
165765.426087,148.141251,16.333099,129.211700
165765.467378,148.338638,16.276260,129.061935
165765.508667,148.071365,16.245438,129.172623
165765.549957,147.998184,16.385406,129.465988
165765.591248,148.293640,16.232605,129.530014
165765.632538,148.298615,16.177963,129.116364
165765.673829,148.283310,16.503937,129.062164
165765.715118,148.366684,16.183411,128.740845
165765.756407,148.180939,16.504028,129.365875
165765.797696,148.456741,16.169510,128.969757
165765.838989,148.207687,16.177856,129.125015
165765.880283,148.141647,16.188080,129.031067
165765.921579,148.252243,16.214539,129.189590
165765.962872,148.323700,16.342331,129.229370
165766.004163,148.424728,16.200912,129.040741
165766.045455,148.359863,16.151733,129.043060
165766.086750,148.550613,16.091827,129.068253
165766.128043,148.218964,16.073410,128.971893
165766.169336,148.486664,16.002991,129.424103
165766.210629,148.566208,15.911682,129.244659
165766.251920,148.449753,15.894104,128.955261
165766.293214,148.427353,16.174454,129.039322
165766.334508,148.372177,16.136902,129.216385
165766.375798,148.298782,16.174469,129.223190
165766.417089,148.431839,16.147018,129.410309
165766.458382,148.202774,16.409897,129.265961
165766.499675,148.478180,16.083511,129.204666
165766.540970,148.489487,16.293320,129.149490
165766.582266,148.579681,16.119156,128.797058
165766.623562,148.499741,16.189056,128.922028
165766.664861,148.471069,16.182480,129.255173
165766.706157,148.477798,16.018417,128.939026
165766.747453,148.629608,16.048019,128.930252
165766.788746,148.674744,16.246765,129.015656
165766.830040,148.347137,16.135300,129.421005
165766.871333,148.613953,16.136276,129.052444
165766.912626,148.401352,16.177353,129.029922
165766.953918,148.671280,16.157135,129.438721
165766.995212,148.410583,16.177139,129.515884
165767.036506,148.578201,15.905258,129.258820
165767.077800,148.493240,16.216965,128.967651
165767.119093,148.608444,16.262177,129.089508
165767.160386,148.541077,16.466537,128.927246
165767.201680,148.415375,16.183334,129.218155
165767.242975,148.315430,16.387329,129.325562
165767.284271,148.359177,16.178848,128.857819
165767.325567,148.375931,16.280655,129.038086
165767.366863,148.278473,16.192184,129.089813
165767.408157,148.236588,16.057327,129.425766
165767.449452,148.275436,15.916550,128.903763
165767.490746,148.444977,15.885193,128.973236
165767.532040,148.284225,16.242767,129.333481
165767.573335,148.226440,16.123978,129.280441
165767.614625,148.430389,16.122269,129.079880
165767.655916,148.439392,16.055466,128.787155
165767.697208,148.332428,16.073532,129.228745
165767.738499,148.477844,16.221588,128.765259
165767.779793,148.410492,16.026810,128.895355
165767.821086,148.573166,16.128891,128.932205
165767.862380,148.673904,16.014099,128.985931
165767.903674,148.674911,15.939011,129.054123
165767.944968,148.706345,16.153381,129.123215
165767.986263,148.581177,16.082291,129.322556
165768.027558,148.588272,15.995132,129.229126
165768.068854,148.604630,16.076538,129.376740
165768.110147,148.458878,16.163208,129.436386
165768.151443,148.398605,16.176956,129.095108
165768.192739,148.598083,15.908112,129.271698
165768.234033,148.600082,16.135468,129.152206
165768.275329,148.428192,16.178635,129.470596
165768.316622,148.530914,16.099960,128.954330
165768.357915,148.578003,15.871704,129.028534
165768.399209,148.470444,16.022369,129.042084
165768.440502,148.776321,15.721359,129.409317
165768.481795,148.610031,15.876892,128.772079
165768.523090,148.645950,16.195343,128.975098
165768.564387,148.464630,16.086823,129.102036
165768.605680,148.344055,16.050446,129.178345
165768.646972,148.424438,15.873199,128.995483
165768.688266,148.519958,15.901932,129.240219
165768.729558,148.733078,15.960693,129.100021
165768.770848,148.637009,15.905411,129.109863
165768.812140,148.489120,16.125168,129.047104
165768.853433,148.432098,16.154602,129.154800
165768.894727,148.410721,16.392792,129.442719
165768.936021,148.395630,16.197723,129.312332
165768.977316,148.516678,16.285995,129.162796
165769.018608,148.528610,16.068237,129.337646
165769.059902,147.998978,16.384308,129.238617
165769.101195,148.547287,16.113586,129.234497
165769.142487,148.248077,16.041382,129.170410
165769.183781,148.532288,16.137787,128.841797
165769.225074,148.349899,16.191925,129.176102
165769.266368,148.375336,15.842438,129.095978
165769.307663,148.146942,16.175949,129.009644
165769.348959,148.318222,16.070480,129.349304
165769.390255,148.383118,15.985214,129.485443
165769.431551,148.254822,16.227478,129.467834
165769.472846,148.311462,16.218872,128.827118
165769.514139,148.354492,16.207138,129.085114
165769.555434,148.589020,16.261520,129.087128
165769.596730,148.531235,16.122818,128.949432
165769.638023,148.538605,16.248932,129.007782
165769.679320,148.642532,16.071365,129.078506
165769.720617,148.625748,15.918671,128.973328
165769.761914,148.620819,16.351074,129.064743
165769.803210,148.582352,16.036148,129.063461
165769.844506,148.492432,16.225967,129.115311
165769.885800,148.633240,15.899857,129.271332
165769.927096,148.489090,16.192825,129.239059
165769.968391,148.513855,16.033356,129.004700
165770.009684,148.554337,15.902191,128.873871
165770.050976,148.416351,15.980698,129.269638
165770.092268,148.434937,16.198288,129.204849
165770.133558,148.549057,15.956131,128.973694
165770.174849,148.285934,15.933151,129.029709
165770.216141,148.272781,16.113800,128.954697
165770.257432,148.386002,16.074203,129.013336
165770.298723,148.377914,16.104416,129.160721
165770.340016,148.195496,16.361282,129.018188
165770.381309,148.452286,16.180313,129.409409
165770.422602,148.196625,15.944458,129.073364
165770.463895,148.347305,16.091003,129.163040
165770.505190,148.323822,16.138443,129.082352
165770.546486,148.255356,16.034439,129.371933
165770.587783,148.534073,15.953384,129.198883
165770.629077,148.463242,16.169113,129.105057
165770.670372,148.493912,16.025803,129.007690
165770.711667,148.302948,16.054535,128.885269
165770.752959,148.460190,16.215698,128.944946
165770.794251,148.591064,16.092621,129.098297
165770.835541,148.585098,16.139847,129.018021
165770.876832,148.477539,16.240601,129.342758
165770.918125,148.537323,16.050385,129.104279
165770.959417,148.513779,16.060410,129.092804
165771.000711,148.622818,16.132767,129.118912
165771.042002,148.247925,16.302872,129.110245
165771.083295,148.355560,16.008926,128.990204
165771.124589,148.319168,16.115662,129.165833
165771.165882,148.283752,16.183060,129.446594
165771.207174,148.280319,16.034821,129.565933
165771.248467,148.413177,15.948944,129.601807
165771.289759,148.639359,16.045959,129.482803
165771.331053,148.727753,16.004181,129.163101
165771.372345,148.319794,15.975861,128.902100
165771.413638,148.411850,16.081436,129.413055
165771.454932,148.438751,16.112274,129.410095
165771.496225,148.527710,16.126587,129.265778
165771.537517,148.320572,16.344604,129.309921
165771.578811,148.532135,16.294418,129.431290
165771.620103,148.330017,16.004944,129.792206
165771.661395,148.262848,16.065826,129.662415
165771.702687,148.295792,16.170837,129.445236
165771.743980,148.208420,16.381226,129.534012
165771.785274,148.442047,16.164963,129.736053
165771.826567,148.304321,16.001968,129.393585
165771.867861,148.359055,16.111603,129.577927
165771.909156,148.372650,16.277359,129.615860
165771.950450,148.387451,16.171509,129.654739
165771.991745,148.501160,16.135635,129.228607
165772.033040,148.374222,16.050461,129.258011
165772.074336,148.249405,16.162689,129.592804
165772.115633,148.476700,15.999191,129.350815
165772.156928,148.322678,16.027710,129.141464
165772.198224,148.393524,15.730728,128.922928
165772.239521,148.470947,16.067627,129.109375
165772.280816,148.185257,15.973740,129.674301
165772.322109,148.222183,15.958267,128.859619
165772.363403,148.520691,16.035706,129.080368
165772.404695,148.440186,15.932617,129.247879
165772.445990,148.370819,16.055801,129.445053
165772.487284,148.335449,16.115509,129.102188
165772.528577,148.487625,16.119125,129.089615
165772.569870,148.335068,15.961243,129.047989
165772.611161,148.244904,16.514694,129.168076
165772.652451,148.254059,15.923798,129.322571
165772.693744,148.286652,15.885162,129.155548
165772.735040,148.363586,16.013504,129.240601
165772.776333,148.073914,16.045334,129.209076
165772.817626,148.194839,15.938736,129.232605
165772.858918,148.247696,16.148346,129.169174
165772.900207,148.291367,15.905334,129.096680
165772.941500,148.361588,16.187973,129.160248
165772.982789,148.269272,16.154556,129.422806
165773.024081,148.309174,16.095490,129.490921
165773.065372,148.202255,16.298294,129.490891
165773.106663,148.333847,16.232117,129.365753
165773.147953,148.270737,16.251160,129.536346
165773.189246,148.332108,16.283615,129.120514
165773.230539,148.370911,16.181808,129.207840
165773.271831,148.422562,16.041016,129.191452
165773.313124,148.227448,16.431778,129.240570
165773.354418,148.264999,16.269363,129.075836
165773.395710,148.292007,16.134659,129.057907
165773.437001,148.219955,16.006470,129.250107
165773.478295,148.219086,16.209244,129.444748
165773.519588,148.240967,16.016541,129.353210
165773.560880,148.185211,16.101227,129.017624
165773.602170,148.247681,16.257111,129.250961
165773.643462,148.146652,16.384445,129.318954
165773.684754,148.071121,16.330887,129.652496
165773.726047,148.118301,16.255463,129.335114
165773.767342,148.280594,16.240112,128.793381
165773.808636,148.296722,16.158188,129.215271
165773.849931,148.053162,16.327011,129.330719
165773.891225,148.036530,16.367981,129.252090
165773.932518,148.039352,16.252518,129.398483
165773.973811,148.131683,16.276825,129.058624
165774.015105,148.343582,16.185501,129.121002
165774.056398,148.209076,16.192276,129.466583
165774.097689,148.023941,16.255753,129.505768
165774.138980,148.264679,16.323471,129.282700
165774.180273,148.232010,16.344650,129.181915
165774.221568,148.431503,16.253662,129.426102
165774.262865,148.065277,16.660797,129.220612
165774.304161,148.166000,16.649506,129.402267
165774.345452,148.259811,16.525558,129.071655
165774.386745,148.317886,16.363922,128.833374
165774.428039,148.536285,16.286316,129.097794
165774.469335,148.315338,16.379791,129.583298
165774.510631,148.304871,16.317917,129.078522
165774.551925,148.301590,16.491119,129.466110
165774.593221,148.314911,16.182068,129.566559
165774.634516,148.359711,16.285217,129.367691
165774.675810,148.389999,16.219040,129.112244
165774.717105,148.594650,16.223419,129.097321
165774.758401,148.606262,16.388184,129.377701
165774.799694,148.518829,16.220963,129.441223
165774.840988,148.363739,16.290787,129.368027
165774.882280,148.222427,16.171005,129.463211
165774.923571,148.538757,16.214569,129.215332
165774.964863,148.311768,16.524673,129.549973
165775.006158,148.413651,16.187866,129.933014
165775.047455,148.103699,16.145126,129.693314
165775.088751,148.324234,16.024582,129.647690
165775.130047,148.289368,16.124863,129.490570
165775.171342,148.059464,16.188004,129.699783
165775.212637,148.356842,16.003967,129.804489
165775.253933,148.261490,16.031311,129.390137
165775.295229,148.148392,16.257172,129.655182
165775.336525,148.130203,16.298126,129.667725
165775.377819,147.961624,16.207458,129.087891
165775.419110,148.307541,16.132721,129.473816
165775.460402,148.183243,16.341309,129.604706
165775.501698,148.398422,16.168610,129.541458
165775.542991,148.367432,16.351883,129.400589
165775.584283,148.246582,16.254059,129.636200
165775.625577,148.464722,16.395355,129.694611
165775.666868,148.459198,16.352646,129.316101
165775.708160,148.267731,16.348999,129.393082
165775.749454,148.269379,16.425247,129.698990
165775.790748,148.433060,16.351868,129.358398
165775.832040,148.295624,16.236938,129.607986
165775.873334,148.235413,16.280853,129.867355
165775.914629,148.263519,16.478683,129.591171
165775.955924,148.241959,16.420120,129.743042
165775.997217,148.077316,16.524506,129.695984
165776.038508,147.912003,16.228378,129.935974
165776.079803,148.193802,16.428131,129.631882
165776.121097,148.059570,16.397141,129.741302
165776.162392,147.969955,16.620758,129.646561
165776.203688,147.772461,16.822693,129.850296
165776.244983,148.085602,16.487076,129.575760
165776.286277,147.970459,16.415680,129.790329
165776.327572,148.273880,16.214951,129.652405
165776.368867,148.310028,16.295441,129.510864
165776.410161,148.135605,16.324722,129.316818
165776.451455,148.325516,16.143311,129.416275
165776.492749,148.222000,16.389343,129.227783
165776.534040,147.956360,16.261581,129.249527
165776.575330,148.158264,16.321655,129.355759
165776.616619,148.074234,16.482910,129.402908
165776.657908,148.040329,16.425262,129.393906
165776.699199,147.676941,16.355331,129.390839
165776.740489,147.953537,16.568634,129.152985
165776.781779,148.020844,16.469147,129.576248
165776.823070,147.966446,16.430695,129.676895
165776.864359,147.979584,16.838852,129.445328
165776.905648,148.076569,16.695374,129.470230
165776.946940,147.981720,16.620880,129.495453
165776.988231,148.066071,16.535278,128.979752
165777.029521,148.150726,16.479858,129.399139
165777.070810,148.415253,16.073349,129.669846
165777.112100,148.136063,16.168610,129.708511
165777.153390,148.338989,16.329956,129.409149
165777.194681,148.165253,16.308655,129.402039
165777.235972,148.028839,16.396255,129.243591
165777.277263,148.039948,16.251740,129.346497
165777.318553,148.223450,16.456787,129.459106
165777.359841,148.311539,16.465652,129.464508
165777.401129,148.306030,16.425644,129.739258
165777.442419,148.287079,16.483963,129.181534
165777.483709,148.280197,16.495804,129.432037
165777.525002,148.065765,16.468155,129.652237
165777.566294,148.199387,16.418549,129.083160
165777.607587,147.870773,16.336044,129.462204
165777.648879,147.919678,16.276840,129.475266
165777.690172,148.000107,16.193558,129.282089
165777.731465,148.147461,16.365158,129.659729
165777.772759,148.122986,16.348206,129.671829
165777.814053,147.969833,16.531952,129.482025
165777.855345,148.034195,16.398209,129.720490
165777.896638,148.102783,16.221146,129.481033
165777.937930,148.199844,16.431732,129.536713
165777.979222,148.037933,16.294861,129.462158
165778.020514,148.061935,16.282791,129.320267
165778.061805,148.117188,16.202713,129.450989
165778.103097,148.015335,16.187485,129.366577
165778.144388,148.167786,16.304703,129.340134
165778.185681,148.170975,16.166000,128.917282
165778.226976,148.143341,16.393661,129.349731
165778.268270,148.149796,16.164413,129.054703
165778.309566,148.073685,16.261353,129.595703
165778.350860,148.066879,16.111237,129.630264
165778.392156,148.276642,16.280579,129.726852
165778.433455,148.171783,16.274216,129.430008
165778.474751,148.082001,16.283890,129.517365
165778.516047,148.108170,16.193649,129.295990
165778.557340,148.156418,16.162918,129.380661
165778.598633,148.028732,16.535187,129.365356
165778.639927,147.929001,16.226898,129.356705
165778.681221,148.284042,16.391861,129.275894
165778.722516,148.112228,16.076324,129.388306
165778.763812,148.159225,16.495316,129.238586
165778.805109,148.350006,16.026215,129.247910
165778.846407,148.153214,16.343231,129.261749
165778.887702,148.146683,16.132568,129.645172
165778.928998,148.383270,16.061142,129.382980
165778.970293,148.315506,16.136795,129.782578
165779.011588,148.230576,16.002594,129.571014
165779.052884,148.253113,16.116287,129.800934
165779.094178,148.290741,16.093170,129.515564
165779.135472,148.132019,16.250793,129.176056
165779.176768,148.275330,16.105118,129.484344
165779.218064,148.443466,15.950104,129.567215
165779.259359,148.422897,16.068558,129.324768
165779.300655,148.503235,16.076233,129.256851
165779.341951,148.389587,15.960464,129.260254
165779.383246,148.371185,16.103058,129.399231
165779.424540,148.323059,16.106781,129.316833
165779.465833,148.524643,16.000214,129.145218
165779.507126,148.742050,15.789093,129.148666
165779.548418,148.444794,16.159851,129.376358
165779.589711,148.448395,16.188339,129.107712
165779.631004,148.439911,16.195282,129.179688
165779.672297,148.318069,16.145157,129.064011
165779.713591,148.482956,16.043808,129.072647
165779.754886,148.320847,16.058487,129.141113
165779.796182,148.387314,16.202652,129.211060
165779.837479,148.526810,15.909180,129.091782
165779.878773,148.655579,15.993271,129.161041
165779.920066,148.437393,16.166000,129.079239
165779.961358,148.567032,16.008926,129.100937
165780.002654,148.695709,15.963455,129.336243
165780.043950,148.652252,16.012817,129.062866
165780.085246,148.465820,16.065903,129.267746
165780.126541,148.470093,16.142838,128.959183
165780.167835,148.424316,16.128052,129.048767
165780.209127,148.518478,16.187378,129.026413
165780.250420,148.400467,16.209015,129.229721
165780.291713,148.363678,16.188522,129.114944
165780.333005,148.505447,16.071915,129.044327
165780.374297,148.395248,16.063629,128.927460
165780.415595,148.573853,16.136169,129.236679
165780.456892,148.706970,16.094391,128.958893
165780.498187,148.713409,15.951172,129.196228
165780.539483,148.778320,15.817886,129.101807
165780.580779,148.523163,16.214066,129.181870
165780.622074,148.508011,16.078171,129.088333
165780.663368,148.498062,16.183487,129.003052
165780.704662,148.443939,15.825333,128.931992
165780.745958,148.583893,16.007294,129.049164
165780.787254,148.554581,15.878189,129.051239
165780.828549,148.474564,16.012772,129.147186
165780.869844,148.550720,16.146774,129.402313
165780.911140,148.209320,16.071930,128.990768
165780.952436,148.409775,16.002579,129.177444
165780.993733,148.432129,15.880554,129.053574
165781.035028,148.474838,15.875229,129.395630
165781.076323,148.490860,16.034607,129.234818
165781.117615,148.345032,16.102203,129.363129
165781.158909,148.624115,15.884995,129.049728
165781.200205,148.414673,15.976227,129.296875
165781.241500,148.392593,16.023544,129.362137
165781.282795,148.241440,16.244598,129.437378
165781.324089,148.095352,15.967606,129.209244
165781.365386,148.316315,16.155945,129.437042
165781.406680,148.119110,16.085938,129.523666
165781.447973,148.425537,16.189270,129.277969
165781.489265,148.323349,16.012939,129.239426
165781.530558,148.302399,16.299316,129.306992
165781.571850,148.380020,16.338333,129.421722
165781.613143,148.376923,16.301437,129.382614
165781.654438,148.600525,16.161621,129.229492
165781.695735,148.561951,16.075745,129.446838
165781.737028,148.510559,16.038681,129.186722
165781.778319,148.286804,16.202942,129.395172
165781.819612,148.522766,16.148972,129.155792
165781.860908,148.441025,15.942917,129.253326
165781.902205,148.528229,15.997253,129.676910
165781.943498,148.341965,16.062393,129.434891
165781.984793,148.240189,15.912125,128.954788
165782.026086,148.333893,16.353561,129.416580
165782.067380,148.639572,15.993134,129.405594
165782.108674,148.552521,16.239166,129.685913
165782.149966,148.506866,16.244095,129.488907
165782.191260,148.484268,16.051743,129.320343
165782.232552,148.498352,16.252579,129.502518
165782.273848,148.602020,15.991577,129.260132
165782.315143,148.354630,16.025986,129.415329
165782.356441,148.475220,15.991653,129.308319
165782.397734,148.557419,16.002396,129.316940
165782.439028,148.818771,15.896362,129.312973
165782.480323,148.897125,15.841888,129.337067
165782.521617,148.551361,16.122070,129.259216
165782.562913,148.605804,15.912811,129.291809
165782.604207,148.790268,16.161423,129.742905
165782.645498,148.493057,16.065063,129.491425
165782.686789,148.514175,15.829437,129.635406
165782.728079,148.578506,15.841339,129.249023
165782.769372,148.449921,15.930374,129.510849
165782.810666,148.666489,15.743927,129.049683
165782.851959,148.588074,15.884995,129.744354
165782.893253,148.627701,15.882843,129.205612
165782.934549,148.607437,16.099915,129.279022
165782.975843,148.782135,15.921127,129.316833
165783.017137,148.378403,16.358093,129.157700
165783.058433,148.409698,16.209702,129.286850
165783.099729,148.458908,16.172394,129.364883
165783.141023,148.520096,15.965134,129.333435
165783.182317,148.402817,16.129105,129.232651
165783.223613,148.715057,15.978043,129.035004
165783.264908,148.465302,16.312363,129.306015
165783.306203,148.670639,16.190781,129.014038
165783.347497,148.647873,16.179367,129.365540
165783.388791,148.655655,16.200043,129.597839
165783.430086,148.541779,16.290710,129.064209
165783.471381,148.515274,16.083221,129.349472
165783.512676,148.473419,16.180618,129.365463
165783.553968,148.521912,16.043167,129.471863
165783.595263,148.513229,16.174866,129.165939
165783.636560,148.345108,16.120407,129.246750
165783.677857,148.499130,16.064072,129.297424
165783.719153,148.455109,15.895706,129.342560
165783.760449,148.192520,16.106033,129.186218
165783.801746,148.358292,16.333664,129.160431
165783.843046,148.285233,15.933914,129.081940
165783.884347,148.284027,16.287247,129.075104
165783.925645,148.495697,16.334137,129.407913
165783.966943,148.520462,16.209671,128.869370
165784.008237,148.392563,16.152695,129.228424
165784.049534,148.340195,16.230652,128.973129
165784.090832,148.333725,16.255005,129.091187
165784.132129,148.482620,16.360977,129.001266
165784.173426,148.485779,16.202408,129.197968
165784.214723,148.328476,16.172180,129.029404
165784.256020,148.476578,16.201660,129.339691
165784.297318,148.510422,16.205841,129.059860
165784.338615,148.543152,16.270554,129.283600
165784.379911,148.523575,16.319122,129.509781
165784.421207,148.474152,16.160690,129.205597
165784.462505,148.570114,16.263153,129.372192
165784.503799,148.580475,16.171249,129.242004
165784.545095,148.628189,16.164139,129.107651
165784.586394,148.528717,16.122360,129.292984
165784.627690,148.611938,16.102219,129.188431
165784.668988,148.648468,16.265488,129.028198
165784.710284,148.282455,16.142120,129.395264
165784.751581,148.506683,16.056381,129.565216
165784.792877,148.678207,16.292526,129.258896
165784.834172,148.628860,16.224564,129.448334
165784.875468,148.590103,16.048950,129.433258
165784.916764,148.655670,15.949661,129.431900
165784.958062,148.497513,16.020050,129.490036
165784.999359,148.490372,16.130844,129.220428
165785.040656,148.449783,16.191177,129.547028
165785.081956,148.390488,16.177185,129.422821
165785.123254,148.467346,16.168671,129.324387
165785.164549,148.488663,16.250534,129.435867
165785.205843,148.708176,16.132782,129.262833
165785.247140,148.559692,16.127182,129.056137
165785.288435,148.367218,16.262726,129.630234
165785.329732,148.474960,15.953003,129.361786
165785.371028,148.718811,16.112152,129.164505
165785.412327,148.689484,16.086456,129.293427
165785.453624,148.577805,16.080338,129.061508
165785.494923,148.662888,16.002670,129.338821
165785.536221,148.722794,16.013046,129.437988
165785.577520,148.644363,16.039261,129.531189
165785.618816,148.474274,16.070419,129.493881
165785.660110,148.467453,16.048859,129.482941
165785.701406,148.293915,16.151245,129.731308
165785.742700,148.663010,16.164352,129.304321
165785.783993,148.715057,16.162048,129.302841
165785.825287,148.684998,16.216461,129.273315
165785.866583,148.665176,16.054291,129.321381
165785.907880,148.755966,16.037552,129.245438
165785.949174,148.531784,16.110748,129.226959
165785.990471,148.607468,16.130905,129.366058
165786.031768,148.545914,15.931030,129.386246
165786.073067,148.201035,16.119049,129.015106
165786.114366,148.383759,15.858063,129.416855
165786.155668,148.623718,15.706619,129.333435
165786.196965,148.386749,15.868011,129.318893
165786.238261,148.459045,15.906235,129.326920
165786.279557,148.482529,16.002502,129.346939
165786.320854,148.537308,15.897476,129.872055
165786.362152,148.541580,15.895981,129.590118
165786.403450,148.678345,16.154648,129.648087
165786.444751,148.503342,16.163300,129.453766
165786.486050,148.516525,16.141953,129.899567
165786.527349,148.247086,16.469345,129.460526
165786.568648,148.476303,16.249512,129.651703
165786.609946,148.495697,16.489609,129.817017
165786.651243,148.402939,16.419754,129.381775
165786.692541,148.360718,16.089066,129.728897
165786.733839,148.199829,16.177658,129.606705
165786.775134,148.615067,16.195465,129.752075
165786.816429,148.295151,16.245605,129.568527
165786.857725,148.582443,16.257675,130.004028
165786.899020,148.437241,16.193283,129.750626
165786.940316,148.450699,15.989288,129.567200
165786.981612,148.428741,16.284592,129.557144
165787.022908,148.577545,16.104111,129.186584
165787.064202,148.523392,16.165726,129.468033
165787.105499,148.467743,16.239273,129.863663
165787.146797,148.537292,16.322891,129.696457
165787.188096,148.336456,16.302277,129.423386
165787.229393,148.268372,16.058624,129.582428
165787.270691,148.414795,16.136963,129.405121
165787.311988,148.544464,16.023453,129.585388
165787.353285,148.397751,16.081055,129.802917
165787.394581,148.481400,16.263138,129.395004
165787.435879,148.267181,15.819458,129.697449
165787.477175,148.397766,16.167847,129.256409
165787.518470,148.505524,16.010864,129.717422
165787.559768,148.309113,16.062912,129.922791
165787.601063,148.333740,16.310165,129.800888
165787.642357,148.332214,16.079849,129.612473
165787.683653,148.210968,16.382355,129.867920
165787.724949,148.357651,16.109238,129.897415
165787.766246,148.286148,16.195923,129.565521
165787.807544,148.366287,16.046341,129.666077
165787.848842,148.337769,16.207291,129.169861
165787.890137,148.269913,16.183304,129.894699
165787.931435,148.462173,15.977814,129.496231
165787.972731,148.367493,16.020859,129.607880
165788.014029,148.444824,16.166824,129.958374
165788.055327,148.460663,16.394684,129.729202
165788.096623,148.319855,16.050980,129.825256
165788.137919,148.183853,16.283951,129.650116
165788.179215,148.302307,16.393066,129.688522
165788.220509,148.320404,16.336090,129.642914
165788.261806,148.310730,16.453934,129.401291
165788.303101,148.142715,16.307419,129.639740
165788.344396,148.274109,16.426453,129.556061
165788.385690,148.678543,16.136551,129.579025
165788.426985,148.189880,16.547653,129.785202
165788.468280,148.394836,16.334946,129.658142
165788.509579,148.350555,16.370529,129.481079
165788.550875,148.467484,16.316956,129.711426
165788.592173,148.311829,16.271698,129.886932
165788.633470,148.404648,16.150864,129.848801
165788.674766,148.307144,16.253021,129.693314
165788.716061,148.264297,16.364166,129.699707
165788.757358,148.404648,16.306519,129.789139
165788.798653,148.207642,16.072723,129.600861
165788.839949,148.372772,16.098953,129.564697
165788.881246,148.200699,16.102997,129.554031
165788.922544,148.177505,16.461639,129.937378
165788.963839,148.264587,16.267654,129.902481
165789.005136,148.175613,15.998199,129.471420
165789.046433,148.343948,16.009506,129.811111
165789.087729,148.180542,16.029129,129.767471
165789.129023,148.130280,16.340332,129.641556
165789.170324,148.056702,16.176682,129.707779
165789.211621,148.300385,16.237595,129.883499
165789.252917,148.256882,16.277924,129.967789
165789.294215,148.293839,16.271561,130.071533
165789.335512,148.418518,16.185883,130.181808
165789.376807,148.266388,16.168732,129.865158
165789.418102,148.490356,16.271454,129.849731
165789.459398,148.505234,16.230637,129.937515
165789.500694,148.432907,16.212296,129.580078
165789.541991,148.045212,16.264038,129.702713
165789.583286,148.242889,16.363571,130.052017
165789.624582,148.338104,15.976273,129.687881
165789.665878,148.371353,16.194992,129.823471
165789.707174,148.121307,16.238220,129.945663
165789.748468,148.365173,16.090317,130.191040
165789.789761,148.533005,16.122452,130.127716
165789.831051,148.288589,16.537094,129.868576
165789.872342,148.405136,16.162155,130.342300
165789.913633,148.540848,16.167160,130.234299
165789.954926,148.314606,16.406815,129.951584
165789.996220,148.530624,16.288986,129.875320
165790.037516,148.343033,16.203262,129.797958
165790.078812,148.263077,16.511856,130.029373
165790.120108,148.313904,16.613647,129.799911
165790.161401,148.179138,16.579956,129.722687
165790.202698,148.224823,16.527405,130.100937
165790.243994,148.352997,16.518829,130.181290
165790.285291,148.333450,16.551041,129.674744
165790.326586,148.569153,16.263397,130.060059
165790.367877,148.370911,16.546341,129.632065
165790.409167,148.312012,16.348755,129.856308
165790.450460,148.409134,16.258530,129.911514
165790.491752,148.444595,16.205750,129.793854
165790.533045,148.370422,16.419418,129.809021
165790.574339,148.505630,16.537766,129.684738
165790.615635,148.636154,16.500031,129.822311
165790.656928,148.398972,16.415787,129.907898
165790.698224,148.412018,16.401825,129.423325
165790.739521,148.447510,16.306976,129.760345
165790.780814,148.400742,16.326538,129.642395
165790.822108,148.520386,16.349075,129.664413
165790.863404,148.604050,16.314209,129.818176
165790.904702,148.520874,16.166977,129.873535
165790.945996,148.302109,16.203796,129.702240
165790.987290,148.431137,16.313995,129.938354
165791.028582,148.576813,16.211594,129.939728
165791.069876,148.490341,16.142319,129.700256
165791.111169,148.239990,16.251556,129.859589
165791.152462,148.311340,16.413132,129.529114
165791.193757,148.512939,16.081985,129.687073
165791.235051,148.361160,16.316864,129.552505
165791.276344,148.243805,16.413635,129.399246
165791.317634,148.400284,16.378677,129.528549
165791.358929,148.259201,16.432449,129.652496
165791.400223,148.357864,16.514053,129.455429
165791.441516,148.269775,16.226105,129.445740
165791.482810,148.158524,16.259354,129.475906
165791.524103,148.377655,16.125626,129.626205
165791.565399,148.265182,16.147247,129.877991
165791.606694,148.295502,16.312973,129.748505
165791.647991,148.308182,16.272552,129.736404
165791.689286,148.310272,16.275757,129.814835
165791.730580,148.165543,16.336273,129.640137
165791.771875,148.300873,16.227600,129.613113
165791.813172,148.243530,16.482010,129.398575
165791.854468,148.151840,16.347015,129.619843
165791.895764,148.188980,16.322617,129.175476
165791.937060,148.279190,16.465485,129.547882
165791.978357,148.242325,16.202408,129.579117
165792.019652,148.279617,16.203568,129.380905
165792.060949,148.313904,16.033020,129.420151
165792.102245,148.439392,16.168945,129.433578
165792.143540,148.396194,16.204376,129.535934
165792.184835,148.313019,16.458969,129.842590
165792.226130,148.284775,16.246857,129.717621
165792.267427,148.286346,16.247833,129.551147
165792.308725,148.177765,16.074936,129.551636
165792.350020,148.361282,16.233521,129.880020
165792.391314,148.250778,16.253006,129.900223
165792.432609,148.223145,16.257080,129.740234
165792.473904,148.294983,16.035721,129.659851
165792.515196,148.162018,16.303009,129.768661
165792.556491,148.242966,16.260880,129.674805
165792.597783,148.511261,15.943893,129.651428
165792.639078,148.326126,16.322296,129.402176
165792.680374,148.282471,16.281967,129.781097
165792.721671,148.327988,16.074173,129.584579
165792.762965,148.210007,16.295639,129.300995
165792.804258,148.219330,16.040237,129.484451
165792.845552,148.373947,15.978043,129.601334
165792.886848,148.144119,16.229523,129.605881
165792.928143,148.449799,15.991257,129.794800
165792.969435,148.363571,16.067078,129.790054
165793.010732,148.301178,16.464554,129.683563
165793.052028,148.297394,16.262802,129.491165
165793.093324,148.522888,15.932938,129.648315
165793.134621,148.250702,16.168396,129.691544
165793.175917,148.321747,16.168442,129.827728
165793.217213,148.338989,16.301620,129.511993
165793.258510,148.289566,16.241852,129.819748
165793.299809,148.140610,16.262207,129.329987
165793.341105,148.277023,16.154861,129.561584
165793.382401,148.259598,16.080521,129.631958
165793.423697,148.184021,16.296570,129.511520
165793.464995,148.178116,16.365021,129.347092
165793.506292,148.106445,16.338257,129.383652
165793.547590,148.203415,16.174957,129.655731
165793.588888,148.247360,16.283447,129.604828
165793.630186,148.358765,16.002075,129.698486
165793.671481,148.437302,16.260635,129.724487
165793.712775,148.063705,16.477234,129.688934
165793.754070,148.057648,16.252838,129.383011
165793.795365,148.204987,16.172272,129.547699
165793.836660,148.209137,16.180084,129.435898
165793.877956,148.021790,16.403000,129.493195
165793.919249,148.199966,16.216293,129.348358
165793.960543,148.159943,16.269073,129.382919
165794.001837,148.385986,16.268738,129.196274
165794.043129,148.258362,16.263580,129.643158
165794.084423,148.252563,16.078400,129.643478
165794.125716,148.344040,16.101974,129.679352
165794.167012,148.316650,16.135742,129.753479
165794.208307,148.160645,16.119141,129.384354
165794.249602,148.428833,16.222519,129.482513
165794.290900,148.350327,16.268051,129.537949
165794.332196,148.243866,16.273819,129.316147
165794.373493,148.140915,16.185410,129.341064
165794.414791,148.561401,16.050217,129.459900
165794.456088,148.324234,16.195877,128.933029
165794.497383,148.202087,16.074036,129.119232
165794.538677,148.273453,15.992188,129.215729
165794.579974,148.522873,15.947052,129.558823
165794.621269,148.159470,15.997177,129.380997
165794.662564,148.215622,16.067108,129.205902
165794.703861,148.292023,16.243256,129.575348
165794.745157,148.031784,16.242249,129.720978
165794.786453,148.145798,15.967743,129.522522
165794.827749,148.272842,16.087463,129.576889
165794.869045,148.211456,16.140091,129.567001
165794.910340,148.132416,16.111877,129.603134
165794.951635,148.036148,16.237778,129.523117
165794.992933,148.021423,16.019592,129.288254
165795.034229,147.983780,16.412872,129.658905
165795.075524,148.236801,15.871765,129.052567
165795.116819,148.241608,15.794235,129.208359
165795.158115,148.166290,15.939362,129.256790
165795.199413,148.258148,15.878296,129.745438
165795.240709,148.320496,15.753906,129.385162
165795.282006,148.465668,15.701218,129.175034
165795.323303,148.292068,15.760818,129.346619
165795.364599,148.078613,15.885422,129.605179
165795.405898,148.070007,15.863129,129.451935
165795.447197,148.053040,16.089676,129.355896
165795.488493,148.123611,16.135254,129.504852
165795.529789,148.042633,15.875565,129.533478
165795.571087,148.228348,15.784042,129.754578
165795.612386,148.341370,15.752609,129.899567
165795.653681,148.224899,15.948959,129.730820
165795.694976,148.406525,15.823456,129.478699
165795.736270,148.284790,16.012817,129.441299
165795.777567,148.208649,16.033829,129.247986
165795.818863,148.269058,16.023117,129.426392
165795.860158,148.194229,16.033630,129.337143
165795.901453,148.251190,16.047714,129.441086
165795.942750,148.280823,16.135895,129.708984
165795.984044,148.127380,16.187332,129.565903
165796.025335,148.007263,16.177933,129.665192
165796.066627,148.239960,16.281555,129.665009
165796.107920,148.385635,16.101898,129.621857
165796.149215,148.198502,16.219940,129.602295
165796.190511,148.496124,15.955582,129.816238
165796.231806,148.246933,15.996643,129.961700
165796.273102,148.425354,15.898987,129.979004
165796.314395,148.378387,15.864365,129.757401
165796.355691,148.313309,15.900497,129.756058
165796.396984,148.319473,15.860916,129.742050
165796.438278,148.495117,15.935562,129.820496
165796.479570,148.278946,16.019501,130.036682
165796.520863,148.277725,16.131805,129.904053
165796.562154,148.335785,16.008377,129.552750
165796.603446,148.207413,16.135452,129.827927
165796.644739,148.538910,15.934570,129.619141
165796.686035,148.455185,16.158707,129.933914
165796.727328,148.266785,15.948349,129.732666
165796.768620,148.202286,16.194519,129.544373
165796.809912,148.386429,16.036011,129.981659
165796.851205,148.365204,15.991119,129.422058
165796.892499,148.409988,15.847214,129.548996
165796.933792,148.275925,15.833237,129.807831
165796.975086,148.577576,15.783829,129.423340
165797.016380,148.551804,15.844772,129.500290
165797.057675,148.741272,15.843185,129.893387
165797.098969,148.605881,15.574066,129.841721
165797.140264,148.527191,15.759857,129.472931
165797.181559,148.253296,16.041168,130.006882
165797.222855,148.274109,16.079132,130.005737
165797.264150,148.271851,16.231750,129.564133
165797.305443,148.166748,16.153534,129.863617
165797.346737,148.512375,15.877426,129.679825
165797.388031,148.353897,16.107254,129.641602
165797.429324,148.285965,16.208572,129.486862
165797.470616,148.028030,16.276169,129.647110
165797.511912,148.283600,16.110504,129.473923
165797.553209,148.323944,16.120438,129.620605
165797.594503,148.360092,16.167130,129.747910
165797.635799,148.187347,16.213882,129.620468
165797.677095,148.100983,16.253754,129.878220
165797.718387,148.421951,16.117569,129.633118
165797.759679,148.239304,16.336853,129.847046
165797.800970,147.955978,16.191040,129.808380
165797.842263,148.204315,16.249283,129.604187
165797.883557,148.213226,16.372360,129.537338
165797.924851,148.308121,16.260010,129.428665
165797.966145,148.341385,16.209656,129.720413
165798.007439,148.087051,15.895584,129.586090
165798.048733,148.127899,16.335190,129.805252
165798.090028,148.130386,16.315506,129.644302
165798.131321,148.071884,16.251297,129.593216
165798.172614,148.107635,16.134201,129.933441
165798.213907,148.017609,16.117142,129.379745
165798.255200,148.085724,16.375290,129.750916
165798.296492,147.999588,16.177567,129.702057
165798.337783,147.962830,16.277115,129.491669
165798.379078,148.021820,16.276321,129.607468
165798.420371,148.023590,16.411255,129.600281
165798.461664,148.310272,16.141418,129.463516
165798.502956,148.213959,16.293320,129.680420
165798.544250,148.407120,16.138382,129.662308
165798.585542,148.208679,16.237488,129.556595
165798.626834,148.256531,15.957382,129.205429
165798.668125,148.347168,16.220810,129.372925
165798.709417,148.233749,16.232498,129.696548
165798.750708,148.157791,16.310196,129.652679
165798.792001,148.223145,15.948334,129.216476
165798.833297,148.217163,16.033325,129.403137
165798.874591,148.378647,16.069000,128.949173
165798.915883,148.218094,15.904419,129.273285
165798.957177,148.299850,16.195602,129.318665
165798.998473,147.947037,16.135498,129.360611
165799.039768,148.293121,16.166428,129.331192
165799.081064,148.325394,16.413025,129.050171
165799.122359,148.430344,16.234894,129.660568
165799.163654,148.121704,16.212570,129.419907
165799.204950,148.149353,16.365906,129.581009
165799.246247,148.260300,16.165787,129.647598
165799.287544,148.039505,16.205673,129.604965
165799.328843,148.257538,16.004272,129.642746
165799.370142,148.514786,15.971054,129.603989
165799.411435,148.176331,16.266830,129.533279
165799.452732,148.277924,16.175186,129.370178
165799.494030,148.259750,16.232742,129.357605
165799.535329,148.203461,16.532593,129.277054
165799.576628,148.367020,16.059372,129.308304
165799.617925,148.447205,16.238205,129.700134
165799.659222,148.235260,16.456131,129.583527
165799.700518,148.288269,16.411346,129.487854
165799.741815,148.466370,16.203003,129.166885
165799.783112,148.427612,16.258133,129.281693
165799.824408,148.356110,16.193649,129.215347
165799.865703,148.215515,16.144104,129.594391
165799.906997,148.199570,16.189682,129.580078
165799.948292,148.261642,15.875687,129.322601
165799.989587,148.215240,16.265793,129.814194
165800.030882,147.973984,16.208801,129.523331
165800.072179,148.263733,16.217499,129.320709
165800.113475,147.953644,16.284302,129.513321
165800.154769,147.889221,16.247803,129.744156
165800.196063,148.116058,16.301575,129.617813
165800.237358,148.104156,16.362061,129.603638
165800.278657,147.909088,16.401917,129.459686
165800.319953,147.973083,16.348450,129.891647
165800.361250,147.981781,16.308746,129.451569
165800.402546,147.984573,16.283264,129.492844
165800.443841,148.167984,16.267349,129.611191
165800.485137,147.974518,16.371109,129.813828
165800.526432,147.809998,16.285477,129.680450
165800.567727,148.000168,16.275574,129.594986
165800.609024,147.910110,15.992569,129.619888
165800.650321,148.106247,16.176193,129.492584
165800.691615,147.968964,16.225433,129.758667
165800.732910,148.133087,16.122192,129.789444
165800.774206,147.946747,16.218643,129.406845
165800.815501,148.073242,16.276749,129.465759
165800.856796,147.733856,16.394073,129.498535
165800.898093,148.084625,16.301285,129.389999
165800.939386,148.060654,16.339630,129.411453
165800.980680,147.829956,16.126190,129.486221
165801.021976,148.007568,16.410217,129.250565
165801.063269,148.079285,16.252274,129.213242
165801.104565,147.879593,16.149460,129.543091
165801.145860,147.950180,16.168518,129.202454
165801.187157,148.252747,16.049515,129.411163
165801.228451,148.141434,16.216522,129.224350
165801.269745,148.025375,16.208588,129.479340
165801.311038,148.235168,16.201660,129.596283
165801.352332,147.987305,16.412979,129.524399
165801.393628,148.233963,16.301056,129.584091
165801.434921,148.043304,16.347198,129.319885
165801.476214,147.733109,16.398209,129.327896
165801.517506,147.996277,16.487717,129.451141
165801.558798,148.097336,16.349182,129.650497
165801.600090,148.076492,16.267853,129.408981
165801.641381,148.067444,16.219116,129.421051
165801.682671,148.064133,16.068375,129.320190
165801.723962,147.947830,16.274826,129.542923
165801.765255,147.766739,16.193085,129.696381
165801.806547,147.828079,16.071106,129.595718
165801.847840,147.987686,16.035873,129.769073
165801.889132,147.878693,16.261429,129.730377
165801.930424,148.100388,16.145676,129.567398
165801.971718,148.167969,16.321976,129.660034
165802.013011,147.960464,16.483398,129.583588
165802.054306,148.011230,16.493057,129.546631
165802.095601,148.064575,16.338013,129.715775
165802.136894,148.013489,16.119675,129.804153
165802.178185,147.960556,16.262299,129.527954
165802.219478,147.879715,16.508942,129.455795
165802.260771,147.987793,16.244034,129.591446
165802.302063,147.910690,16.146423,129.545181
165802.343354,147.845734,16.312988,129.097412
165802.384647,147.971832,16.425110,129.222229
165802.425941,147.979034,16.288116,129.345276
165802.467234,148.238419,16.357132,129.000122
165802.508528,147.962402,16.023315,129.177689
165802.549821,147.903625,16.363480,129.371124
165802.591116,147.928726,16.302505,129.363708
165802.632410,147.928711,16.268494,129.413589
165802.673705,148.179764,16.238007,129.574265
165802.714999,148.119537,16.252762,129.533066
165802.756291,148.173340,16.280777,129.672058
165802.797582,147.898529,16.277054,129.536118
165802.838874,147.884186,16.384460,129.295853
165802.880164,147.975327,16.171906,129.256561
165802.921456,147.871262,16.182205,129.815277
165802.962746,148.031723,15.993896,129.521027
165803.004036,147.896317,16.148468,129.306656
165803.045327,147.960983,16.005630,129.772125
165803.086620,147.940277,16.059967,129.670151
165803.127909,148.032791,15.984909,129.438934
165803.169201,147.959549,16.139221,129.469513
165803.210493,147.868759,16.304123,129.357254
165803.251785,147.899826,16.255280,129.258331
165803.293076,147.999023,16.199966,129.434799
165803.334365,148.031570,16.084457,129.415588
165803.375655,147.903595,16.262466,129.395950
165803.416945,147.943817,15.932449,129.480942
165803.458236,148.228943,15.857880,129.262222
165803.499527,148.281967,15.951233,129.005753
165803.540819,148.021500,15.887283,129.332550
165803.582109,148.297775,15.863815,129.662933
165803.623400,148.114532,16.110779,129.461838
165803.664694,147.947235,16.107971,129.822357
165803.705985,148.185318,15.942749,129.346191
165803.747282,148.122849,15.873611,129.594299
165803.788577,148.531128,15.713287,129.518402
165803.829872,148.320633,15.815979,128.796204
165803.871165,148.292313,16.110214,129.312744
165803.912458,148.147751,16.055344,129.022522
165803.953754,148.213837,16.089279,129.067902
165803.995051,148.152344,16.353363,129.484421
165804.036346,148.243561,15.952881,129.164398
165804.077639,148.335236,15.988068,128.975800
165804.118934,147.970627,16.159363,129.042496
165804.160230,148.219864,16.008926,129.005173
165804.201527,148.381851,15.748322,129.293320
165804.242821,148.229446,16.003860,129.162750
165804.284115,148.169357,16.027206,129.089142
165804.325412,148.114502,15.950150,129.094437
165804.366707,148.264572,15.868546,128.973557
165804.408002,148.016769,16.028656,129.189987
165804.449300,148.139816,15.943802,128.919296
165804.490596,148.190613,15.927414,128.970963
165804.531892,148.046844,16.200653,129.127609
165804.573189,147.830704,16.186111,129.070587
165804.614484,148.122803,16.006683,129.056915
165804.655781,148.109482,16.198868,129.015366
165804.697078,148.248642,15.883560,129.156479
165804.738373,148.197342,15.857727,128.863098
165804.779669,148.144577,16.049698,128.904984
165804.820967,148.163803,16.183746,129.055939
165804.862263,148.105911,16.400391,129.144348
165804.903558,148.180817,15.898407,129.122894
165804.944855,148.261017,16.058868,129.427353
165804.986153,148.104141,15.937607,129.102798
165805.027451,148.138794,16.094879,129.033112
165805.068748,148.074615,16.067810,129.262573
165805.110045,148.208588,16.042175,129.047638
165805.151341,148.030350,16.011398,129.336472
165805.192636,147.840027,16.239151,129.182388
165805.233932,148.143570,15.783310,128.963287
165805.275229,148.031693,16.078094,128.952545
165805.316525,148.172653,15.867981,129.097931
165805.357821,148.040421,16.083054,129.296722
165805.399117,148.107727,15.792404,129.246292
165805.440416,147.739624,16.045303,129.038101
165805.481713,148.059998,15.927826,129.017670
165805.523011,147.881271,16.128998,129.082062
165805.564307,148.091263,15.916229,129.164307
165805.605603,147.953903,15.995712,129.009384
165805.646897,148.200607,15.887863,129.088913
165805.688192,147.985748,16.181152,129.260056
165805.729487,148.049393,15.869400,128.922836
165805.770782,148.095535,16.187744,129.408951
165805.812079,148.076263,15.890884,129.034698
165805.853374,148.112534,15.935486,128.936676
165805.894670,148.122833,16.055298,128.725525
165805.935967,147.992554,15.868301,129.279922
165805.977264,147.988922,16.055222,128.984833
165806.018558,147.959839,15.998703,129.159332
165806.059854,148.085571,16.067062,128.923386
165806.101151,147.992432,15.895737,128.871414
165806.142447,147.860977,16.075485,129.362976
165806.183744,147.901978,15.954941,129.149429
165806.225039,147.977402,16.008301,129.211914
165806.266331,147.834152,16.222488,129.176086
165806.307624,148.014938,16.233231,129.151749
165806.348916,148.200531,16.008743,129.233063
165806.390209,148.064682,16.133041,129.043106
165806.431503,148.100449,16.174759,129.124115
165806.472796,148.100159,16.139648,129.076080
165806.514091,147.946182,16.136719,129.256912
165806.555385,147.853836,16.216782,129.153915
165806.596682,148.017242,16.025299,128.685013
165806.637975,147.969589,16.044144,128.965088
165806.679270,147.814209,16.202499,129.106537
165806.720564,147.984070,16.333527,128.799240
165806.761861,147.775848,16.404373,129.414658
165806.803159,147.999313,16.280624,129.055466
165806.844455,147.973206,16.384506,128.686356
165806.885752,148.220520,16.389694,129.001312
165806.927050,147.745651,16.213226,129.031647
165806.968349,147.970428,16.071045,128.777191
165807.009647,147.883286,16.140121,129.075485
165807.050944,148.069107,16.295273,128.892700
165807.092240,148.299896,16.365463,128.963837
165807.133536,147.986389,16.314575,128.772552
165807.174830,148.384293,16.002533,129.363907
165807.216125,148.295273,15.910355,129.228470
165807.257419,148.168854,16.326202,129.252563
165807.298714,148.206528,16.021515,128.923248
165807.340008,147.994797,16.303604,129.140137
165807.381302,148.001083,15.990082,129.205444
165807.422597,148.264221,16.201050,129.371445
165807.463890,148.123260,16.601456,129.309784
165807.505186,148.095047,16.316544,129.110336
165807.546484,148.207504,16.286896,128.880539
165807.587779,148.265106,15.888306,129.428711
165807.629074,148.432877,16.209503,129.206482
165807.670369,148.287384,16.092606,129.171112
165807.711663,148.327606,16.007126,129.004990
165807.752957,148.169601,15.886627,129.028107
165807.794251,148.173569,16.269577,129.427338
165807.835549,148.198166,16.064087,129.273499
165807.876845,148.160812,15.936752,129.211746
165807.918141,148.263336,16.000031,129.307526
165807.959437,148.214783,16.007538,129.508362
165808.000732,148.398911,15.952148,129.476105
165808.042027,148.260620,15.927826,129.292618
165808.083324,148.496796,15.924561,129.314194
165808.124619,148.122742,16.156693,128.711746
165808.165918,148.097809,16.174484,128.951370
165808.207213,148.121811,16.148285,128.741699
165808.248508,148.291733,15.954636,128.707352
165808.289802,148.442215,16.013779,128.634689
165808.331098,148.266510,16.088364,129.069901
165808.372394,148.309937,16.136536,129.253342
165808.413690,148.274429,16.045914,128.919617
165808.454985,148.345871,15.942062,128.788818
165808.496282,148.277161,16.275665,128.887512
165808.537576,148.475266,15.934082,129.016861
165808.578870,148.201309,16.253723,129.520218
165808.620163,148.513458,15.775925,129.045898
165808.661460,148.448929,16.064957,129.083771
165808.702754,148.450729,16.225052,129.265778
165808.744047,148.242233,15.874191,129.132004
165808.785344,148.113022,15.951614,129.161774
165808.826640,148.195480,16.047501,129.054840
165808.867935,148.384857,16.121292,129.241806
165808.909233,148.081711,15.964203,129.403320
165808.950531,148.200211,15.994247,129.103836
165808.991826,148.202576,15.961823,129.140472
165809.033123,148.203796,16.028976,129.134842
165809.074419,148.167252,16.083023,129.495438
165809.115716,148.085617,15.986588,129.393753
165809.157012,148.216492,16.063034,129.539261
165809.198309,148.174561,15.881210,129.024765
165809.239605,147.997635,16.180725,129.289413
165809.280901,148.345337,16.101532,129.432938
165809.322197,148.194672,16.052780,129.380554
165809.363495,148.167572,15.966400,129.335724
165809.404791,148.285629,15.909973,129.323471
165809.446088,148.260223,15.984161,129.520874
165809.487382,148.301910,16.185852,129.522614
165809.528676,148.286484,16.051361,129.234222
165809.569972,148.192215,15.958374,129.147751
165809.611264,148.219147,15.844574,128.964996
165809.652559,148.327744,16.030685,129.591934
165809.693856,148.238205,16.203903,129.428833
165809.735152,148.259583,16.100418,129.225784
165809.776446,148.309418,16.125610,128.967331
165809.817740,148.202087,16.259430,129.325760
165809.859032,148.255157,16.191757,128.981888
165809.900324,148.479446,15.958084,128.988510
165809.941618,148.523102,16.187210,129.117722
165809.982912,148.164337,16.051346,129.555161
165810.024207,148.169922,16.039917,129.334274
165810.065501,148.224350,15.999008,129.122284
165810.106795,148.042404,16.269806,129.503220
165810.148093,148.281387,16.060547,128.939041
165810.189387,148.117981,16.119904,129.001816
165810.230684,148.288879,16.062653,129.270615
165810.271980,148.082367,15.937912,129.055634
165810.313276,147.980988,16.207870,129.067490
165810.354571,148.046997,16.055328,129.188721
165810.395865,147.925125,16.042130,129.043991
165810.437160,147.882767,16.183884,128.980408
165810.478455,148.112015,15.996475,129.429626
165810.519749,148.003830,16.169113,129.187302
165810.561045,148.290146,16.277313,128.999634
165810.602339,148.015808,16.037537,128.935303
165810.643635,148.116043,16.213486,129.093094
165810.684931,147.981247,16.333710,129.009842
165810.726227,147.988602,16.185776,129.021103
165810.767523,147.997879,16.155731,128.698074
165810.808820,148.002441,16.333618,128.808029
165810.850118,147.816544,16.221939,128.903244
165810.891414,147.719772,16.386871,129.194962
165810.932710,147.888458,16.220184,129.097977
165810.974006,147.971222,16.289642,129.164169
165811.015302,147.972549,16.398956,129.104324
165811.056600,147.947784,16.492477,129.419571
165811.097898,147.999329,16.678772,129.026520
165811.139196,147.971512,16.296539,129.300262
165811.180496,147.998276,16.162384,129.334976
165811.221791,148.077606,16.319153,129.066711
165811.263088,148.129135,16.483902,129.089890
165811.304381,148.011597,16.263229,128.947220
165811.345673,148.310303,15.859818,128.758316
165811.386967,147.963730,16.176834,129.042343
165811.428263,148.207443,15.948288,128.926559
165811.469558,147.970383,16.209274,129.359680
165811.510853,148.095840,16.148193,128.991287
165811.552147,148.224731,15.943710,129.177170
165811.593444,148.381622,15.938110,129.083008
165811.634740,148.201263,15.936264,128.624207
165811.676036,148.288391,16.015396,128.771912
165811.717332,148.280396,16.092361,128.782532
165811.758629,148.177567,16.351608,128.874237
165811.799924,148.295502,16.143387,128.941605
165811.841222,148.466354,16.182602,129.064636
165811.882519,148.493317,15.990005,128.826157
165811.923814,148.403351,15.905121,128.959854
165811.965109,148.403976,15.817032,128.941437
165812.006405,148.292404,15.897461,128.806824
165812.047700,148.276413,16.159348,129.314819
165812.088994,148.361099,16.001007,128.803040
165812.130289,148.220490,16.031906,129.030365
165812.171583,148.182907,15.953842,128.983154
165812.212881,148.154938,15.962769,129.321533
165812.254175,148.318954,16.252762,129.108658
165812.295470,148.120438,16.206985,129.288116
165812.336765,148.058777,16.069824,128.973969
165812.378057,148.091248,15.989273,129.206238
165812.419352,148.121704,15.705948,129.363922
165812.460645,148.092545,15.971985,128.998825
165812.501939,148.192261,16.074554,128.719574
165812.543234,148.184738,15.987808,129.186401
165812.584531,148.124146,16.109482,129.083878
165812.625827,148.367859,15.987167,129.330063
165812.667122,148.301575,15.797867,129.810486
165812.708416,148.431732,16.071243,129.656906
165812.749712,148.213013,15.991501,129.349426
165812.791008,148.312531,16.140900,129.645752
165812.832304,148.502365,15.885895,129.184845
165812.873599,148.472122,15.858231,129.511475
165812.914894,148.491547,16.039261,129.253036
165812.956188,148.295166,15.902359,129.260849
165812.997485,148.023163,16.081024,129.272766
165813.038781,148.256165,16.095734,129.670197
165813.080075,148.130325,16.245926,129.377441
165813.121369,147.882996,16.150040,128.995499
165813.162663,148.150070,16.253067,129.275757
165813.203959,148.409943,16.062683,128.961594
165813.245254,148.104797,15.992142,129.117203
165813.286550,148.132263,16.193542,128.725677
165813.327846,148.057388,16.034286,129.224838
165813.369142,148.185059,16.020325,129.086838
165813.410437,148.239304,16.074402,128.944550
165813.451731,148.279587,16.046005,128.924316
165813.493024,148.165039,16.108566,129.060516
165813.534317,148.297241,16.190887,128.414642
165813.575610,148.310196,15.879517,128.950180
165813.616905,148.149536,16.202835,128.883041
165813.658199,148.127869,15.962616,128.861359
165813.699495,147.975983,16.162201,128.966278
165813.740791,148.069931,16.127975,129.007324
165813.782086,148.343719,15.803726,128.812164
165813.823380,148.065567,16.064957,129.180252
165813.864675,147.944641,16.111084,129.141617
165813.905970,148.308044,15.750595,129.195801
165813.947265,148.039413,15.865662,128.896072
165813.988558,148.061462,16.180603,129.089447
165814.029851,148.212952,15.947647,129.274796
165814.071143,148.237167,16.039337,129.148560
165814.112435,148.178680,15.886765,128.914566
165814.153729,148.048172,15.984314,128.902512
165814.195023,148.301559,16.120865,128.866241
165814.236318,148.169907,15.898743,128.889267
165814.277611,148.452545,15.840591,128.658417
165814.318903,148.281723,15.760712,128.898193
165814.360196,148.232224,15.927673,128.757187
165814.401489,148.197357,16.055206,128.973343
165814.442783,148.143784,16.169083,128.557251
165814.484078,148.125778,15.826233,128.933228
165814.525371,147.823990,16.156876,129.242447
165814.566664,148.133026,15.936142,128.995865
165814.607956,148.063538,16.270874,129.149521
165814.649249,148.275223,15.852600,129.143372
165814.690543,148.104965,16.200760,128.887909
165814.731836,148.336670,16.146347,129.188873
165814.773129,148.160767,16.065933,129.449982
165814.814421,148.058411,16.143524,129.271759
165814.855717,148.227737,16.019638,129.129440
165814.897011,148.179123,16.033249,129.285843
165814.938305,148.176208,15.847183,129.301559
165814.979597,148.450089,15.837967,129.476181
165815.020890,148.292892,15.907990,129.181732
165815.062180,148.312027,15.898407,129.039856
165815.103469,148.234848,15.957031,129.104523
165815.144759,148.097473,16.091019,129.057602
165815.186053,148.326355,15.896881,129.187119
165815.227349,148.334061,15.990128,129.330383
165815.268644,148.234207,16.003677,129.389709
165815.309940,148.206970,15.910858,129.005142
165815.351232,148.253647,16.104080,129.498611
165815.392526,148.093552,16.077255,129.292679
165815.433818,148.187897,15.876862,129.128357
165815.475108,148.260315,15.817429,128.923279
165815.516400,148.423492,15.849930,128.761612
165815.557691,148.511948,15.838013,129.027222
165815.598983,148.194183,16.059296,128.954544
165815.640274,148.376389,15.752808,128.872803
165815.681565,148.294510,15.859940,129.047699
165815.722856,148.328598,15.888184,129.356155
165815.764149,148.163605,16.108459,129.279968
165815.805442,148.163574,16.094925,129.272873
165815.846734,148.262634,16.292603,129.362411
165815.888026,148.259140,16.114777,129.265518
165815.929322,148.240067,16.271957,129.169907
165815.970618,148.434128,16.218399,129.199783
165816.011911,148.298569,15.888824,129.399338
165816.053202,148.223602,15.988342,129.234924
165816.094493,148.410080,15.924026,129.250793
165816.135785,148.148499,16.119217,128.994858
165816.177079,148.303757,15.853775,129.178101
165816.218370,148.273712,15.826355,129.253342
165816.259663,148.219086,15.953491,129.199997
165816.300955,148.170578,16.070877,129.272675
165816.342247,148.123596,15.943512,129.214737
165816.383540,148.420700,15.812714,129.345963
165816.424835,148.369278,16.189178,129.812897
165816.466126,148.251160,16.070221,129.429962
165816.507419,148.589996,15.987595,129.136627
165816.548712,148.412811,16.086273,129.279175
165816.590005,148.219482,16.030075,129.113403
165816.631301,148.246414,15.878418,129.178680
165816.672597,148.432129,15.876083,129.079407
165816.713894,148.382324,15.912994,128.917007
165816.755191,148.122955,15.858627,129.037598
165816.796487,148.233978,15.789673,129.246613
165816.837784,148.344681,15.823120,129.436798
165816.879080,148.273697,16.120026,129.611221
165816.920376,148.323318,16.090897,129.593323
165816.961669,148.250366,15.990372,129.462738
165817.002963,148.245102,15.846466,129.242630
165817.044256,148.305817,16.014923,129.422974
165817.085550,148.229568,16.186691,129.723846
165817.126842,148.156097,16.166183,129.514359
165817.168136,148.118988,16.139984,129.460342
165817.209430,148.028656,15.993317,129.282074
165817.250725,148.242874,15.880096,128.989960
165817.292021,148.157104,16.050964,129.417252
165817.333318,148.227692,15.881882,129.251495
165817.374613,148.034317,16.076050,129.299393
165817.415909,148.178253,16.018524,129.546829
165817.457204,148.250443,16.127228,129.306656
165817.498498,148.286102,15.919846,129.117447
165817.539793,148.273270,15.998184,129.184891
165817.581087,148.324860,16.281372,129.399902
165817.622382,148.220688,16.069077,129.503571
165817.663677,148.282272,16.062927,129.403732
165817.704974,148.166809,16.197327,129.547821
165817.746272,148.311005,16.353134,129.364044
165817.787569,148.471390,16.145477,129.625275
165817.828867,148.267242,16.178665,129.353226
165817.870167,148.327286,16.135559,129.118622
165817.911465,148.331818,16.103577,129.247040
165817.952762,148.208328,15.977829,129.283295
165817.994059,148.174072,16.054688,129.230957
165818.035358,148.340668,16.116959,129.420456
165818.076657,148.228882,16.039124,129.244171
165818.117955,148.190796,16.209183,129.044189
165818.159255,148.168091,16.281113,129.514587
165818.200553,148.262238,16.310333,129.494339
165818.241852,148.239288,16.141586,129.554260
165818.283149,148.346176,16.143448,129.230164
165818.324445,148.394638,16.065231,129.211609
165818.365741,148.386642,16.204483,129.476273
165818.407038,148.388000,15.933640,129.375076
165818.448333,148.419739,15.967651,129.348785
165818.489628,148.594345,15.753326,129.128540
165818.530924,148.535461,15.908142,129.318970
165818.572220,148.348114,15.979462,129.114075
165818.613519,148.305466,15.651703,129.313126
165818.654816,148.205383,15.884949,129.138336
165818.696112,148.218658,16.000198,129.382278
165818.737409,148.140091,15.950455,129.170715
165818.778705,148.336853,15.945328,128.881821
165818.820000,148.196991,16.066528,129.359970
165818.861295,148.351028,16.140808,129.618820
165818.902591,148.229599,16.029099,129.419022
165818.943886,148.323807,16.073013,129.583755
165818.985181,148.286087,16.089645,129.534683
165819.026477,148.326630,16.014969,129.542206
165819.067772,148.402847,15.831558,129.574478
165819.109065,148.524155,15.917923,129.528488
165819.150356,148.361633,15.901764,129.323181
165819.191650,148.373062,15.903137,129.528946
165819.232943,148.488113,15.779114,129.477570
165819.274236,148.085892,15.965714,129.756989
165819.315531,148.163177,16.085022,129.343155
165819.356826,148.303757,15.899979,129.277802
165819.398123,148.214691,15.990356,129.644989
165819.439418,148.379089,15.846649,129.588226
165819.480712,148.372864,16.041916,129.597397
165819.522007,148.457565,15.835052,129.588165
165819.563301,148.497192,15.869263,129.937042
165819.604593,148.418762,15.918716,129.582062
165819.645886,148.354294,16.075912,129.606049
165819.687179,148.311279,16.107529,129.477264
165819.728473,148.319687,16.103989,129.567612
165819.769767,148.379318,15.923813,129.315842
165819.811060,148.376038,15.871338,129.363541
165819.852354,148.216537,16.047836,129.300339
165819.893649,148.283936,16.209564,129.503845
165819.934945,148.266434,16.000870,129.164169
165819.976238,148.367096,15.966232,129.363312
165820.017532,148.168686,15.811829,129.266373
165820.058825,148.078339,16.256622,129.469223
165820.100117,148.384644,16.049942,129.749084
165820.141410,148.533112,15.969681,129.446991
165820.182706,148.452850,15.891113,129.772324
165820.224000,148.296585,15.784943,129.308945
165820.265294,148.277374,15.936493,129.326675
165820.306588,148.221588,16.022293,129.116409
165820.347880,148.429382,15.841034,129.346970
165820.389173,148.509476,15.811203,128.937485
165820.430468,148.421432,15.602875,129.188095
165820.471763,148.319000,15.912338,129.377228
165820.513058,148.420517,15.798904,129.141327
165820.554352,148.362274,15.664215,128.907639
165820.595648,148.354904,15.858246,128.958160
165820.636941,148.364380,15.714737,129.295517
165820.678236,148.470490,15.717453,129.049438
165820.719531,148.342636,16.008865,129.332870
165820.760825,148.538345,16.109833,129.387589
165820.802118,148.462341,15.919479,129.179764
165820.843412,148.379364,16.205383,129.590652
165820.884705,148.250458,15.896179,129.268036
165820.925999,148.259384,16.061874,129.107742
165820.967295,148.208786,16.102554,129.462158
165821.008592,148.213257,15.810471,129.095428
165821.049889,148.350861,15.957596,129.134613
165821.091186,148.231705,15.912186,128.867065
165821.132483,148.337662,15.927765,129.037033
165821.173778,148.366409,15.972824,128.986023
165821.215072,148.441025,15.752335,128.829605
165821.256370,148.218781,15.931290,129.263123
165821.297668,148.362717,15.952301,129.122284
165821.338964,148.386032,16.106369,129.025101
165821.380260,148.478485,15.849792,128.927917
165821.421557,148.466461,16.058182,129.074509
165821.462855,148.604706,16.195999,129.008911
165821.504152,148.326126,15.862198,129.205811
165821.545447,148.416122,15.735474,128.992035
165821.586745,148.450699,15.801208,129.112762
165821.628042,148.346619,15.780731,129.091370
165821.669337,148.478973,15.680939,129.323273
165821.710635,148.211960,15.808609,128.801834
165821.751931,148.279892,15.861160,129.122604
165821.793228,148.332733,15.764969,129.368774
165821.834524,148.178253,16.005722,129.187881
165821.875823,148.436722,15.829590,129.258759
165821.917122,148.517899,16.036713,129.159561
165821.958421,148.455948,15.903244,129.094116
165821.999716,148.347412,15.862106,129.009445
165822.041011,148.371872,15.737961,128.877884
165822.082305,148.434372,15.855194,129.165665
165822.123603,148.464386,15.527969,129.170959
165822.164900,148.439590,15.842270,129.263519
165822.206194,148.254654,15.589249,129.180939
165822.247488,148.310654,15.551163,129.168030
165822.288781,148.234528,15.693146,129.123566
165822.330075,148.210846,15.837143,128.960480
165822.371368,148.040588,15.923416,129.309555
165822.412661,148.221695,15.808868,129.267593
165822.453956,148.437561,15.660126,129.201187
165822.495250,148.308807,16.016663,129.431625
165822.536544,148.564987,15.847565,129.247147
165822.577839,148.320908,15.994568,129.082230
165822.619134,148.539658,15.951141,129.145111
165822.660427,148.317947,16.065582,128.920395
165822.701724,148.682617,15.855499,129.379700
165822.743016,148.472244,15.997192,128.782791
165822.784307,148.402008,15.943039,129.021988
165822.825600,148.569473,15.750580,129.149673
165822.866893,148.594940,15.799377,128.884445
165822.908187,148.481415,15.909027,129.251770
165822.949483,148.575775,16.049622,129.320053
165822.990778,148.311371,16.034088,129.133469
165823.032074,148.604187,15.959030,128.893494
165823.073367,148.684265,16.037842,129.192245
165823.114662,148.609451,16.209244,129.209320
165823.155954,148.533600,16.006134,129.186081
165823.197246,148.728546,15.966370,129.304642
165823.238540,148.508636,15.874619,129.214920
165823.279833,148.516693,15.943054,128.969330
165823.321128,148.684219,16.080475,129.299011
165823.362422,148.334076,15.969894,128.974380
165823.403718,148.709579,15.795319,129.085022
165823.445012,148.438477,16.135590,129.114655
165823.486303,148.779037,15.784225,129.040756
165823.527593,148.716507,15.885162,129.144272
165823.568884,148.703903,15.926315,129.120865
165823.610176,148.592926,16.079269,128.852631
165823.651468,148.679123,15.884613,129.292419
165823.692760,148.748215,16.056778,129.153839
165823.734053,148.699493,15.935394,128.978729
165823.775348,148.581985,15.869598,128.870361
165823.816646,148.696930,15.668686,128.716125
165823.857944,148.526031,16.087326,128.739670
165823.899241,148.520782,15.783752,128.884033
165823.940537,148.503571,15.810928,128.741592
165823.981833,148.324738,16.025024,128.754807
165824.023130,148.193176,16.180710,128.693909
165824.064424,148.370697,16.068665,128.827545
165824.105719,148.537857,16.031265,128.938019
165824.147015,148.505859,16.007614,128.799835
165824.188312,148.490372,15.876648,129.007584
165824.229606,148.475418,16.280502,129.041092
165824.270899,148.340225,16.174698,129.203613
165824.312196,148.451782,16.388855,129.025040
165824.353490,148.495178,16.097916,129.009598
165824.394785,148.531357,16.359451,129.107437
165824.436080,148.593094,16.166061,129.131729
165824.477376,148.530640,15.977036,128.827332
165824.518673,148.323776,16.349930,128.981247
165824.559971,148.411987,16.211304,128.904114
165824.601267,148.330399,16.324402,128.623962
165824.642562,148.384354,16.048553,128.847473
165824.683859,148.164658,16.069321,128.788956
165824.725155,148.385315,16.074905,129.175171
165824.766450,148.232162,16.035172,128.481964
165824.807748,148.326859,16.192535,128.791229
165824.849045,148.411911,16.186539,129.034149
165824.890342,148.495514,15.987854,128.920959
165824.931640,148.381393,15.946381,128.876907
165824.972938,148.338882,16.178207,128.798264
165825.014233,148.420532,16.125763,129.075150
165825.055528,148.492111,15.962173,128.953918
165825.096822,148.484436,16.093445,129.009109
165825.138119,148.388977,16.109085,128.877136
165825.179411,148.314941,16.170517,128.768463
165825.220706,148.510849,16.215134,128.940781
165825.262001,148.554367,15.871719,128.701492
165825.303298,148.427353,16.270599,129.068024
165825.344592,148.335556,16.201431,128.972015
165825.385887,148.205444,15.905289,128.818298
165825.427180,148.395233,16.045639,128.827698
165825.468476,148.555817,16.204498,129.029556
165825.509773,148.355118,16.239410,129.055267
165825.551067,148.531906,16.249329,129.058868
165825.592364,148.451691,16.234406,129.130692
165825.633659,148.499466,16.277512,128.989029
165825.674952,148.368011,16.275421,129.150070
165825.716247,148.275650,16.126801,129.115463
165825.757542,148.413773,16.046005,128.804581
165825.798838,148.484375,16.223068,128.929291
165825.840132,148.422531,16.007034,128.989227
165825.881427,148.535233,15.835068,129.011719
165825.922722,148.354858,16.096558,129.329407
165825.964018,148.304413,16.104843,129.259949
165826.005315,148.337875,16.192062,129.605988
165826.046610,148.464203,16.229828,129.173965
165826.087905,148.312515,16.342270,129.363876
165826.129201,148.050507,16.431198,129.296234
165826.170496,148.379364,16.399979,129.211044
165826.211792,148.131424,16.393997,129.148010
165826.253087,148.438141,16.243927,129.126938
165826.294381,148.309280,16.339905,129.081680
165826.335674,148.427231,16.274750,129.186340
165826.376968,148.391098,16.298691,128.944107
165826.418266,148.178543,16.296738,128.880661
165826.459563,148.278610,16.500397,128.815674
165826.500860,148.356033,16.195282,128.919754
165826.542158,148.358261,16.291275,129.002197
165826.583457,148.436737,16.334518,129.024673
165826.624752,148.340820,16.146317,129.164581
165826.666048,148.301773,16.023224,129.248199
165826.707343,148.468964,16.110397,129.062561
165826.748640,148.271423,16.218231,128.760986
165826.789935,148.619568,16.409103,128.886185
165826.831232,148.532181,16.243286,128.820633
165826.872530,148.530960,16.213348,128.769135
165826.913826,148.333603,16.019821,128.767776
165826.955120,148.415695,16.281128,129.140991
165826.996415,148.353546,16.095062,129.027527
165827.037709,148.350967,16.175415,128.872375
165827.079003,148.105270,16.150787,129.114914
165827.120299,148.241470,16.210144,129.451431
165827.161596,148.275955,16.330887,129.192734
165827.202893,148.026367,16.015289,129.249466
165827.244187,148.215225,16.029800,129.426041
165827.285482,148.537247,16.129807,129.091354
165827.326780,148.263611,16.118408,129.331314
165827.368077,148.304214,15.871521,128.794205
165827.409370,148.366684,15.895142,129.069855
165827.450666,148.423660,16.049438,128.925781
165827.491962,148.304459,16.090683,129.586807
165827.533257,148.524231,16.114380,129.215836
165827.574550,148.283859,16.107407,129.043365
165827.615844,148.358704,16.123947,128.890381
165827.657140,148.174835,16.170013,129.441544
165827.698435,148.253754,16.133316,129.018265
165827.739731,148.066483,16.026138,129.186829
165827.781027,148.329147,16.011688,129.600571
165827.822324,148.331421,16.032837,129.745453
165827.863621,148.311630,16.238876,129.112244
165827.904915,148.094086,16.318329,129.625549
165827.946210,148.355194,16.188599,129.157257
165827.987505,148.341080,16.259384,129.159531
165828.028801,148.270401,16.177780,129.366043
165828.070097,148.351028,16.174026,129.432724
165828.111393,148.305222,16.399597,129.085999
165828.152691,148.381668,16.193649,128.843475
165828.193991,148.636597,16.097778,129.008530
