38442.018396,154.139450,18.546646,126.134552
38442.059694,153.963898,18.619339,126.224655
38442.100992,154.358673,18.551743,125.758820
38442.142289,154.045395,18.539948,125.714859
38442.183585,154.193863,18.511703,125.680283
38442.224883,153.910141,18.570190,125.781372
38442.266182,154.059814,18.594498,125.812012
38442.307481,154.177521,18.410614,125.484863
38442.348779,154.043991,18.704468,125.655197
38442.390081,154.064560,18.514023,125.822586
38442.431380,154.102982,18.662857,125.991257
38442.472680,154.108521,18.423950,125.883270
38442.513979,154.051575,18.569794,125.967560
38442.555277,154.092590,18.452118,126.102249
38442.596575,153.982712,18.594666,126.153763
38442.637877,153.771057,18.445053,126.223633
38442.679176,153.879822,18.753204,126.154404
38442.720475,154.078186,18.633087,126.035217
38442.761773,153.718277,18.910049,126.285614
38442.803072,154.054596,18.753006,126.117737
38442.844371,154.122070,18.614563,126.188950
38442.885670,154.063797,18.587006,126.137009
38442.926969,153.916702,18.655411,126.018265
38442.968267,153.850082,18.705139,125.847458
38443.009565,153.873520,18.701111,125.836349
38443.050864,153.690353,18.546051,125.950668
38443.092162,153.773682,18.595779,125.820435
38443.133457,153.901138,18.544800,125.875595
38443.174755,153.810181,18.231949,125.708038
38443.216054,153.871628,18.501205,125.580841
38443.257351,153.871887,18.466507,125.606400
38443.298650,154.105621,18.210632,125.828888
38443.339948,153.813400,18.512115,125.825623
38443.381248,154.006302,18.449722,125.707733
38443.422546,153.962738,18.410141,125.897781
38443.463841,153.812164,18.708725,125.676697
38443.505140,153.939072,18.454315,125.667831
38443.546438,153.861816,18.664398,125.588013
38443.587735,153.897995,18.526901,125.523956
38443.629034,153.705475,18.650391,125.423843
38443.670333,153.909607,18.446747,125.646515
38443.711633,153.958359,18.421280,125.461166
38443.752934,153.826065,18.458328,125.353745
38443.794232,153.630341,18.599731,125.611115
38443.835529,154.049515,18.559128,125.436813
38443.876826,153.748657,18.605484,125.797607
38443.918124,153.888199,18.436890,125.667145
38443.959423,153.897079,18.553741,125.430679
38444.000722,153.825073,18.429855,125.205261
38444.042020,153.512466,18.781113,125.438354
38444.083318,153.532654,18.787643,125.464859
38444.124616,153.838715,18.561752,125.128433
38444.165913,153.791351,18.528946,125.230774
38444.207210,153.796051,18.403656,125.329987
38444.248507,153.778778,18.587997,125.149704
38444.289802,153.884567,18.392944,125.184128
38444.331098,153.814697,18.583878,125.312515
38444.372396,153.755203,18.487076,125.317001
38444.413695,153.941269,18.543503,125.063461
38444.454995,153.913788,18.536011,125.441086
38444.496293,153.887115,18.506805,125.416290
38444.537591,153.778687,18.481934,125.225815
38444.578892,153.893799,18.592789,125.482239
38444.620193,153.863937,18.405121,125.552643
38444.661495,153.914627,18.420547,125.563660
38444.702794,154.075439,18.428711,125.416214
38444.744091,153.915161,18.449295,125.314972
38444.785390,153.860626,18.396088,125.272842
38444.826692,153.826874,18.538895,125.668259
38444.867994,153.783066,18.247910,125.426193
38444.909295,153.968918,18.418640,125.463913
38444.950594,153.781601,18.334503,125.562622
38444.991896,154.062149,18.201950,125.339066
38445.033196,153.778534,18.429535,125.797104
38445.074496,153.782104,18.517105,125.690491
38445.115796,153.975082,18.256104,125.364990
38445.157096,154.113571,18.455566,125.252457
38445.198397,154.038940,18.198059,125.797607
38445.239699,153.878952,18.330597,125.611206
38445.280999,154.009933,18.436386,124.965256
38445.322299,153.897125,18.342148,125.608978
38445.363599,153.834290,18.641525,125.669235
38445.404899,153.846207,18.469131,125.377884
38445.446199,153.919876,18.587173,125.393600
38445.487497,154.039093,18.532471,125.576080
38445.528796,153.956787,18.640701,125.353302
38445.570094,153.987747,18.594070,125.758667
38445.611393,154.054245,18.456650,125.363266
38445.652690,154.016571,18.344131,125.196396
38445.693991,154.045074,18.276947,125.306946
38445.735290,154.129379,18.454376,125.673477
38445.776588,154.043747,18.502884,125.240601
38445.817886,154.004364,18.474564,125.622467
38445.859185,153.854233,18.308197,125.738144
38445.900485,153.953247,18.420868,125.840164
38445.941783,153.886963,18.448410,125.780304
38445.983084,154.014801,18.310196,125.510880
38446.024385,154.060104,18.614441,125.509048
38446.065686,153.998245,18.463318,125.684601
38446.106986,153.891800,18.376953,125.641998
38446.148288,154.117828,18.533722,125.619598
38446.189589,154.001678,18.667206,125.474274
38446.230893,154.117371,18.593765,125.392151
38446.272193,154.031128,18.565918,125.502350
38446.313494,153.868103,18.500137,125.721649
38446.354796,153.797531,18.481491,125.406433
38446.396099,153.625153,18.856522,125.700119
38446.437400,153.788528,18.495636,125.828568
38446.478701,153.858704,18.741013,125.509537
38446.520001,153.728134,18.565094,125.893341
38446.561300,154.019287,18.308746,125.490219
38446.602600,153.848297,18.417282,125.680252
38446.643899,154.056274,18.582123,125.824783
38446.685198,153.820557,18.690659,125.577713
38446.726498,153.897507,18.541382,125.723343
38446.767796,154.067398,18.374664,125.889694
38446.809095,153.732941,18.692917,125.752640
38446.850396,153.792191,18.506134,125.220993
38446.891696,154.041931,18.414597,125.298370
38446.932994,153.992661,18.448776,125.659958
38446.974294,153.823318,18.254791,125.355362
38447.015592,153.775497,18.499466,125.672302
38447.056891,153.838745,18.518311,125.478622
38447.098190,153.792419,18.509171,125.629562
38447.139489,153.954437,18.395935,125.228867
38447.180789,153.891953,18.422653,125.555038
38447.222088,154.000031,18.515900,125.653961
38447.263387,153.821198,18.467392,125.759644
38447.304686,153.917435,18.568985,125.393158
38447.345983,153.745209,18.397964,125.576874
38447.387284,153.721924,18.449081,125.673584
38447.428583,153.576645,18.476166,125.537872
38447.469885,153.806702,18.303406,125.449570
38447.511188,153.789719,18.518158,125.830566
38447.552490,153.803162,18.429443,125.332886
38447.593792,153.799316,18.541534,125.417267
38447.635094,154.045944,18.186768,125.395020
38447.676394,153.653656,18.473267,125.464310
38447.717697,153.659668,18.505188,125.407837
38447.758999,153.808228,18.124710,125.631897
38447.800301,153.953629,18.209869,125.663147
38447.841600,153.965881,18.090057,125.685974
38447.882898,153.811172,18.442856,125.647324
38447.924197,153.923416,18.537262,125.602371
38447.965496,153.949890,18.502045,125.333206
38448.006795,153.831726,18.424683,125.239899
38448.048096,153.737778,18.551285,125.468307
38448.089397,154.106232,18.351807,125.264618
38448.130697,153.882401,18.384750,125.467117
38448.171998,154.044769,18.311035,124.898285
38448.213297,154.035416,18.457199,124.988998
38448.254596,154.097733,18.284607,125.406082
38448.295893,154.123215,18.250946,125.443008
38448.337194,154.145721,17.917206,125.471817
38448.378491,154.011703,18.278503,125.592056
38448.419789,153.944504,18.178497,125.503494
38448.461088,154.152878,17.983078,125.365952
38448.502386,154.018524,17.862076,125.652405
38448.543686,154.005524,17.922134,125.286453
38448.584985,154.198700,17.967972,125.144730
38448.626284,154.040649,18.144806,125.556107
38448.667584,154.217911,18.132858,125.307938
38448.708884,154.174820,17.932541,125.436554
38448.750183,154.088165,18.153595,125.173203
38448.791482,154.202560,18.146561,125.326080
38448.832780,154.224457,18.459763,125.116180
38448.874078,154.296829,18.045609,125.347336
38448.915376,154.345886,18.135040,125.331024
38448.956675,154.323441,18.032486,125.529266
38448.997974,154.029053,18.280426,125.329376
38449.039273,153.962616,18.232300,125.473434
38449.080572,154.178757,18.031326,125.389038
38449.121869,153.959717,18.021423,125.377853
38449.163166,153.945282,18.430923,125.213760
38449.204465,154.084976,18.157547,125.272491
38449.245764,154.105820,18.350311,125.166397
38449.287062,154.064774,18.224915,125.407837
38449.328361,154.199417,18.297043,125.171448
38449.369660,154.234787,18.203262,125.431412
38449.410960,153.941315,18.244949,125.506454
38449.452260,154.100754,18.192993,125.127472
38449.493563,154.208862,18.308548,125.150940
38449.534868,154.362930,18.114090,125.148972
38449.576171,154.202469,17.968765,125.471893
38449.617475,153.939636,18.215912,125.693604
38449.658779,154.266678,18.065781,125.512711
38449.700082,154.271378,17.914902,125.451019
38449.741385,154.207626,18.082413,125.400894
38449.782688,154.047516,18.001495,125.342316
38449.823991,154.205597,17.927750,125.626663
38449.865293,154.096466,18.129715,125.630447
38449.906595,154.284683,18.007370,125.737259
38449.947896,154.194260,18.123581,125.598053
38449.989196,154.197052,18.099548,125.447052
38450.030497,154.028366,18.267563,125.790253
38450.071796,154.273178,18.221222,125.575958
38450.113095,154.401108,18.237259,125.227081
38450.154395,154.381927,17.995331,125.247833
38450.195695,154.093307,18.098938,125.523254
38450.236996,154.195114,18.363022,125.382278
38450.278295,154.084503,18.147156,125.394943
38450.319595,154.265457,18.114059,125.537888
38450.360894,154.215012,18.069504,125.538620
38450.402193,154.319489,18.088638,125.511490
38450.443491,154.238846,17.891495,125.503159
38450.484790,154.411636,18.027725,125.358948
38450.526090,154.171249,18.097717,125.290161
38450.567387,154.143219,18.153931,125.487335
38450.608685,154.252380,18.147034,125.397858
38450.649981,154.234024,18.452896,125.160950
38450.691279,154.193741,18.107193,125.326675
38450.732577,154.244080,18.531891,125.358337
38450.773874,154.273422,18.513809,125.260422
38450.815170,154.059372,18.493301,124.933441
38450.856468,154.276627,18.167847,125.390854
38450.897764,154.125046,18.314774,124.947311
38450.939062,154.248795,18.207443,125.153534
38450.980361,153.946869,18.162323,125.360855
38451.021659,154.124741,18.312592,125.308731
38451.062957,154.087799,18.151840,125.085678
38451.104254,154.240616,18.259369,125.535110
38451.145551,154.177612,18.081833,125.281616
38451.186848,154.160400,18.259369,125.160477
38451.228145,153.943314,18.596375,125.056076
38451.269443,153.962402,18.600174,125.206421
38451.310738,153.994324,18.549759,125.286484
38451.352037,153.929718,18.588486,125.311432
38451.393336,153.999908,18.536499,124.870743
38451.434636,153.996979,18.507263,124.997559
38451.475931,154.162399,18.680237,125.014282
38451.517227,154.063950,18.574753,124.949112
38451.558521,154.119873,18.255539,125.200134
38451.599818,154.218887,18.412109,125.266861
38451.641116,154.351501,18.290909,125.394394
38451.682414,154.166473,18.572693,125.372910
38451.723711,154.103348,18.285324,125.470627
38451.765011,154.011841,18.290176,125.233795
38451.806309,154.120224,18.234329,125.160812
38451.847607,154.130798,18.324142,125.450012
38451.888905,154.231934,18.474564,125.490326
38451.930202,154.273178,18.190826,125.459305
38451.971498,154.223831,18.501266,125.379822
38452.012795,154.306061,18.369186,125.585114
38452.054095,154.042801,18.463181,125.349838
38452.095394,154.397385,18.229813,125.380737
38452.136694,154.300171,18.315125,125.544235
38452.177993,154.282547,18.225250,125.509048
38452.219292,154.243774,18.046722,125.661179
38452.260592,154.232819,18.071594,125.429749
38452.301891,154.197983,17.964218,125.560974
38452.343191,154.271698,18.308304,125.599869
38452.384489,153.926254,18.196777,125.781967
38452.425788,153.883499,18.308685,125.669022
38452.467090,154.279922,18.383560,125.737961
38452.508391,154.191864,18.503311,125.370514
38452.549693,154.233444,18.347076,125.329422
38452.590995,154.074646,18.339203,125.288315
38452.632294,154.117935,18.520874,125.499771
38452.673593,154.146225,18.337738,125.437531
38452.714892,154.250732,18.471115,125.352646
38452.756191,154.200974,18.427246,125.259308
38452.797490,154.430984,18.203186,125.398895
38452.838788,154.310516,18.071411,125.466278
38452.880085,154.269150,18.302536,125.494736
38452.921381,154.148041,18.179169,125.341599
38452.962677,154.257797,18.144836,125.237091
38453.003977,154.391464,18.298187,125.353775
38453.045276,154.271210,18.377167,125.594269
38453.086575,154.247345,18.438095,125.239212
38453.127876,154.228546,18.148911,125.075851
38453.169175,154.296692,18.209198,125.255753
38453.210475,154.302567,18.048309,125.275223
38453.251772,154.471878,18.144333,125.347748
38453.293071,154.463181,18.044006,125.217834
38453.334368,154.531998,18.339432,125.125839
38453.375670,154.710373,17.994385,125.027191
38453.416971,154.449585,18.369415,125.095139
38453.458271,154.373749,18.080032,125.541611
38453.499570,154.299622,18.093353,125.298660
38453.540870,154.317413,18.123657,125.277893
38453.582170,154.190674,18.288681,125.190384
38453.623469,154.351227,18.129196,125.129898
38453.664769,154.123901,18.148773,125.286423
38453.706068,154.264328,18.114594,125.232605
38453.747366,154.068253,18.200958,125.198486
38453.788664,154.281784,18.280624,125.225784
38453.829962,154.362549,18.124008,124.950836
38453.871263,154.228592,18.318863,125.278992
38453.912563,154.376251,18.077774,125.148331
38453.953865,154.434631,18.161636,125.094940
38453.995165,154.137909,18.244064,125.483383
38454.036465,154.403442,18.260635,125.116776
38454.077766,154.262192,18.134338,125.064011
38454.119065,154.316086,18.230667,125.196411
38454.160363,154.186401,18.207321,125.364777
38454.201663,154.225967,18.068756,125.342697
38454.242961,154.550842,18.184921,125.178192
38454.284258,154.249329,18.221619,125.049835
38454.325560,154.210175,18.243301,125.387344
38454.366859,154.257339,18.485397,125.682327
38454.408159,154.205948,18.434998,125.613144
38454.449458,154.225189,18.813644,125.610245
38454.490756,154.205002,18.546829,125.277481
38454.532052,154.005661,18.714569,125.388474
38454.573347,154.344040,18.537155,125.202148
38454.614643,154.177948,18.519699,125.207886
38454.655939,154.253418,18.540741,125.395782
38454.697236,154.415512,18.468170,125.122772
38454.738535,154.124268,18.526703,125.604965
38454.779834,154.137054,18.528717,125.486771
38454.821134,154.287460,18.226471,125.374084
38454.862433,154.393051,18.359100,125.443161
38454.903731,154.432968,18.300751,125.215866
38454.945028,154.410461,18.240234,125.616943
38454.986327,154.377625,18.298920,125.576614
38455.027626,154.246658,18.188248,125.836731
38455.068926,154.142075,18.361908,125.450424
38455.110224,154.021057,18.480026,125.560440
38455.151523,154.327835,18.318756,125.473602
38455.192820,154.084229,18.712982,125.291779
38455.234118,154.431595,18.393524,125.351013
38455.275416,154.444443,18.424713,125.271362
38455.316714,154.252792,18.362778,125.274490
38455.358011,154.267746,18.388550,125.385193
38455.399312,154.248260,18.470718,125.633331
38455.440613,154.248184,18.420609,125.186996
38455.481913,154.339691,18.324005,125.181885
38455.523213,154.177750,18.372040,125.478775
38455.564509,154.414246,18.204971,125.434891
38455.605804,154.186050,18.416092,125.463699
38455.647101,154.109711,18.248276,125.458557
38455.688398,154.175674,18.104462,125.196075
38455.729695,154.252350,18.102280,125.247375
38455.770993,154.261780,18.433563,125.356247
38455.812291,154.176819,18.453842,125.035965
38455.853590,154.318726,18.185196,125.124466
38455.894889,154.112885,18.580048,125.099945
38455.936186,154.257767,18.467896,125.336777
38455.977487,154.284958,18.271469,124.895432
38456.018786,154.294098,18.663193,124.978500
38456.060086,154.320312,18.272751,125.012482
38456.101385,154.128036,18.395035,125.288956
38456.142682,154.252319,18.468719,125.338425
38456.183979,154.235291,18.509674,125.265793
38456.225277,154.349121,18.356781,125.392487
38456.266575,154.123672,18.574646,125.401169
38456.307875,154.196655,18.341370,125.267456
38456.349172,154.345062,18.316849,125.196640
38456.390469,154.010269,18.471375,125.280762
38456.431765,154.143341,18.358307,125.719879
38456.473062,154.248077,18.674500,125.296127
38456.514357,154.227264,18.419449,125.362518
38456.555654,154.103516,18.482361,125.345078
38456.596951,154.249741,18.355896,125.305710
38456.638248,154.208054,18.459641,125.001266
38456.679543,154.249283,18.382416,125.211777
38456.720840,154.103867,18.354874,125.256958
38456.762139,154.123260,18.380661,125.352097
38456.803438,154.219604,18.244141,125.187561
38456.844740,154.030518,18.425995,125.716309
38456.886039,153.927261,18.404129,125.498184
38456.927338,153.886536,18.479492,125.656921
38456.968634,153.855988,18.483551,125.733856
38457.009934,153.950439,18.280487,125.479874
38457.051233,154.227234,18.238159,125.776962
38457.092533,154.313782,18.216446,125.485001
38457.133835,154.170471,18.304321,125.172913
38457.175135,154.228439,18.185806,125.064850
38457.216436,154.381485,18.388260,125.276367
38457.257734,154.346161,18.279434,125.159149
38457.299033,154.365280,18.188400,125.243973
38457.340335,154.494064,18.137955,125.081360
38457.381636,154.100357,18.167725,125.407928
38457.422937,154.224304,18.221542,125.244080
38457.464238,154.278336,18.025589,125.557785
38457.505538,154.335480,18.133163,125.701294
38457.546840,154.364243,18.195679,125.397018
38457.588146,154.339264,17.980392,125.408951
38457.629450,154.407242,17.841782,125.456955
38457.670751,154.088928,18.147217,125.269196
38457.712051,154.257263,18.123093,125.469254
38457.753356,154.428925,18.180054,125.272095
38457.794654,154.577316,18.168930,125.391815
38457.835958,154.483536,18.226715,125.216980
38457.877260,154.621109,18.032471,125.393753
38457.918563,154.372894,18.221924,125.129837
38457.959868,154.610672,18.060562,124.772507
38458.001172,154.130661,18.458542,125.119644
38458.042477,154.329849,18.117386,125.050735
38458.083781,154.336639,18.000183,124.973938
38458.125086,154.335922,18.186859,125.163361
38458.166388,154.247940,18.195221,125.399826
38458.207692,154.432404,18.023544,125.024826
38458.248995,154.266434,17.947815,125.172729
38458.290296,154.220474,18.139801,125.177902
38458.331600,154.071487,18.104843,125.054642
38458.372904,154.421341,18.249039,124.970306
38458.414204,154.389450,18.234772,125.148483
38458.455507,154.329605,18.158707,125.259308
38458.496810,154.408401,17.816681,125.465714
38458.538112,154.520554,18.011444,125.308197
38458.579410,154.256149,18.226959,125.089035
38458.620708,154.181274,18.309845,124.820343
38458.662008,154.270340,18.113327,125.215851
38458.703307,154.410904,18.059097,125.325073
38458.744608,154.447281,17.903641,125.319153
38458.785911,154.276108,17.971817,125.282379
38458.827211,154.103455,18.137604,125.336655
38458.868513,154.251755,18.062653,125.215530
38458.909813,154.075409,18.130875,125.257538
38458.951115,154.266953,18.349640,125.165619
38458.992417,154.197449,18.048981,125.368317
38459.033719,154.152695,18.310867,124.878815
38459.075021,154.099960,18.525986,125.238449
38459.116321,154.260788,18.103607,124.948730
38459.157622,154.194077,18.253036,125.087479
38459.198925,154.284714,18.218842,125.089081
38459.240226,154.276016,18.126404,125.041580
38459.281526,154.334457,18.122864,124.912628
38459.322828,154.367126,18.140091,125.129929
38459.364128,154.336212,18.021423,125.177292
38459.405427,154.294174,18.016113,125.150467
38459.446729,154.170120,18.099701,125.314346
38459.488027,154.126434,18.114197,125.131760
38459.529329,154.020554,18.300369,125.214111
38459.570628,154.220245,17.934402,125.486908
38459.611928,154.121231,18.313797,125.300095
38459.653226,154.283585,18.210999,125.385712
38459.694525,154.005463,18.312454,125.133041
38459.735825,153.858322,18.488785,125.501831
38459.777120,154.114655,18.246552,125.427551
38459.818416,154.055679,18.312225,125.194946
38459.859715,154.166931,18.037811,125.390381
38459.901014,154.507935,18.096161,125.016373
38459.942314,154.426239,18.280853,125.463074
38459.983615,154.266022,18.205948,125.067978
38460.024915,154.220886,18.146210,125.305267
38460.066216,154.090591,18.410355,125.107391
38460.107516,154.276260,18.063446,125.351303
38460.148816,154.244186,18.060608,125.363556
38460.190116,154.227707,18.196533,125.340454
38460.231415,154.105972,18.125427,125.221451
38460.272712,153.893417,18.403839,125.411926
38460.314011,154.065628,18.304688,125.568863
38460.355311,154.126877,18.385620,125.682693
38460.396612,154.342255,18.450165,125.480453
38460.437911,154.003250,18.295074,125.376404
38460.479211,153.995468,18.090561,125.432022
38460.520511,154.387070,18.066788,125.531631
38460.561809,154.385635,18.212936,125.137680
38460.603105,154.194168,18.228882,124.996796
38460.644402,154.266006,18.107407,125.180283
38460.685698,154.504288,18.064514,125.174652
38460.726994,154.211090,18.008148,125.289917
38460.768290,154.426559,18.176529,125.352921
38460.809587,154.285980,18.145096,125.198624
38460.850884,154.151245,17.972885,125.509903
38460.892185,154.267303,18.055573,125.480179
38460.933485,154.049026,18.164658,125.559479
38460.974783,154.364822,18.156845,125.626587
38461.016080,154.405243,18.174576,125.789230
38461.057377,154.377197,18.298813,125.245071
38461.098674,154.255554,17.826538,125.623642
38461.139973,154.617920,17.821655,125.149551
38461.181274,154.437912,18.282669,125.484329
38461.222573,154.634933,18.083771,125.296844
38461.263876,154.345917,18.130905,125.336380
38461.305178,154.153732,18.011642,125.261566
38461.346480,154.296417,18.229919,125.279297
38461.387782,154.223572,18.169006,125.436768
38461.429083,154.143951,18.368729,125.280746
38461.470384,154.184204,18.307419,125.539124
38461.511686,154.197189,18.309174,125.513229
38461.552987,154.276184,18.129196,125.700912
38461.594288,154.121674,18.235413,125.765991
38461.635588,154.239517,18.309372,125.296982
38461.676890,154.242203,18.204224,125.361099
38461.718189,154.327225,18.358841,125.465378
38461.759487,154.103882,18.411011,125.320541
38461.800787,154.244278,18.195953,124.905289
38461.842087,154.510834,18.079010,125.413834
38461.883388,154.360611,18.179626,125.393250
38461.924689,154.340927,17.945694,125.319000
38461.965992,154.243210,17.946228,125.524109
38462.007294,154.364655,18.156677,125.254822
38462.048595,154.362625,18.154556,125.508148
38462.089894,154.357300,18.099197,125.627823
38462.131193,154.361969,18.065338,125.599625
38462.172491,154.084396,18.261856,125.671417
38462.213790,154.215607,18.220779,125.855377
38462.255086,154.317520,18.163101,125.627869
38462.296386,154.250137,18.359558,125.263428
38462.337685,154.419952,18.464600,125.633774
38462.378987,154.460419,18.297775,125.639954
38462.420286,154.402939,18.451279,125.509308
38462.461586,154.350357,18.356689,125.594711
38462.502885,154.223770,18.127411,125.234985
38462.544184,154.259903,18.227737,125.185181
38462.585485,154.637238,18.135544,125.472061
38462.626789,154.337723,18.182465,125.674652
38462.668091,154.293396,18.301712,125.385086
38462.709390,154.263901,18.150330,125.434341
38462.750689,154.289368,18.352005,125.740250
38462.791989,154.165314,18.024384,125.451706
38462.833290,154.176346,17.963852,125.366196
38462.874589,154.258224,18.059341,125.526566
38462.915889,154.246475,18.241409,125.693634
38462.957187,154.429260,18.234726,125.545975
38462.998487,154.511353,18.267273,125.928772
38463.039788,154.331482,17.997147,125.671188
38463.081087,154.538422,18.094208,125.759521
38463.122388,154.470947,18.258484,125.631973
38463.163688,154.258545,18.413208,125.342407
38463.204986,154.513580,18.147522,125.167160
38463.246285,154.477325,18.155930,125.634125
38463.287585,154.401947,17.921417,125.526337
38463.328885,154.412460,18.206314,125.646393
38463.370185,154.573853,18.213638,125.622574
38463.411483,154.325882,18.027634,125.598679
38463.452782,154.217163,18.113052,125.497437
38463.494082,154.394196,18.224655,125.304855
38463.535378,154.143188,17.961716,125.729401
38463.576678,154.351364,18.170135,125.521042
38463.617978,154.018372,18.435623,125.245026
38463.659276,154.280380,18.038788,125.235748
38463.700575,154.049454,18.488815,125.603134
38463.741873,154.284103,18.306427,125.336380
38463.783170,154.401550,18.393387,125.075943
38463.824469,154.300507,18.389786,125.047638
38463.865767,154.350769,18.456924,125.580948
38463.907065,154.242584,18.385101,125.211380
38463.948362,154.107697,18.267014,125.299744
38463.989661,154.038788,18.296753,125.584198
38464.030961,154.251694,18.385773,125.633804
38464.072262,154.282623,18.180023,125.385895
38464.113561,154.072784,18.094452,125.563965
38464.154862,154.094833,17.983047,125.526520
38464.196163,154.266632,18.162125,125.625931
38464.237464,154.276871,18.169601,125.507172
38464.278764,154.292374,18.242996,125.847397
38464.320064,154.163895,18.404907,125.337051
38464.361363,153.970612,18.593414,125.479462
38464.402660,153.978195,18.593842,125.521179
38464.443960,154.285309,18.552124,125.377029
38464.485259,154.061905,18.270660,125.028152
38464.526556,153.974991,18.208313,125.422043
38464.567855,153.979553,18.119110,125.409805
38464.609155,154.126312,18.141815,125.396088
38464.650455,154.212616,18.094421,125.363937
38464.691753,154.288162,18.218201,125.561325
38464.733053,154.094589,18.166138,125.114319
38464.774353,154.431641,18.095734,125.693161
38464.815655,154.068985,18.261612,125.686676
38464.856955,154.484146,18.165390,125.367432
38464.898255,154.136490,18.155151,125.467316
38464.939554,154.436615,18.039307,125.235306
38464.980855,154.198837,18.038010,125.501419
38465.022155,154.361893,18.172089,125.496048
38465.063454,154.287216,18.236389,125.515518
38465.104756,154.366577,18.116119,125.308197
38465.146056,154.404572,18.207062,125.730270
38465.187357,154.289505,18.137924,125.543213
38465.228657,154.223358,18.137650,125.500961
38465.269958,154.094254,18.103149,125.585037
38465.311258,154.334091,17.904205,125.721771
38465.352557,154.290070,17.980560,125.518539
38465.393857,154.371567,17.956635,125.812683
38465.435156,154.265030,18.098999,125.526047
38465.476456,154.427582,17.952377,125.392853
38465.517757,154.440216,17.935608,125.571533
38465.559055,154.300293,17.909088,125.753036
38465.600356,154.323868,18.124634,125.259323
38465.641655,154.196503,18.097870,124.956329
38465.682956,154.417633,18.184677,125.480255
38465.724259,154.416656,17.964600,125.185196
38465.765560,154.487015,18.235611,125.105438
38465.806861,154.478638,18.108887,125.002548
38465.848161,154.396240,18.029968,125.152542
38465.889462,154.370422,18.075195,125.070007
38465.930763,154.176437,18.008774,125.101334
38465.972065,154.092300,17.959106,125.139542
38466.013370,154.267761,18.212036,125.505188
38466.054675,154.286942,18.016281,125.156937
38466.095979,154.273544,17.953842,125.594437
38466.137282,154.392975,18.321136,125.333115
38466.178587,154.539520,18.239410,125.197922
38466.219894,154.389557,18.297150,125.262680
38466.261200,154.417984,18.213943,125.486542
38466.302504,154.541855,18.200882,125.299103
38466.343806,154.406525,18.246628,125.313507
38466.385109,154.349686,18.474014,125.212982
38466.426412,154.297775,18.230911,125.305908
38466.467715,154.160797,18.172272,125.245895
38466.509016,154.421234,18.025253,125.552460
38466.550317,154.224945,18.283401,125.339233
38466.591617,154.361969,18.085709,125.598755
38466.632917,154.264481,18.143784,125.187119
38466.674213,154.153732,18.153687,125.250671
38466.715513,153.899811,18.313156,125.369705
38466.756813,154.138596,18.282394,125.526291
38466.798114,153.932678,18.307327,125.386993
38466.839414,154.244003,18.181305,125.401581
38466.880716,154.398392,18.515701,125.437424
38466.922018,154.106583,18.413300,125.085876
38466.963319,154.211105,18.388901,124.998260
38467.004622,154.276657,18.274612,125.099472
38467.045922,154.265518,18.686829,125.166885
38467.087223,154.208282,18.464081,124.931595
38467.128524,154.244278,18.523376,125.133789
38467.169826,154.203613,18.518005,125.287384
38467.211127,154.486313,18.181152,125.206482
38467.252430,154.404007,18.261429,125.301788
38467.293734,154.370956,18.302368,125.353882
38467.335038,154.433548,18.245880,125.156540
38467.376342,154.505081,17.969940,125.260437
38467.417647,154.363480,18.071411,125.124802
38467.458947,154.231232,18.352554,125.210037
38467.500250,154.501007,18.126465,125.253372
38467.541552,154.443176,18.404831,125.282227
38467.582852,154.450745,18.598434,125.428085
38467.624156,154.156998,18.316895,124.983246
38467.665458,154.224701,18.312134,125.141815
38467.706762,154.489914,18.342819,124.956253
38467.748063,154.352798,18.285858,125.226486
38467.789365,154.265884,18.384415,125.504028
38467.830669,154.294434,18.184525,125.363190
38467.871973,154.259644,18.279968,125.452209
38467.913276,154.427811,18.246353,125.353500
38467.954580,154.335663,18.396942,125.084396
38467.995885,154.466721,18.355438,125.487228
38468.037187,154.346405,18.239639,125.333862
38468.078488,154.359238,18.300491,125.253571
38468.119788,154.262863,18.281082,125.137527
38468.161086,154.401001,18.224197,125.258591
38468.202383,154.450394,18.385895,125.343536
38468.243684,154.555786,18.192078,125.238373
38468.284983,154.335892,18.451004,125.687027
38468.326282,154.194000,18.437485,125.443527
38468.367582,154.275833,18.542892,125.480133
38468.408884,154.322220,18.662979,125.149582
38468.450186,154.067627,18.284393,125.267319
38468.491488,154.138489,18.242950,125.373260
38468.532791,154.120682,18.194275,125.480148
38468.574092,154.226593,18.181198,125.289291
38468.615395,153.939087,18.488464,125.088531
38468.656696,154.149124,18.308090,125.312927
38468.698002,154.195816,18.096451,125.473434
38468.739306,154.384476,18.315475,125.292908
38468.780605,154.371307,18.418396,125.493698
38468.821906,154.292892,18.531372,125.385269
38468.863208,154.224548,18.545975,125.361176
38468.904511,154.482742,18.248566,125.191086
38468.945814,154.389099,18.358398,125.512772
38468.987116,154.317444,18.371567,125.321320
38469.028417,154.380661,18.316742,125.418823
38469.069721,154.400177,18.181839,125.385269
38469.111026,154.324997,18.034439,125.316132
38469.152326,154.427979,18.038589,125.489838
38469.193630,154.371674,18.111664,125.440781
38469.234934,154.278229,18.315353,125.326553
38469.276239,154.284561,18.114197,125.353485
38469.317542,154.408585,18.270111,125.369659
38469.358845,154.323425,18.238541,125.168762
38469.400150,154.456253,18.244476,125.484192
38469.441452,154.260086,18.162064,125.484955
38469.482754,154.351074,18.176590,125.364502
38469.524057,154.515808,18.327484,125.358643
38469.565362,154.391907,18.253448,125.313705
38469.606669,154.493942,18.297104,125.502243
38469.647974,154.467834,18.427887,125.539978
38469.689279,154.821716,18.068573,125.371933
38469.730580,154.608536,18.119385,125.313583
38469.771882,154.572647,18.186310,125.319626
38469.813182,154.687683,18.051910,125.477249
38469.854485,154.453705,18.162308,125.444717
38469.895787,154.577713,18.149796,125.291702
38469.937088,154.538361,18.142090,125.456970
38469.978386,154.595154,18.209061,125.790894
38470.019685,154.404968,18.272339,125.561325
38470.060986,154.256104,18.300705,125.481308
38470.102285,154.496964,18.381226,125.566910
38470.143584,154.465683,18.379349,125.595123
38470.184885,154.296936,18.485947,125.496841
38470.226185,154.426697,18.467499,125.247437
38470.267484,154.425674,18.246658,125.380997
38470.308785,154.583511,18.438950,125.145187
38470.350083,154.423630,18.206253,125.382507
38470.391381,154.500580,18.079636,125.269135
38470.432681,154.648621,18.231186,125.633987
38470.473980,154.619629,18.099747,125.542236
38470.515281,154.447998,18.078445,125.485870
38470.556584,154.540894,18.195160,125.458481
38470.597886,154.732941,17.985199,125.484268
38470.639188,154.319244,18.025970,125.540421
38470.680489,154.387726,18.085419,125.776520
38470.721790,154.484665,18.131546,125.430496
38470.763092,154.551773,17.981506,125.513580
38470.804396,154.516678,17.964111,125.040680
38470.845695,154.596863,18.065781,125.252731
38470.886995,154.602600,18.285034,125.243790
38470.928297,154.882065,17.985535,124.990814
38470.969598,154.558838,18.167679,125.102051
38471.010897,154.683746,17.905853,124.897919
38471.052198,154.746857,17.708420,125.179977
38471.093497,154.716980,17.859772,125.069504
38471.134797,154.502975,18.033234,125.081207
38471.176096,154.703125,17.778900,125.159424
38471.217395,154.477112,18.087143,125.323044
38471.258694,154.476227,17.948029,125.290970
38471.299997,154.552963,18.026825,125.272751
38471.341299,154.484238,18.009323,125.443466
38471.382598,154.229050,18.155426,125.591461
38471.423899,154.374069,18.180740,125.049530
38471.465202,154.520126,18.167816,125.474518
38471.506504,154.589020,18.120255,125.008362
38471.547807,154.340836,18.493515,125.013489
38471.589110,154.494400,18.348434,125.083801
38471.630414,154.595078,18.005005,125.224625
38471.671718,154.518539,18.273193,125.229370
38471.713024,154.438171,18.084854,125.191818
38471.754330,154.466202,18.091110,125.421219
38471.795637,154.586395,18.162155,125.324738
38471.836942,154.404007,18.189407,125.359558
38471.878246,154.239517,18.136688,125.417572
38471.919550,154.445389,17.914474,125.479736
38471.960851,154.584030,17.859375,125.647308
38472.002153,154.332901,18.206238,125.312012
38472.043454,154.654739,18.161972,125.425308
38472.084757,154.551987,18.450043,125.546371
38472.126060,154.566147,18.320587,125.196228
38472.167362,154.407852,18.191498,125.220306
38472.208664,154.421326,18.254700,125.373367
38472.249968,154.375748,18.188553,125.095245
38472.291272,154.373917,18.190765,125.245697
38472.332576,154.463593,18.139374,125.408920
38472.373879,154.452454,18.120911,125.287323
38472.415182,154.532959,18.298065,125.613068
38472.456485,154.317169,18.131851,125.526611
38472.497785,154.575851,18.133728,125.316254
38472.539089,154.220337,18.146790,125.479111
38472.580393,154.152954,18.072952,125.467377
38472.621697,154.405563,17.950958,125.489838
38472.663000,154.379349,18.254471,125.877594
38472.704302,154.654938,18.199265,125.637451
38472.745603,154.425629,18.125610,125.477783
38472.786903,154.509445,18.136337,125.617966
38472.828204,154.455170,18.108154,125.461716
38472.869506,154.511948,18.052231,125.125580
38472.910803,154.617355,18.080780,125.258621
38472.952102,154.541641,18.166687,125.319855
38472.993399,154.598770,17.841141,125.431396
38473.034696,154.776596,17.924988,125.246170
38473.075996,154.683197,17.718338,125.281815
38473.117295,154.644302,18.041733,125.493210
38473.158593,154.357391,17.889160,125.851151
38473.199893,154.452896,18.061844,125.767746
38473.241192,154.374039,17.967743,125.841705
38473.282493,154.403564,17.908005,125.930252
38473.323794,154.488007,17.911224,126.106201
38473.365094,154.656052,17.938461,125.624146
38473.406394,154.614563,17.920700,125.635010
38473.447695,154.506149,18.054688,125.450104
38473.488994,154.502411,17.945847,125.748672
38473.530296,154.307709,17.870468,125.760056
38473.571596,154.346375,18.017731,125.701797
38473.612897,154.317261,18.080063,125.650269
38473.654198,154.205627,18.066605,125.699768
38473.695501,154.332657,18.088150,125.382462
38473.736803,154.600662,17.844803,125.446899
38473.778105,154.767426,17.907196,125.204742
38473.819406,154.685226,18.029968,125.299484
38473.860706,154.432846,18.057510,125.254990
38473.902003,154.471588,18.015106,125.487885
38473.943300,154.485977,17.901260,125.361038
38473.984597,154.808624,17.922195,125.280350
38474.025899,154.688324,17.967117,125.296570
38474.067193,154.753403,18.084564,124.826401
38474.108491,154.719757,18.017807,125.072067
38474.149788,154.399963,18.108231,125.080338
38474.191088,154.425629,18.214233,125.077423
38474.232386,154.566635,18.126846,125.047241
38474.273683,154.496063,18.321365,125.199951
38474.314981,154.426010,18.011627,125.237625
38474.356283,154.373474,18.049225,125.107529
38474.397584,154.409302,18.067108,125.387466
38474.438881,154.504837,18.158234,125.397034
38474.480181,154.397583,18.111816,125.306107
38474.521478,154.454132,17.978043,125.182999
38474.562778,154.724411,17.971588,125.295197
38474.604080,154.648285,17.910461,124.909988
38474.645382,154.757828,18.106003,124.811768
38474.686682,154.740250,17.970062,125.087891
38474.727982,154.729034,17.964874,125.461563
38474.769283,154.549454,18.083527,124.963303
38474.810582,154.644592,17.894913,125.441666
38474.851885,154.453629,17.977524,125.080200
38474.893187,154.554230,18.143631,125.091721
38474.934487,154.539795,18.178391,125.216766
38474.975785,154.500885,17.903870,125.011139
38475.017086,154.533539,17.991699,125.545074
38475.058385,154.469528,18.048248,125.161606
38475.099683,154.621536,17.924423,125.308853
38475.140981,154.360199,17.937454,125.518921
38475.182280,154.408783,17.979355,125.500366
38475.223577,154.570541,18.063797,125.522919
38475.264873,154.263718,18.142853,125.320389
38475.306170,154.578827,18.386124,125.157227
38475.347466,154.282089,18.450256,125.298630
38475.388759,154.561859,18.450211,125.464783
38475.430053,154.516373,18.177277,125.462662
38475.471351,154.524841,18.189636,125.404007
38475.512650,154.630859,18.238815,125.379578
38475.553947,154.767212,18.017899,125.190521
38475.595245,154.370712,17.997528,125.233627
38475.636543,154.483139,18.156631,125.432617
38475.677842,154.572388,17.986298,125.704529
38475.719140,154.317291,18.102295,125.286194
38475.760440,154.436218,18.233643,125.501419
38475.801740,154.386932,18.044479,125.472244
38475.843038,154.605850,18.047852,125.355637
38475.884337,154.443314,18.172714,125.388596
38475.925633,154.591934,17.991547,125.249496
38475.966932,154.532166,18.177811,125.333328
38476.008235,154.525146,18.210114,125.195969
38476.049535,154.783844,18.098633,125.066330
38476.090836,154.490845,18.356049,125.148605
38476.132134,154.546753,18.298584,125.122284
38476.173433,154.560440,18.128784,124.908478
38476.214733,154.402786,18.391144,124.698746
38476.256033,154.352707,18.338654,125.330338
38476.297334,154.176193,18.346268,125.010223
38476.338634,154.388901,18.112732,124.947128
38476.379931,154.501221,18.058762,125.174301
38476.421228,154.420990,18.105133,125.137268
38476.462529,154.317139,18.243073,125.412384
38476.503830,154.298508,18.216095,125.387772
38476.545132,154.454590,18.169373,125.090271
38476.586433,154.383133,18.176071,125.345016
38476.627731,154.650848,18.057373,125.111618
38476.669031,154.474228,18.122818,125.060669
38476.710330,154.450012,18.204590,125.125702
38476.751631,154.228409,18.339691,125.199707
38476.792932,154.629227,18.255219,125.069260
38476.834231,154.443390,18.298050,125.072098
38476.875531,154.469269,18.304977,125.221741
38476.916832,154.311569,18.197067,125.241699
38476.958131,154.178772,18.224289,125.373306
38476.999429,154.360611,18.236816,125.408661
38477.040729,154.483215,18.458755,125.380676
38477.082030,154.293259,18.307251,125.119186
38477.123328,154.170715,18.266983,125.044022
38477.164627,154.306961,18.292267,125.206985
38477.205926,154.258255,18.319275,124.967575
38477.247225,154.178513,18.374054,124.899963
38477.288525,154.382950,18.491150,125.225601
38477.329826,154.234756,18.201691,125.255463
38477.371127,154.296829,18.664383,125.178436
38477.412429,154.286575,18.489426,125.212708
38477.453731,154.110107,18.654236,124.832413
38477.495033,154.142334,18.601898,125.119766
38477.536336,154.263245,18.637070,125.000366
38477.577636,154.316620,18.524429,125.153717
38477.618936,154.439621,18.438492,125.301193
38477.660236,154.334198,18.251480,125.352936
38477.701536,154.253189,18.355057,125.366623
38477.742833,154.274582,18.189423,125.237335
38477.784132,154.364456,18.209610,125.478531
38477.825431,154.367706,18.363541,125.461823
38477.866730,154.395294,18.365372,125.172318
38477.908029,154.242737,18.492584,124.930313
38477.949328,154.513565,18.405258,125.128571
38477.990626,154.272995,18.474945,125.467285
38478.031925,154.298477,18.484894,125.469589
38478.073224,154.406082,18.719559,125.193024
38478.114522,154.404816,18.509521,125.418518
38478.155819,154.013336,18.559067,125.063202
38478.197117,154.306458,18.466568,124.958054
38478.238416,154.363068,18.502625,124.776154
38478.279717,154.451492,18.328186,125.188980
38478.321017,154.273102,18.598267,125.339951
38478.362316,154.454025,18.299911,125.242691
38478.403617,154.409775,18.311066,125.345596
38478.444915,154.407639,18.313278,125.284988
38478.486214,154.385147,18.258347,124.957993
38478.527515,154.234772,18.485229,125.492737
38478.568815,154.666214,18.331741,125.158493
38478.610113,154.451385,18.441376,124.909973
38478.651413,154.586044,18.464310,125.319794
38478.692711,154.476349,18.495575,125.200455
38478.734012,154.351105,18.678711,125.322922
38478.775312,154.512634,18.589386,125.062302
38478.816609,154.409805,18.710556,124.972015
38478.857906,154.391373,18.694550,125.311478
38478.899203,154.566544,18.510696,125.058578
38478.940501,154.465302,18.593552,124.975632
38478.981798,154.584137,18.499146,124.966034
38479.023097,154.451004,18.365387,125.316833
38479.064395,154.548447,18.192780,125.205399
38479.105691,154.414871,18.426636,125.306061
38479.146988,154.849777,18.114731,125.181641
38479.188287,154.803436,18.257156,125.010468
38479.229588,154.678619,18.545486,124.651978
38479.270886,154.646027,18.479004,124.888641
38479.312186,154.522034,18.386215,124.419327
38479.353487,154.415131,18.763855,124.997009
38479.394788,154.482925,18.545685,124.968948
38479.436088,154.623688,18.588776,125.026779
38479.477391,154.507477,18.401840,125.153046
38479.518691,154.619995,18.378433,125.136337
38479.559992,154.507385,18.389603,125.414413
38479.601296,154.710571,18.341217,125.195847
38479.642596,154.679047,18.110199,125.300430
38479.683897,154.523102,18.141281,125.030945
38479.725198,154.549133,18.058578,125.384460
38479.766500,154.518723,18.188263,125.280441
38479.807801,154.455200,18.359909,124.966400
38479.849101,154.357224,18.461929,125.155380
38479.890404,154.588486,18.332626,125.156433
38479.931708,154.374466,18.332199,125.227295
38479.973013,154.487717,18.458694,124.963379
38480.014316,154.299011,18.564819,125.075607
38480.055620,154.391327,18.630203,125.290054
38480.096922,154.255783,18.561859,125.316467
38480.138223,154.452087,18.380112,125.277145
38480.179527,154.394821,18.249573,125.267090
38480.220834,154.251877,18.241226,125.053497
38480.262137,154.346466,18.535339,125.303314
38480.303440,154.363510,18.388763,124.978256
38480.344742,154.496887,18.433228,125.096252
38480.386045,154.504349,18.587875,125.246994
38480.427348,154.556091,18.410736,124.902557
38480.468652,154.271408,18.612411,125.067139
38480.509955,154.378983,18.568909,125.249237
38480.551256,154.464981,18.681198,124.872269
38480.592558,154.378052,18.611572,125.200287
38480.633862,154.472885,18.350082,125.199265
38480.675164,154.357666,18.397079,125.357986
38480.716466,154.527100,18.500473,125.286194
38480.757768,154.274597,18.664322,125.165329
38480.799070,154.369690,18.529938,125.432236
38480.840372,154.492676,18.703659,125.414963
38480.881671,154.439026,18.464417,125.474594
38480.922971,154.309479,18.618500,125.303879
38480.964270,154.590759,18.362106,125.437119
38481.005572,154.525467,18.498917,125.278824
38481.046872,154.276321,18.303513,125.606552
38481.088171,154.521286,18.317093,125.423325
38481.129470,154.234528,18.441940,125.457031
38481.170769,154.229950,18.488266,125.443924
38481.212067,154.341553,18.543427,125.466553
38481.253368,154.443954,18.538147,125.638809
38481.294667,154.250793,18.769836,125.618561
38481.335965,154.657028,18.491974,125.093063
38481.377264,154.631302,18.495956,125.132843
38481.418564,154.567093,18.286438,125.215500
38481.459863,154.300430,18.378815,125.153641
38481.501163,154.208099,18.280426,125.081207
38481.542463,154.152466,18.509598,125.081711
38481.583765,154.205429,18.641388,125.321198
38481.625065,154.255814,18.536118,125.272110
38481.666365,154.226761,18.516937,125.387695
38481.707667,154.301300,18.519135,125.155273
38481.748966,154.231125,18.586090,125.396530
38481.790271,154.331543,18.560074,125.406586
38481.831575,154.361984,18.555542,125.168167
38481.872877,154.313309,18.557892,125.476501
38481.914180,154.379669,18.326859,125.138199
38481.955480,154.416733,18.320709,125.247543
38481.996781,154.618835,18.378387,125.120911
38482.038083,154.545471,18.215210,124.964554
38482.079381,154.309799,18.460052,125.007065
38482.120678,154.419266,18.274323,125.185425
38482.161977,154.439102,18.194763,125.059494
38482.203277,154.319168,18.279892,124.922150
38482.244578,154.251633,18.319229,125.214020
38482.285875,154.100357,18.362762,125.363907
38482.327172,154.366776,18.066147,125.527161
38482.368473,154.358002,18.101089,125.326843
38482.409773,154.267609,18.181427,125.095474
38482.451070,154.408813,18.372116,125.409668
38482.492367,154.257690,18.413452,125.329422
38482.533666,154.187363,18.421555,125.058807
38482.574967,154.282349,18.623566,125.125397
38482.616265,154.277328,18.578857,125.033325
38482.657567,154.384201,18.608795,125.169632
38482.698864,154.558609,18.495819,125.431641
38482.740164,154.523163,18.452560,125.201752
38482.781463,154.439880,18.318588,125.200378
38482.822762,154.315720,18.595215,124.957779
38482.864061,154.495209,18.374451,125.427170
38482.905360,154.492004,18.393234,125.322693
38482.946657,154.239792,18.555756,125.275436
38482.987957,154.363556,18.395523,125.428650
38483.029252,154.120453,18.330734,125.465546
38483.070549,154.287308,18.529175,125.487823
38483.111847,154.288254,18.478882,125.396881
38483.153145,154.293411,18.421204,125.469391
38483.194445,154.088440,18.630768,124.947006
38483.235744,154.321747,18.428909,125.464722
38483.277045,154.219833,18.505859,125.029297
38483.318346,154.310242,18.445724,125.224350
38483.359646,154.048630,18.544250,125.074997
38483.400946,154.229034,18.424393,125.472946
38483.442248,154.340225,18.319717,125.177612
38483.483550,154.132080,18.625977,125.146103
38483.524853,154.293198,18.588913,125.285141
38483.566153,154.229736,18.580826,125.193420
38483.607454,154.123093,18.776550,124.982483
38483.648757,154.034088,18.483551,125.145157
38483.690056,154.272659,18.610931,125.371490
38483.731358,154.387466,18.624817,125.253967
38483.772660,154.409698,18.750351,125.264297
38483.813962,154.411057,18.674072,124.977402
38483.855265,154.424591,18.883743,125.283585
38483.896568,154.337524,18.685730,125.163147
38483.937870,154.586151,18.863464,125.395874
38483.979175,154.374878,18.613495,125.272125
38484.020482,154.406967,18.473618,125.306686
38484.061785,154.442078,18.390289,125.591278
38484.103086,154.205353,18.526901,125.416809
38484.144385,154.340927,18.423492,125.472321
38484.185684,154.348679,18.554184,125.425049
38484.226987,154.285751,18.684784,125.857346
38484.268289,154.361404,18.523392,125.631348
38484.309590,154.242676,18.525269,125.520920
38484.350893,154.244736,18.476517,125.484711
38484.392195,154.302155,18.666245,125.704407
38484.433496,154.332947,18.564667,125.484329
38484.474798,154.229492,18.862061,125.563278
38484.516100,154.288589,18.755264,125.597565
38484.557401,154.210892,18.825226,125.594055
38484.598703,154.435989,18.462265,125.317963
38484.640005,154.338623,18.643768,125.267166
38484.681308,153.957794,18.677017,125.343781
38484.722610,154.223175,18.404297,125.480728
38484.763911,154.333511,18.319351,125.241180
38484.805215,154.322937,18.439362,125.428772
38484.846519,154.502945,18.392746,125.304657
38484.887821,154.520447,18.388824,125.421387
38484.929123,154.255539,18.510300,125.456696
38484.970425,154.289261,18.544083,125.669907
38485.011727,154.500061,18.532028,125.041214
38485.053031,154.352158,18.418091,125.609131
38485.094333,154.605988,18.308273,125.424805
38485.135631,154.466171,18.393143,125.275101
38485.176933,154.421799,18.592239,125.367081
38485.218234,154.519623,18.333481,125.510361
38485.259537,154.595016,18.407608,125.012146
38485.300840,154.738907,18.318542,125.128082
38485.342140,154.655975,18.344864,125.340164
38485.383442,154.637085,18.182419,125.344803
38485.424744,154.504517,18.419983,125.377197
38485.466046,154.242035,18.288361,125.292969
38485.507346,154.315765,18.214142,125.432632
38485.548648,154.340057,18.105286,125.364426
38485.589951,154.317322,18.234009,125.457855
38485.631253,154.263367,18.513474,125.340164
38485.672553,154.377365,18.451965,125.434052
38485.713854,154.367371,18.585114,125.306625
38485.755154,154.359741,18.402100,125.598557
38485.796453,154.403519,18.245102,125.479813
38485.837754,154.416611,18.399582,125.606674
38485.879056,154.293167,18.426636,125.263504
38485.920357,154.541901,18.435913,125.370956
38485.961658,154.460159,18.240555,124.918015
38486.002960,154.416687,18.140381,125.019440
38486.044263,154.421265,18.277985,125.198807
38486.085565,154.400925,18.164307,125.304855
38486.126867,154.227402,18.395462,125.315216
38486.168170,154.429550,18.380875,125.491013
38486.209473,154.401123,18.285355,125.264999
38486.250775,154.186920,17.951492,125.636047
38486.292077,154.292526,18.255905,125.629166
38486.333379,154.244247,18.279144,125.669785
38486.374681,154.419586,18.399246,125.601562
38486.415983,154.627548,18.248642,125.687363
38486.457284,154.611099,18.140686,125.492630
38486.498584,154.426331,18.413300,125.303986
38486.539886,154.421631,18.586472,125.179886
38486.581186,154.400345,18.528259,125.232956
38486.622485,154.394501,18.528885,125.214172
38486.663786,154.421555,18.275009,125.482025
38486.705090,154.336838,18.116348,125.351212
38486.746390,154.461166,18.058640,125.309036
38486.787692,154.502853,18.448212,125.536072
38486.828993,154.400299,18.256470,125.141388
38486.870292,154.450043,18.300262,125.214005
38486.911590,154.515839,18.240067,125.432907
38486.952888,154.496094,18.387299,125.476913
38486.994190,154.265213,18.735748,125.326126
38487.035489,154.492584,18.535370,125.087357
38487.076791,154.060486,18.765152,125.152634
38487.118092,154.256927,18.545517,125.245575
38487.159392,154.401459,18.917343,125.268311
38487.200693,154.187958,18.797775,125.070786
38487.241994,154.305237,18.730331,124.918594
38487.283297,154.580338,18.687439,125.036575
38487.324596,154.298157,18.575409,125.534760
38487.365896,154.203613,18.483627,125.391373
38487.407197,154.151657,18.597778,125.268478
38487.448500,154.083679,18.483154,125.329834
38487.489801,154.344360,18.569061,125.521286
38487.531101,154.282715,18.500610,125.363037
38487.572402,154.471191,18.208450,125.275833
38487.613702,154.024643,18.506638,125.162750
38487.655002,154.176819,18.678207,125.211456
38487.696302,154.463425,18.529419,125.082001
38487.737601,154.360886,18.440964,124.969574
38487.778901,154.428848,18.336456,124.759109
38487.820199,154.509399,18.200455,125.267471
38487.861496,154.261353,18.490982,125.210007
38487.902793,154.484406,18.421341,125.388428
38487.944091,154.300247,18.721954,125.306381
38487.985393,154.505753,18.436493,125.231110
38488.026690,154.463135,18.326706,125.272690
38488.067989,154.254608,18.468658,125.280838
38488.109286,154.373459,18.592422,125.125351
38488.150584,154.241196,18.812775,125.748123
38488.191882,154.122711,18.511902,125.357056
38488.233181,154.487274,18.323151,125.302551
38488.274478,154.415924,18.456558,125.436569
38488.315775,154.338165,18.604507,125.394852
38488.357072,154.321136,18.414841,125.157791
38488.398369,154.507980,18.463882,125.239716
38488.439663,154.330414,18.536652,125.539215
38488.480959,154.249023,18.518539,125.418320
38488.522253,154.375351,18.353195,124.972488
38488.563550,154.439148,18.462692,125.379944
38488.604847,154.260666,18.342102,125.305847
38488.646144,154.429504,18.462296,125.380356
38488.687440,154.182083,18.387634,125.683090
38488.728736,154.302246,18.166931,125.778183
38488.770032,154.301590,18.154587,125.527802
38488.811330,154.299667,18.311050,125.217010
38488.852627,154.273102,18.159302,125.578369
38488.893924,154.078369,18.380692,125.411606
38488.935221,154.367447,18.280350,125.337463
38488.976518,154.427597,18.369003,125.644669
38489.017818,154.290375,18.488739,125.704559
38489.059117,154.154709,18.432022,126.015213
38489.100416,154.236801,18.451080,125.575333
38489.141713,154.366974,18.449234,125.382034
38489.183012,154.577347,18.364243,125.460052
38489.224311,154.448090,18.452881,125.343872
38489.265611,154.500702,18.376648,125.628738
38489.306910,154.358276,18.276749,125.355927
38489.348208,154.374283,18.258286,125.504120
38489.389505,154.548401,18.038025,125.554611
38489.430805,154.407364,18.271667,125.513245
38489.472104,154.275955,18.359634,125.425491
38489.513404,154.344482,18.391571,125.622223
38489.554704,154.250778,18.204681,125.419235
38489.596004,154.222748,18.375595,125.758530
38489.637304,154.440918,18.476822,125.397629
38489.678602,154.388474,18.254364,125.521240
38489.719903,154.660568,18.049973,125.372238
38489.761202,154.368469,18.520660,125.594421
38489.802502,154.219604,18.374710,125.644989
38489.843803,154.514252,18.590240,125.507294
38489.885101,154.490143,18.381973,125.606232
38489.926400,154.292053,18.664841,125.383759
38489.967698,154.188766,18.494507,125.347107
38490.008997,154.224915,18.432602,125.593460
38490.050296,154.077408,18.345062,125.833252
38490.091595,154.020813,18.566772,125.649490
38490.132893,154.175766,18.183990,125.835907
38490.174194,154.025467,18.303253,125.452988
38490.215497,154.138870,18.264114,125.531479
38490.256799,154.371567,18.219864,125.554718
38490.298103,154.081619,18.556351,125.585892
38490.339405,154.268036,18.449661,125.569260
38490.380708,154.400482,18.402054,125.436783
38490.422012,154.530075,18.453949,125.333008
38490.463316,154.300980,18.348984,125.130676
38490.504616,154.355286,18.326355,125.261902
38490.545916,154.372620,18.286697,125.310745
38490.587217,154.096664,18.367493,125.278687
38490.628519,154.349640,18.119217,125.418808
38490.669821,154.242218,18.135757,125.455780
38490.711121,154.385147,18.157181,125.575775
38490.752423,154.322662,18.346817,125.622772
38490.793726,154.216446,18.432693,125.525162
38490.835029,154.084366,18.220108,125.507645
38490.876328,154.401993,18.209885,125.382507
38490.917629,154.264633,18.376175,125.218948
38490.958931,153.916809,18.559372,125.546326
38491.000234,154.051132,18.613037,125.124695
38491.041537,153.967422,18.432800,125.194931
38491.082839,154.241470,18.253799,125.357574
38491.124141,154.270966,18.330093,125.310989
38491.165441,154.366776,18.221848,125.349258
38491.206745,154.380524,18.127869,125.181702
38491.248045,154.443939,18.137283,125.295563
38491.289347,154.242081,17.961975,125.368118
38491.330647,154.079636,18.213593,125.673859
38491.371945,154.240875,18.114990,125.536530
38491.413246,154.325241,18.101715,125.242599
38491.454547,154.346725,18.080185,125.232391
38491.495849,154.357422,18.195923,125.493866
38491.537151,154.413467,18.134628,125.282440
38491.578451,154.227554,18.131973,125.137283
38491.619755,154.395416,18.249313,125.686188
38491.661057,154.388260,18.307846,125.385818
38491.702354,154.191544,18.247070,125.535553
38491.743653,154.259537,18.108337,125.765366
38491.784953,154.374283,18.435059,125.624756
38491.826254,154.569595,18.024704,125.488220
38491.867554,154.626129,18.323471,125.353622
38491.908853,154.394806,18.000168,125.038193
38491.950152,154.233856,18.050308,125.266098
38491.991448,153.983444,18.272186,125.734131
38492.032746,154.475555,17.913177,125.360748
38492.074046,154.179398,18.451675,125.576782
38492.115348,154.075409,18.276184,125.214722
38492.156650,154.225357,18.079346,125.641174
38492.197949,154.172394,18.237503,125.498016
38492.239246,154.329315,18.439514,125.359695
38492.280543,154.306915,18.058533,125.351166
38492.321840,154.360138,18.128311,125.344742
38492.363136,154.112778,18.368027,125.281281
38492.404435,154.424149,18.221329,125.533493
38492.445736,154.167633,18.420166,125.401810
38492.487035,154.303772,18.277802,125.080063
38492.528335,154.299820,18.492935,124.929886
38492.569634,154.331604,18.183365,125.088837
38492.610933,154.263229,18.111145,125.668686
38492.652233,154.599594,18.153366,125.470322
38492.693532,154.310516,18.203995,125.454483
38492.734830,154.505051,18.161194,125.457764
38492.776128,154.273651,18.137009,125.383957
38492.817426,154.446259,18.137177,125.923935
38492.858724,154.544418,18.173187,125.892609
38492.900019,154.288788,18.147903,125.428055
38492.941315,154.353210,18.288773,125.523239
38492.982612,154.451828,18.332733,125.314087
38493.023908,154.578812,18.340347,125.315887
38493.065205,154.303940,18.232758,125.275726
38493.106503,154.346359,18.409500,125.310898
38493.147802,154.375687,18.114395,125.250641
38493.189099,154.438736,18.357010,125.197617
38493.230397,154.479828,18.289612,125.199463
38493.271699,154.301376,18.281448,125.204330
38493.312997,154.196945,18.403900,125.467667
38493.354296,154.255142,18.277206,125.175537
38493.395594,154.088211,18.306717,125.404266
38493.436893,154.131195,18.273392,125.335175
38493.478191,154.271057,18.306442,125.482773
38493.519490,154.583817,18.258682,125.597137
38493.560789,154.098587,18.332245,125.834549
38493.602088,154.255905,18.260178,125.803040
38493.643383,154.311432,18.348862,125.637665
38493.684677,154.226883,18.236145,125.213043
38493.725971,154.333267,18.255630,125.406036
38493.767268,154.585526,18.228699,125.782715
38493.808565,154.449966,18.320450,125.486038
38493.849863,154.147507,18.451569,125.689545
38493.891160,154.359726,18.096085,125.761581
38493.932457,154.422195,18.115723,125.759155
38493.973755,154.397690,18.116470,126.087387
38494.015053,154.293106,18.081924,125.675446
38494.056352,154.443420,18.051102,125.591125
38494.097650,154.394302,17.963531,125.829697
38494.138948,154.224609,17.849808,125.928391
38494.180249,154.345306,17.767532,125.718460
38494.221548,154.472046,17.912521,125.837860
38494.262846,154.525421,17.814819,125.660736
38494.304143,154.595810,17.869949,125.605362
38494.345441,154.469467,17.844269,125.271500
38494.386739,154.500732,17.823517,125.286209
38494.428038,154.568344,17.983353,125.057922
38494.469341,154.482300,17.964676,125.299591
38494.510644,154.464401,18.073715,125.296860
38494.551946,154.472290,17.850464,125.463791
38494.593247,154.438431,18.028702,125.628754
38494.634548,154.419952,18.087540,125.483917
38494.675850,154.352188,17.975311,125.323257
38494.717153,154.390213,18.240952,125.853180
38494.758453,154.351944,17.974487,125.716187
38494.799752,154.503067,18.100555,125.579010
38494.841054,154.416809,18.168793,125.713943
38494.882351,154.198013,18.246994,125.871185
38494.923649,154.566864,18.102188,125.691589
38494.964949,154.318069,18.328354,125.481064
38495.006249,154.408447,18.103989,125.062454
38495.047547,154.428894,18.035797,125.667252
38495.088847,154.337311,18.286011,125.342529
38495.130148,154.377762,18.165176,125.259399
38495.171446,154.373291,18.118195,125.326004
38495.212745,154.354248,18.154648,125.490738
38495.254044,154.260590,17.953415,125.508606
38495.295343,154.309586,17.979385,125.568405
38495.336643,154.409454,17.987473,125.375336
38495.377940,154.448685,17.907959,125.664108
38495.419238,154.503860,17.961121,125.473541
38495.460537,154.480759,17.951599,125.505066
38495.501836,154.307465,18.080704,125.128326
38495.543138,154.488113,17.960144,125.747650
38495.584436,154.277267,18.134216,125.521423
38495.625734,154.361572,18.000977,125.248413
38495.667033,154.407761,18.091095,125.434998
38495.708332,154.728775,17.659515,125.775024
38495.749632,154.778458,17.812927,125.503372
38495.790934,154.715698,17.804459,125.272064
38495.832236,154.570389,17.878067,125.339539
38495.873535,154.650452,17.534988,125.387558
38495.914835,154.489639,17.878281,125.629761
38495.956136,154.639206,17.873276,125.797562
38495.997438,154.557358,17.820343,125.450470
38496.038739,154.511826,17.871277,125.669128
38496.080041,154.604965,17.756363,125.562607
38496.121345,154.757477,17.588440,125.708908
38496.162647,154.415466,17.694397,125.543900
38496.203951,154.541565,17.952744,125.541641
38496.245250,154.733322,18.027252,125.752441
38496.286548,154.664246,17.943512,125.769623
38496.327848,154.662552,17.697021,125.460022
38496.369148,154.594940,17.895355,125.444611
38496.410450,154.706985,17.957413,125.482712
38496.451752,154.650833,17.885437,125.421066
38496.493056,154.437607,17.917252,125.517181
38496.534356,154.685928,17.887115,125.919708
38496.575658,154.571014,17.829391,125.269699
38496.616960,154.507568,17.750519,125.712616
38496.658262,154.728912,17.751312,125.727066
38496.699562,154.537781,17.749146,125.835220
38496.740861,154.511032,17.498016,125.590378
