129065.637118,143.417328,10.248352,122.353867
129065.678428,143.414276,10.019760,121.817017
129065.719730,143.467682,9.983551,122.170761
129065.761031,143.281586,10.275040,122.069016
129065.802332,143.168289,10.006973,121.742249
129065.843635,143.146439,10.373032,121.980209
129065.884931,143.185623,10.261169,121.829987
129065.926240,143.256958,9.808456,121.503204
129065.967542,143.088348,10.137146,121.847290
129066.008843,143.497040,9.887131,121.886337
129066.050137,143.245728,10.146286,122.038254
129066.091444,143.307953,10.157257,122.364120
129066.132744,143.203018,10.145630,122.268082
129066.174042,143.295364,10.268875,122.429321
129066.215338,143.359848,10.202408,122.014694
129066.256646,143.368454,9.964706,122.101944
129066.297942,143.418152,9.906830,122.058578
129066.339247,143.262436,9.897247,122.272919
129066.380557,143.330276,10.081604,121.795959
129066.421858,143.473129,9.863785,122.093979
129066.463159,143.438492,10.170151,122.288925
129066.504460,142.980499,10.277435,121.908463
129066.545760,143.143448,10.167145,122.242416
129066.587059,142.979691,10.187836,122.135056
129066.628360,143.189240,9.942749,122.211060
129066.669656,143.217300,10.133209,122.239746
129066.710963,143.308014,9.985626,121.941254
129066.752263,143.461212,9.961761,122.153427
129066.793564,143.391006,9.868408,121.867081
129066.834860,143.481400,9.947433,121.960571
129066.876168,143.321671,9.875320,122.116653
129066.917463,143.417389,10.012619,122.062469
129066.958770,143.393005,9.868851,122.065903
129067.000069,143.196854,9.906662,121.797424
129067.041369,143.271729,10.143372,121.671951
129067.082665,143.180008,9.959488,121.713577
129067.123974,143.252777,9.977036,121.809784
129067.165270,143.232681,9.896805,121.762878
129067.206575,143.366699,9.818542,121.884521
129067.247886,143.273682,9.995926,121.896469
129067.289183,143.213135,9.976028,121.715790
129067.330487,143.262375,9.969269,121.817581
129067.371791,143.418808,9.808014,121.786789
129067.413094,143.351227,9.931366,122.157562
129067.454395,143.360306,9.867874,121.792496
129067.495697,143.564636,9.867233,122.010010
129067.536999,143.485153,9.883011,121.750748
129067.578302,143.431824,10.034256,121.649826
129067.619611,143.445389,9.865524,121.775787
129067.660910,143.453705,9.762314,121.892548
129067.702220,143.354507,10.152786,121.950470
129067.743519,143.234085,10.096039,121.931610
129067.784828,143.163849,10.006439,122.354782
129067.826123,143.138718,9.935318,122.436340
129067.867425,143.185379,10.132828,121.879822
129067.908730,143.265244,10.185654,122.074997
129067.950032,143.160568,10.222733,122.152740
129067.991340,143.169006,10.270477,121.917664
129068.032634,143.298523,10.212936,122.046936
129068.073933,143.187057,10.326477,122.428879
129068.115240,143.190964,10.299515,122.139084
129068.156533,143.122894,10.386932,122.195953
129068.197839,143.204376,10.223923,122.060059
129068.239134,143.283463,10.092468,121.876770
129068.280440,143.133682,10.277527,122.182663
129068.321732,143.368988,10.159515,121.779129
129068.363033,143.215469,10.039642,121.698914
129068.404342,143.217148,10.057190,121.723114
129068.445638,143.339630,9.977890,121.808212
129068.486941,143.377975,9.882904,122.153061
129068.528240,143.319290,9.955536,121.991196
129068.569543,143.376923,10.014557,122.143951
129068.610851,143.508163,9.984573,122.283539
129068.652144,143.398956,10.230316,122.354050
129068.693452,143.331573,10.244705,122.129181
129068.734747,143.355423,10.157684,121.951019
129068.776047,143.617645,10.273972,122.336044
129068.817355,143.447678,10.257919,122.337219
129068.858649,143.422806,10.198761,121.792603
129068.899951,143.333344,10.019928,122.235977
129068.941255,143.210678,10.100403,122.183609
129068.982563,143.261185,10.002808,122.059113
129069.023863,142.957016,10.086319,122.174805
129069.065161,143.019547,10.089035,122.290451
129069.106452,143.015533,10.113388,122.443619
129069.147758,143.105331,10.073486,122.188583
129069.189048,143.253662,9.866867,122.218567
129069.230347,143.300598,9.939087,122.532547
129069.271655,143.473587,9.857239,122.462128
129069.312949,143.341202,10.076370,122.113556
129069.354252,143.453979,10.121002,122.456833
129069.395557,143.288223,10.074356,122.060013
129069.436866,143.327240,9.914307,122.323029
129069.478170,143.315948,10.062241,122.303848
129069.519465,143.271820,9.948334,121.902908
129069.560769,143.347931,9.941849,122.101791
129069.602073,143.393814,10.141510,122.371384
129069.643377,143.148224,9.952423,122.407745
129069.684683,143.042206,9.940170,122.402786
129069.725986,143.131790,9.992065,122.160141
129069.767296,143.166260,10.066681,122.029099
129069.808597,143.201126,10.001785,122.403458
129069.849899,143.194168,10.191376,122.285690
129069.891196,143.206604,10.066986,122.214310
129069.932504,143.356247,10.202393,122.559616
129069.973805,143.452179,10.364731,122.104385
129070.015105,143.262039,10.139084,122.062897
129070.056400,143.256485,10.324478,121.997284
129070.097705,143.020370,10.171692,121.988998
129070.139013,143.164795,10.357803,122.175720
129070.180310,143.091049,10.159103,122.022202
129070.221614,143.104538,10.203156,122.214951
129070.262919,143.090393,10.052750,121.819794
129070.304225,143.209503,9.929825,122.175568
129070.345527,143.177567,9.975464,121.928314
129070.386823,142.973877,10.294052,122.131180
129070.428130,143.045105,10.111633,122.046417
129070.469433,142.938583,10.147141,122.121918
129070.510734,143.128540,9.943375,122.194336
129070.552029,143.215790,10.257187,122.027176
129070.593332,143.206558,10.191406,122.279114
129070.634642,143.186050,10.075562,122.186462
129070.675938,143.310394,10.346924,122.271942
129070.717243,143.252350,10.107330,122.043030
129070.758553,143.262939,10.180832,121.875992
129070.799855,143.096725,10.239761,121.783188
129070.841157,143.252396,9.727371,121.929214
129070.882461,143.334732,9.907822,121.980438
129070.923757,143.032196,9.844757,121.664062
129070.965063,143.141403,9.999283,121.858002
129071.006368,143.504181,9.867874,121.945480
129071.047675,142.965347,10.244247,121.902252
129071.088974,143.234375,9.948532,121.774536
129071.130279,143.183167,10.018082,122.055099
129071.171584,143.275452,10.131287,121.810028
129071.212889,143.106689,10.140610,122.140884
129071.254194,143.083893,10.208893,122.040634
129071.295498,143.182053,10.287140,122.075928
129071.336808,143.368973,10.085861,121.807678
129071.378102,143.434799,10.006348,122.038391
129071.419405,143.316650,10.009598,122.139954
129071.460710,143.165695,10.023804,122.016342
129071.502016,143.382355,10.017975,122.228409
129071.543320,143.413895,9.851746,121.914780
129071.584626,143.368912,10.214111,121.971695
129071.625930,143.286804,9.950485,121.901245
129071.667235,143.227722,10.031769,122.190384
129071.708538,143.511383,9.921295,122.104446
129071.749842,143.303741,9.988846,122.338577
129071.791152,143.397476,9.985413,122.050491
129071.832449,143.442123,9.926865,121.902176
129071.873753,143.228058,10.096222,122.080521
129071.915061,143.353241,9.998047,121.949020
129071.956356,143.308228,10.056549,122.035492
129071.997657,143.094116,10.073242,121.985184
129072.038959,143.204910,10.094315,122.187195
129072.080263,143.086426,9.794128,121.837936
129072.121571,143.330429,9.712006,121.901428
129072.162868,143.302094,9.571014,121.821671
129072.204177,143.504013,9.597839,121.869843
129072.245470,143.245773,9.721375,121.980789
129072.286776,143.489822,9.696503,122.103714
129072.328070,143.407883,9.844254,122.000427
129072.369372,143.297882,9.952469,122.166534
129072.410673,143.497040,9.808624,121.971756
129072.451977,143.399567,9.850418,122.045624
129072.493281,143.574921,9.700836,121.915100
129072.534588,143.595993,10.051987,121.976349
129072.575887,143.297302,9.802734,122.140106
129072.617192,143.234512,9.869385,122.005051
129072.658496,143.356430,9.854736,121.911942
129072.699806,143.563812,9.761719,122.044418
129072.741110,143.587158,9.626770,121.846603
129072.782412,143.342300,9.818253,121.819550
129072.823714,143.302734,9.695190,122.042175
129072.865016,143.632065,9.755875,121.728256
129072.906319,143.325211,9.837006,122.202011
129072.947614,143.647125,9.505402,122.219391
129072.988919,143.420105,9.584259,121.896500
129073.030217,143.688461,9.655289,122.235107
129073.071510,143.741150,9.638763,122.119080
129073.112813,143.565155,9.620239,122.011612
129073.154114,143.551849,9.765701,121.985107
129073.195416,143.465469,9.752136,121.914841
129073.236716,143.501617,9.909637,121.908035
129073.278016,143.541595,9.624878,121.351501
129073.319318,143.525208,9.927597,122.012711
129073.360620,143.439560,9.861038,121.919830
129073.401928,143.308990,9.938553,122.373016
129073.443224,143.376328,9.830902,121.832733
129073.484532,143.343948,9.922913,121.976440
129073.525826,143.445160,9.770325,122.036972
129073.567134,143.475891,9.738602,122.107407
129073.608428,143.387466,10.115036,121.945129
129073.649732,143.581985,9.831757,122.030579
129073.691042,143.537399,9.855255,122.297699
129073.732346,143.270782,10.117752,122.077316
129073.773642,143.392349,9.841751,122.211517
129073.814944,143.382019,9.935593,122.185181
129073.856246,143.355591,9.961227,122.181503
129073.897556,143.324875,9.834747,121.822205
129073.938852,143.200241,9.732132,122.024353
129073.980156,143.311325,9.718185,122.007156
129074.021458,143.310013,9.848969,121.936966
129074.062765,143.262527,10.015335,122.044098
129074.104076,143.323700,9.943375,122.178772
129074.145372,143.196732,9.787125,122.227249
129074.186677,143.219742,9.937027,121.875336
129074.227981,143.350861,9.763367,122.515915
129074.269284,143.447296,10.039246,122.354172
129074.310587,143.410294,9.984909,122.242325
129074.351887,143.272156,10.185043,122.150543
129074.393187,143.149063,10.016144,122.388687
129074.434489,143.334793,9.971237,122.173615
129074.475798,143.271759,9.933640,121.953476
129074.517092,143.082855,10.149582,121.728012
129074.558401,143.198959,9.905151,122.019501
129074.599700,143.158340,10.072281,121.906189
129074.640994,143.173294,9.928055,121.807358
129074.682295,143.256729,10.135117,122.058014
129074.723593,143.340668,10.047821,121.997787
129074.764892,143.535629,9.863342,121.851837
129074.806192,143.356750,10.071136,122.113464
129074.847499,143.086349,9.822144,122.345901
129074.888793,143.152954,9.949356,122.237259
129074.930099,143.124237,10.166031,122.378616
129074.971395,143.137283,10.162918,122.303818
129075.012705,143.138901,10.007874,122.301895
129075.054001,143.107910,10.134293,122.486099
129075.095311,143.204269,9.877625,122.064697
129075.136605,143.002365,10.193039,122.149719
129075.177907,143.117569,9.928452,121.805969
129075.219209,143.273315,10.106689,121.784561
129075.260517,143.275009,9.788239,121.661850
129075.301815,143.331955,9.958649,121.767380
129075.343119,143.344803,9.726547,121.642395
129075.384421,143.285324,9.807999,121.646469
129075.425728,143.423920,9.597992,121.789978
129075.467030,143.126144,9.686691,121.601730
129075.508326,143.403229,9.697739,121.975769
129075.549630,143.334152,9.826904,121.917984
129075.590933,143.193588,9.966858,121.871826
129075.632235,143.174011,9.983459,121.727646
129075.673538,143.485382,9.935410,121.802872
129075.714843,143.376755,10.004990,121.979477
129075.756147,143.448181,9.932266,122.104736
129075.797449,143.489197,9.900330,121.918442
129075.838756,143.429260,9.874115,121.696365
129075.880053,143.223236,9.990875,121.762039
129075.921355,143.214264,10.038223,122.033569
129075.962657,143.314041,9.763596,121.693817
129076.003963,143.279465,9.866119,122.268021
129076.045258,143.441238,9.799805,122.008987
129076.086560,143.514511,9.903244,122.304184
129076.127865,143.324585,9.947021,122.092163
129076.169169,143.309464,9.943436,122.126968
129076.210474,143.377884,10.004135,122.055786
129076.251778,143.508530,9.904144,121.945770
129076.293084,143.578674,9.902832,122.016098
129076.334385,143.506149,10.068787,122.089737
129076.375688,143.498169,9.803970,121.832382
129076.416993,143.198746,10.051254,121.728088
129076.458296,143.264359,9.909882,121.931686
129076.499599,143.329971,9.787506,121.921570
129076.540902,143.389328,10.064194,122.077759
129076.582210,143.519440,9.933502,122.017395
129076.623505,143.576660,9.730545,122.166809
129076.664813,143.338028,9.832352,121.911865
129076.706114,143.449448,9.762787,122.127960
129076.747410,143.619476,9.827194,122.083771
129076.788718,143.575348,9.868759,122.154343
129076.830012,143.457794,9.872162,122.344910
129076.871317,143.421234,9.921204,121.899658
129076.912617,143.579422,9.669754,121.856827
129076.953915,143.312881,9.837814,121.598648
129076.995216,143.516113,9.429398,121.985397
129077.036511,143.365768,9.762711,121.846542
129077.077814,143.232895,9.527924,121.693634
129077.119116,143.469131,9.730118,121.665054
129077.160418,143.282944,9.772293,121.661865
129077.201722,143.494629,9.590851,122.135025
129077.243023,143.500580,9.553879,121.863602
129077.284331,143.395416,9.741547,122.336578
129077.325629,143.507736,9.637589,122.156479
129077.366936,143.475388,9.788040,122.101471
129077.408237,143.333954,9.755692,122.052277
129077.449533,143.443771,9.749161,122.372375
129077.490834,143.511856,9.785553,122.083420
129077.532136,143.419067,9.651703,121.764313
129077.573440,143.391144,9.824677,121.976639
129077.614741,143.467438,9.658127,122.062408
129077.656044,143.164474,9.924500,121.846817
129077.697352,143.285126,9.906723,122.034256
129077.738650,143.443481,10.005905,121.883499
129077.779953,143.246979,9.867004,121.954529
129077.821254,143.339966,9.859283,122.067825
129077.862555,143.330063,9.840134,122.068649
129077.903856,143.382248,10.066071,122.222916
129077.945162,143.303925,9.969086,122.112595
129077.986455,143.314316,9.984772,122.028214
129078.027756,143.438797,10.055145,122.305389
129078.069056,143.464325,9.912384,122.297852
129078.110357,143.524216,9.996414,122.011108
129078.151657,143.477356,9.814453,122.130585
129078.192958,143.391373,9.927109,122.106995
129078.234267,143.520370,9.790756,121.802826
129078.275562,143.164841,9.875977,122.158096
129078.316862,143.261948,9.724762,122.148972
129078.358163,143.305267,9.854233,121.840332
129078.399467,143.424210,9.646408,121.740616
129078.440768,143.537094,9.649261,121.826019
129078.482072,143.509430,9.578400,122.017319
129078.523370,143.353363,9.799988,121.683517
129078.564664,143.463348,9.643127,121.979965
129078.605965,143.310577,9.940231,122.152756
129078.647267,143.276062,9.900772,122.005600
129078.688571,143.282990,9.983871,122.136475
129078.729873,143.043686,9.902451,121.677826
129078.771177,143.175491,10.036591,121.643799
129078.812482,142.978088,9.858124,121.635742
129078.853787,143.017151,9.939240,121.754349
129078.895088,143.129715,9.946945,121.417053
129078.936392,143.094437,9.936646,121.697006
129078.977695,143.242538,9.763718,121.690521
129079.018997,143.208328,9.795364,121.863770
129079.060298,143.170288,9.779343,121.562012
129079.101601,143.180527,9.670959,121.935654
129079.142906,143.420609,9.636475,122.027451
129079.184210,143.152878,10.001404,121.934479
129079.225517,143.187439,9.861450,121.819031
129079.266822,143.128403,10.138367,121.836365
129079.308124,142.980881,10.255386,121.962280
129079.349428,143.104279,10.062454,121.694656
129079.390735,143.089005,9.953323,121.674194
129079.432041,143.205032,9.980392,121.618759
129079.473347,143.000107,9.711960,121.695480
129079.514652,143.141220,9.706711,121.752502
129079.555956,143.262939,9.732681,121.987534
129079.597262,143.224304,9.881439,121.818253
129079.638565,143.034470,9.870483,121.658295
129079.679869,143.158554,9.992493,122.074188
129079.721172,143.026031,9.954819,121.383911
129079.762476,143.160172,10.013062,122.016693
129079.803778,143.121933,10.095078,121.821182
129079.845079,143.051941,9.907883,122.007523
129079.886383,143.278152,9.931366,121.721527
129079.927688,143.038162,10.107056,121.935379
129079.968992,143.090408,10.018188,121.846390
129080.010298,143.131348,9.958374,122.003021
129080.051608,143.071976,9.943558,121.976318
129080.092906,143.184479,10.034027,121.979172
129080.134210,143.160629,9.927948,121.903854
129080.175514,143.143433,9.845184,121.760437
129080.216819,143.061630,10.069855,121.901230
129080.258123,143.135605,9.781921,121.956390
129080.299427,143.093292,9.968353,121.857559
129080.340729,142.956055,9.906662,122.099747
129080.382032,142.869217,9.929291,122.137085
129080.423333,143.162567,10.142883,121.890625
129080.464633,143.218750,9.968597,121.717545
129080.505939,142.950333,10.292648,121.925125
129080.547240,143.060562,10.127197,121.999680
129080.588535,143.017807,10.121811,121.739410
129080.629837,143.014328,10.130219,121.887253
129080.671141,142.908188,10.221603,122.173264
129080.712443,142.819916,10.035248,121.906784
129080.753745,142.666611,10.408661,121.960175
129080.795056,142.986343,9.981430,121.941269
129080.836353,143.026352,9.854172,121.881424
129080.877659,143.117523,9.942810,121.756500
129080.918960,143.158890,9.918182,121.606613
129080.960256,143.182312,10.064972,121.764084
129081.001560,143.152557,9.876099,121.782944
129081.042868,143.240936,9.865326,122.123596
129081.084169,143.365021,10.062363,121.828186
129081.125463,143.152451,9.930038,121.884384
129081.166765,143.224380,9.802170,121.823029
129081.208067,143.392700,9.736191,121.931061
129081.249367,143.129959,10.077713,121.986603
129081.290675,143.310822,9.787872,121.837723
129081.331974,143.150696,9.961929,121.685211
129081.373274,143.406921,9.778030,121.612381
129081.414574,143.378372,9.577637,121.916763
129081.455868,143.237579,9.930023,122.159637
129081.497167,143.415726,9.763992,121.889023
129081.538468,143.592300,9.871918,121.823639
129081.579767,143.405106,9.729309,121.924973
129081.621068,143.356857,9.960159,121.852737
129081.662369,143.354843,9.783859,122.086426
129081.703676,143.474442,9.787048,121.940018
129081.744971,143.350449,10.071075,122.024811
129081.786270,143.395370,9.727707,121.945267
129081.827576,143.339813,9.930359,121.790939
129081.868876,143.308594,9.839325,121.612411
129081.910171,143.221298,9.933441,121.444305
129081.951472,143.178833,10.039703,122.038651
129081.992773,143.113892,10.108368,121.688324
129082.034076,143.191635,9.765030,121.770370
129082.075375,143.159225,9.855682,121.640640
129082.116676,143.243286,9.764252,121.575974
129082.157982,143.115433,9.930328,121.958984
129082.199281,143.287766,9.773346,121.618362
129082.240581,143.280945,9.800232,121.831833
129082.281875,143.415878,9.798782,121.619766
129082.323181,143.537033,9.908997,121.987686
129082.364472,143.750671,9.638046,122.025299
129082.405778,143.570969,9.928833,121.996887
129082.447071,143.442520,9.848618,121.847595
129082.488373,143.413025,9.684067,121.730972
129082.529678,143.414352,9.717056,121.889725
129082.570982,143.423111,9.866028,121.458878
129082.612285,143.442383,9.721527,121.512131
129082.653588,143.281525,9.732544,121.997162
129082.694890,143.250916,9.684052,121.681900
129082.736195,143.344025,9.818436,121.808273
129082.777500,143.422699,9.952835,121.737579
129082.818807,143.485443,9.930237,121.901230
129082.860111,143.319489,10.004166,121.746750
129082.901419,143.381210,9.773087,121.911682
129082.942719,143.362106,9.935028,121.891296
129082.984022,143.391830,9.849121,121.562424
129083.025331,143.260406,9.756516,121.717377
129083.066624,143.317474,9.970718,121.706299
129083.107929,143.347015,9.939880,121.729279
129083.149236,143.458023,9.639389,121.698349
129083.190537,143.506256,9.936478,121.760834
129083.231833,143.807434,9.506500,121.655182
129083.273141,143.584564,9.750549,121.985001
129083.314438,143.335251,9.780502,121.998474
129083.355740,143.432571,9.836609,121.775742
129083.397042,143.358307,9.861389,121.836563
129083.438345,143.227173,9.889557,122.064194
129083.479647,143.414948,9.875549,121.593582
129083.520955,143.542068,9.681473,121.862259
129083.562252,143.577545,9.913696,122.008514
129083.603554,143.588547,10.011902,121.899475
129083.644855,143.554016,9.839951,121.711334
129083.686159,143.601959,9.885101,121.818756
129083.727461,143.669739,9.674530,121.474609
129083.768761,143.342468,10.001266,121.631042
129083.810063,143.390793,9.861588,121.681900
129083.851366,143.492859,9.696198,121.953476
129083.892675,143.458694,9.790054,121.591675
129083.933969,143.523178,9.758865,121.743179
129083.975271,143.397202,10.032959,121.796036
129084.016579,143.418167,9.815018,121.853333
129084.057874,143.431168,9.818192,121.711929
129084.099176,143.567673,9.581192,121.418488
129084.140480,143.579498,10.076736,121.578506
129084.181789,143.598694,9.940002,121.427322
129084.223084,143.393753,10.110825,121.761520
129084.264391,143.481232,9.814865,121.550888
129084.305685,143.555145,9.972336,121.593781
129084.346988,143.633392,9.746552,121.561951
129084.388290,143.529495,9.911606,121.347702
129084.429593,143.376907,9.807312,121.607437
129084.470894,143.372696,10.066711,121.925674
129084.512199,143.307648,9.820450,121.798721
129084.553499,143.402756,9.887421,121.912064
129084.594808,143.432205,9.854477,121.425171
129084.636103,143.421127,9.907455,121.888321
129084.677405,143.304581,9.620010,121.834259
129084.718712,143.305237,10.031525,121.815231
129084.760014,143.355179,10.176880,121.756256
129084.801307,143.343994,10.199295,121.990112
129084.842614,143.380737,10.054306,121.923660
129084.883917,143.477264,10.062683,121.752518
129084.925216,143.349640,10.134384,121.788055
129084.966521,143.554123,10.062531,121.668427
129085.007821,143.358490,9.970566,121.862152
129085.049122,143.589066,9.828064,121.873047
129085.090424,143.339783,10.108215,121.831604
129085.131726,143.431595,10.000626,121.736542
129085.173034,143.371704,10.045120,122.226944
129085.214329,143.430634,10.129700,122.042343
129085.255629,143.393204,10.067398,121.979065
129085.296937,143.502289,9.947586,121.904190
129085.338233,143.114655,10.136780,121.946121
129085.379534,143.329819,10.096817,122.130356
129085.420842,143.354599,9.979370,121.822662
129085.462143,143.396851,10.134506,121.996262
129085.503444,143.457733,10.328033,121.812408
129085.544738,143.401154,10.183395,122.162292
129085.586038,143.183868,10.142166,122.089966
129085.627339,143.084396,10.045547,121.588486
129085.668649,143.011169,10.113419,121.853409
129085.709945,143.060013,10.096451,121.731842
129085.751248,143.255722,9.869156,121.722427
129085.792555,143.204315,10.028931,121.714951
129085.833850,143.253586,10.034836,122.205994
129085.875151,143.420349,9.817703,122.060425
129085.916452,143.263321,9.895599,121.954514
129085.957754,143.214981,10.000412,121.948517
129085.999056,143.376266,10.196915,121.963470
129086.040356,143.370972,10.011795,121.929382
129086.081657,143.450272,10.113510,122.055511
129086.122956,143.411926,10.129150,121.735870
129086.164263,143.555710,9.814926,121.941727
129086.205556,143.395767,9.939819,121.733368
129086.246856,143.523438,9.967117,121.656769
129086.288156,143.339432,9.920044,121.696289
129086.329455,143.267838,9.751541,121.820984
129086.370754,143.262680,9.806137,121.971298
129086.412055,143.299911,9.798447,122.058105
129086.453363,143.214371,9.857346,122.115280
129086.494662,143.357651,9.937576,122.184372
129086.535956,143.336166,9.786011,122.187057
129086.577258,143.417450,9.898041,122.774918
129086.618559,143.418976,9.870422,122.160797
129086.659860,143.271606,9.767685,122.169342
129086.701164,143.384872,9.941345,122.048492
129086.742458,143.211502,10.021042,121.718384
129086.783761,143.248062,10.112823,121.850723
129086.825066,143.180359,10.220322,121.764572
129086.866370,143.236679,10.355392,121.682617
129086.907673,143.089355,10.164642,121.357895
129086.948975,142.960007,10.200272,121.427567
129086.990276,143.270767,10.137161,121.625778
129087.031581,143.073532,10.157944,121.531708
129087.072885,143.267303,10.146103,121.427948
129087.114185,143.063354,10.186554,121.887848
129087.155492,143.311493,10.156433,121.780960
129087.196787,143.227005,9.985886,122.291077
129087.238094,143.271042,10.111969,121.825653
129087.279389,143.341080,10.148758,122.100006
129087.320694,143.360291,10.168533,122.065048
129087.361990,143.442093,10.225159,122.138977
129087.403292,143.529892,9.996216,121.632538
129087.444598,143.352921,10.060303,121.828522
129087.485892,143.251511,10.027924,122.056671
129087.527200,143.263580,10.134445,121.691040
129087.568497,143.384583,9.931503,122.069168
129087.609799,143.224579,10.019318,122.247543
129087.651098,143.086853,9.762131,121.944397
129087.692399,143.284943,9.931610,121.935440
129087.733700,143.359146,9.978989,121.939499
129087.775003,143.515015,9.854980,121.861404
129087.816304,143.444778,9.829895,122.031250
129087.857606,143.297165,10.047058,122.240143
129087.898910,143.418289,10.066711,122.242203
129087.940212,143.521942,9.947937,121.836594
129087.981512,143.472061,10.032990,122.025360
129088.022815,143.191345,9.965652,121.904541
129088.064118,143.202347,10.006760,121.437912
129088.105421,143.152023,10.025482,121.691422
129088.146725,143.277634,9.725632,121.798050
129088.188030,143.235764,9.925659,122.085464
129088.229333,143.117783,9.727127,122.373550
129088.270638,143.311035,10.021927,122.051392
129088.311943,143.194778,10.058929,122.068298
129088.353247,143.130402,10.173431,122.319946
129088.394551,143.243988,10.298569,122.563660
129088.435861,143.291260,10.336212,122.109634
129088.477164,143.257202,10.074966,122.103439
129088.518460,143.322372,10.082291,122.136063
129088.559763,143.357193,10.433182,122.262497
129088.601072,143.259674,10.177490,122.175995
129088.642365,143.231567,10.240646,121.780334
129088.683668,143.219437,10.126770,122.124069
129088.724971,143.172043,10.004837,122.015686
129088.766272,143.335938,10.010773,122.093597
129088.807574,143.125946,9.959961,121.855057
129088.848876,143.143280,9.936432,121.822952
129088.890179,143.515305,9.953140,121.646210
129088.931487,143.262131,10.113953,121.813187
129088.972785,143.331726,9.866562,122.015366
129089.014087,143.409836,9.854507,121.990707
129089.055391,143.350189,10.194687,121.890121
129089.096698,143.416519,9.979218,121.786041
129089.138004,143.381775,10.140289,121.748596
129089.179315,143.195633,10.422806,121.842331
129089.220614,143.220001,10.121429,121.847000
129089.261920,143.365738,10.068527,122.011917
129089.303226,143.207932,10.111511,121.693771
129089.344529,143.465103,9.881195,122.056061
129089.385831,143.363052,10.024078,121.658981
129089.427134,143.166428,10.066452,122.029938
129089.468439,143.128571,9.994095,121.663498
129089.509744,143.306519,9.939697,121.726700
129089.551050,143.293686,9.884842,121.908325
129089.592353,143.252289,10.127289,122.107025
129089.633656,143.276245,10.225052,122.013580
129089.674959,143.124207,10.356476,122.495361
129089.716264,143.216629,10.430298,122.049988
129089.757567,143.362839,10.174789,122.062088
129089.798873,143.303696,10.087280,122.014542
129089.840175,143.086792,10.208008,122.293762
129089.881478,143.414062,10.127808,122.218735
129089.922781,143.154236,10.082016,122.121826
129089.964083,143.274353,10.199829,121.996719
129090.005390,143.166733,10.087219,121.869766
129090.046695,143.203171,10.012543,121.924301
129090.088000,143.159668,10.029633,121.774246
129090.129303,143.308456,10.017731,122.155670
129090.170605,143.235703,9.964233,122.129395
129090.211907,143.352600,10.191055,122.009125
129090.253206,143.462219,9.736877,122.088715
129090.294506,143.502899,9.843430,121.844666
129090.335807,143.295273,10.119522,122.315857
129090.377110,143.340439,10.024872,122.244095
129090.418411,143.318298,10.001663,122.120026
129090.459711,143.302155,9.969238,122.224136
129090.501012,143.347290,9.974075,122.311935
129090.542313,143.292389,10.102295,122.236008
129090.583622,143.408264,9.886810,121.926682
129090.624916,143.310455,10.066940,122.055145
129090.666222,143.099228,10.213211,122.018021
129090.707521,143.322250,10.063309,121.985764
129090.748821,142.942169,9.990692,122.145248
129090.790115,142.992630,10.382111,122.209198
129090.831422,143.220123,10.115631,122.077957
129090.872716,143.216278,10.140549,122.415558
129090.914017,143.293518,10.097687,122.304626
129090.955325,143.496170,10.400177,122.080353
129090.996619,143.415268,10.126144,122.027679
129091.037921,143.319595,10.148117,122.089706
129091.079220,143.371185,10.261353,121.954773
129091.120526,143.394821,10.014908,122.294083
129091.161822,143.364334,10.014465,122.320511
129091.203130,143.413788,10.080795,121.880402
129091.244427,143.093369,10.019684,121.842896
129091.285728,143.201645,10.069290,122.162796
129091.327030,142.976608,9.946991,122.124237
129091.368338,143.192078,10.142868,121.985443
129091.409631,143.177887,10.090622,121.872696
129091.450933,143.219467,10.031540,122.232758
129091.492233,143.216965,10.241348,121.864120
129091.533532,143.489502,9.868698,122.113846
129091.574838,143.097931,10.262268,122.425018
129091.616131,143.515701,10.006439,122.398666
129091.657431,143.271637,10.098145,122.142197
129091.698730,143.198959,10.251282,122.272583
129091.740029,143.289124,10.176086,122.135941
129091.781329,143.430649,10.221619,122.349854
129091.822633,143.267136,9.861404,121.874863
129091.863929,143.246643,10.071121,122.236359
129091.905221,143.227737,10.038330,122.084061
129091.946522,143.326859,9.772339,121.977097
129091.987829,143.542404,9.726181,122.366028
129092.029123,143.428787,9.755783,121.766891
129092.070429,143.281006,9.876099,122.380478
129092.111722,143.153091,9.732635,122.544952
129092.153028,143.200363,9.790390,122.206085
129092.194325,143.236877,10.016556,122.081360
129092.235626,143.318375,9.944244,121.926849
129092.276927,143.320450,9.985352,122.359024
129092.318233,143.402863,9.811493,122.320435
129092.359527,143.417633,9.840454,122.044281
129092.400833,143.140350,10.195084,121.952408
129092.442126,143.334061,9.871414,122.321106
129092.483427,143.216995,9.861832,121.924805
129092.524728,143.342880,9.758789,122.133606
129092.566028,143.223816,9.852005,121.751556
129092.607331,143.340546,9.835541,121.796295
129092.648632,143.395386,9.982880,122.177094
129092.689935,143.452667,9.942596,122.005417
129092.731236,143.442383,10.140350,121.875671
129092.772536,143.326614,10.178101,121.950638
129092.813836,143.536667,10.204239,121.881058
129092.855137,143.609360,10.032104,121.859863
129092.896437,143.352692,10.148270,121.855759
129092.937736,143.228943,10.012146,122.127045
129092.979035,143.232697,10.099274,121.636581
129093.020335,143.442017,10.143509,121.925156
129093.061636,143.334106,10.143524,121.911530
129093.102944,143.438965,9.872437,122.105331
129093.144236,143.431915,10.017273,121.946854
129093.185533,143.484756,9.861481,122.053375
129093.226838,143.300339,10.101700,122.090866
129093.268130,143.418335,9.973587,121.954147
129093.309430,143.235184,10.204742,122.309143
129093.350733,143.407318,10.202057,122.471542
129093.392025,143.515198,10.030472,122.130249
129093.433324,143.395432,10.284683,122.490707
129093.474623,143.426163,10.085495,122.103134
129093.515922,143.418686,9.957230,122.108063
129093.557220,143.461914,10.193527,122.070679
129093.598520,143.458557,10.139893,122.075943
129093.639818,143.295105,10.117172,121.824173
129093.681114,143.351807,10.026794,121.840027
129093.722420,143.289429,10.064514,122.147293
129093.763714,143.589340,9.823669,122.073257
129093.805015,143.427917,9.980423,122.130829
129093.846314,143.481125,9.928650,121.983292
129093.887614,143.335281,9.861694,122.021667
129093.928921,143.345673,9.936157,121.875122
129093.970213,143.460480,9.615158,122.199814
129094.011514,143.378296,9.923889,122.025269
129094.052815,143.386841,10.062592,122.140427
129094.094116,143.507660,10.175034,121.715698
129094.135418,143.423050,10.069366,121.917374
129094.176725,143.445419,10.156662,122.047409
129094.218019,143.404556,9.952957,121.967255
129094.259317,143.376312,9.984253,122.114288
129094.300616,143.419617,9.950256,122.164307
129094.341922,143.328705,9.979630,122.101883
129094.383221,143.298462,10.061584,121.979919
129094.424520,143.208939,10.236450,122.250610
129094.465813,143.274353,10.100296,121.955902
129094.507113,143.311569,9.930618,122.267029
129094.548415,143.420868,10.065659,122.112366
129094.589717,143.383865,9.872223,122.352097
129094.631019,143.536499,9.937241,121.978668
129094.672321,143.571640,9.862183,122.068649
129094.713624,143.569366,10.015457,122.185257
129094.754927,143.370438,9.955231,121.648773
129094.796234,143.389832,9.844498,122.012039
129094.837527,143.335281,10.005539,122.090378
129094.878829,143.235229,10.157867,121.946915
129094.920132,143.460648,10.014984,121.549408
129094.961432,143.157516,10.018967,121.900848
129095.002732,143.271042,10.020416,121.799957
129095.044037,143.166840,10.158142,121.798492
129095.085332,143.270264,10.198975,121.916870
129095.126633,143.474747,10.016937,121.823929
129095.167940,143.334579,10.143158,122.081909
129095.209235,143.301453,10.105423,121.975174
129095.250537,143.404556,10.207870,122.063004
129095.291837,143.343658,10.212250,121.994888
129095.333138,143.330780,10.426147,122.241989
129095.374445,143.332031,10.263077,121.915802
129095.415743,143.372070,10.340240,121.957809
129095.457037,143.321228,9.992416,121.929672
129095.498342,143.235321,10.086472,122.064194
129095.539634,143.308945,10.001907,122.262283
129095.580931,143.362305,10.000000,122.042221
129095.622229,142.934250,10.109634,122.030762
129095.663529,143.284927,9.950775,121.888840
129095.704834,143.423523,9.872177,122.119949
129095.746127,143.481018,9.689606,121.715973
129095.787426,143.598114,9.821304,121.859634
129095.828726,143.581696,9.603638,121.772293
129095.870025,143.500916,9.815063,121.943619
129095.911322,143.599731,9.813873,122.237625
129095.952620,143.739258,9.955185,121.719986
129095.993916,143.450989,10.008270,122.102463
129096.035219,143.627365,9.726257,121.981186
129096.076518,143.621017,9.972015,122.044144
129096.117811,143.549957,9.867310,121.734894
129096.159117,143.341797,9.995361,121.889618
129096.200411,143.438095,9.929367,122.125595
129096.241711,143.497955,9.731583,121.988678
129096.283012,143.358368,10.057358,122.202225
129096.324311,143.588531,9.844940,121.894882
129096.365614,143.337479,9.794769,121.890121
129096.406917,143.250076,9.849243,122.024948
129096.448220,143.329620,10.040649,122.097244
129096.489524,143.392868,10.018326,122.302643
129096.530826,143.596680,10.166168,122.078812
129096.572129,143.422562,10.100159,122.378494
129096.613431,143.628220,9.813080,122.098083
129096.654732,143.178940,9.888290,122.077744
129096.696033,143.416962,9.811447,121.862823
129096.737339,143.590973,9.986023,122.163712
129096.778640,143.385391,9.836899,122.008499
129096.819939,143.228317,9.724915,122.140228
129096.861233,143.379196,9.822067,121.995941
129096.902541,143.374298,9.922394,122.161133
129096.943836,143.400116,9.883560,121.872543
129096.985136,143.397568,9.861725,122.070923
129097.026439,143.432983,9.931580,122.010880
129097.067740,143.434937,9.848877,122.214157
129097.109038,143.451889,9.981247,122.045700
129097.150341,143.870285,9.834778,122.176224
129097.191634,143.519394,9.933319,122.131424
129097.232934,143.440475,9.828430,122.294952
129097.274234,143.515182,9.690506,122.077972
129097.315534,143.738403,9.917236,121.721375
129097.356834,143.520187,9.896011,122.084061
129097.398133,143.267929,9.689117,121.767563
129097.439435,143.558411,9.633133,121.988220
129097.480732,143.519882,9.610519,121.994934
129097.522030,143.508194,9.647507,121.775116
129097.563327,143.551819,9.645355,122.003571
129097.604629,143.385834,9.701202,121.978485
129097.645928,143.556976,9.628616,121.901047
129097.687233,143.537949,9.839050,122.132645
129097.728526,143.577866,9.813171,122.130478
129097.769825,143.688583,9.719681,122.246613
129097.811126,143.662857,9.893402,121.757782
129097.852427,143.484406,10.030792,121.800415
129097.893734,143.365952,9.761871,121.739304
129097.935026,143.509476,9.929230,122.009552
129097.976324,143.490707,9.859924,121.625839
129098.017622,143.567276,9.672562,121.894638
129098.058926,143.246262,9.787094,122.048553
129098.100217,143.499481,9.882462,121.694443
129098.141517,143.894989,9.762115,121.714508
129098.182823,143.882294,9.438095,121.841034
129098.224113,143.672455,9.952988,121.743561
129098.265410,143.388214,9.793411,122.347519
129098.306712,143.619492,9.788635,122.129669
129098.348010,143.647614,9.661133,122.213226
129098.389309,143.627319,9.800659,121.923569
129098.430598,143.800385,10.170090,121.882767
129098.471893,143.521317,9.984177,121.886429
129098.513190,143.710754,9.757584,121.696732
129098.554487,143.546677,9.874008,121.737427
129098.595783,143.404099,9.743256,121.858994
129098.637086,143.314926,10.005188,121.737991
129098.678377,143.398849,10.006073,121.832932
129098.719673,143.445663,9.954971,121.862350
129098.760970,143.542374,9.889252,121.893250
129098.802267,143.659958,9.872009,121.797195
129098.843564,143.875000,9.908966,121.751541
129098.884862,143.648727,9.831116,121.998901
129098.926160,143.506149,10.005508,121.887970
129098.967459,143.748444,9.941803,121.768600
129099.008760,143.614273,9.662613,121.833710
129099.050060,143.719147,9.934387,121.816193
129099.091363,143.533539,9.823883,122.161392
129099.132662,143.442856,9.867615,122.089340
129099.173962,143.620056,9.880325,122.095322
129099.215263,143.674072,10.042252,122.363556
129099.256566,143.659103,9.676514,122.086746
129099.297868,143.460190,9.744080,121.922012
129099.339170,143.520844,9.893387,121.993744
129099.380473,143.568115,9.739899,122.113312
129099.421776,143.614227,9.654022,122.108139
129099.463077,143.636063,9.527084,121.964951
129099.504378,143.627014,9.759460,121.992828
129099.545678,143.656509,9.831787,122.111603
129099.586978,143.794220,9.685333,122.356461
129099.628279,143.673172,9.846573,122.627655
129099.669580,143.722305,9.932190,121.920364
129099.710882,143.582397,9.869598,122.225616
129099.752183,143.528366,10.029434,122.189941
129099.793486,143.476013,9.991623,122.058594
129099.834788,143.586060,9.844940,122.016891
129099.876096,143.312225,9.859726,121.907944
129099.917389,143.424026,9.781509,122.434845
129099.958691,143.246414,10.111145,122.153641
129099.999995,143.378738,10.059097,122.172592
129100.041297,143.164200,10.163498,122.381012
129100.082597,143.356415,10.099136,122.065353
129100.123899,143.383423,10.037750,122.084961
129100.165200,143.409485,10.259598,122.385971
129100.206502,143.489090,10.158020,121.875259
129100.247804,143.349762,9.991745,122.351837
129100.289107,143.394562,10.018021,122.120544
129100.330408,143.438797,10.017624,122.239563
129100.371715,143.281693,10.040359,122.315384
129100.413009,143.587936,9.878403,122.023849
129100.454310,143.256897,10.167419,121.936493
129100.495611,143.181503,10.096344,122.310867
129100.536920,143.008102,9.917404,122.148590
129100.578215,143.417603,9.808548,121.865952
129100.619516,143.158401,9.916046,122.124207
129100.660824,143.215591,9.998779,122.022629
129100.702121,143.326370,9.923645,122.217407
129100.743423,143.293900,10.053452,122.274094
129100.784725,143.262024,10.221603,122.140656
129100.826026,143.516556,10.065552,122.167542
129100.867326,143.482346,10.166809,122.264282
129100.908626,143.572601,10.004166,122.105804
129100.949925,143.357452,10.041138,122.301819
129100.991227,143.474411,10.076172,122.114777
129101.032528,143.255951,10.285416,121.997009
129101.073831,143.383789,9.904053,122.002701
129101.115134,143.318939,9.885910,122.032272
129101.156437,143.282074,9.717453,121.774734
129101.197739,143.425018,9.707047,121.981552
129101.239042,143.383911,10.058075,122.128525
129101.280346,143.492889,9.969513,122.367584
129101.321648,143.340469,9.978470,122.071609
129101.362950,143.374786,10.071381,122.310120
129101.404252,143.477463,10.087830,122.089050
129101.445554,143.250412,10.085938,122.091156
129101.486855,143.473480,10.076431,122.026428
129101.528156,143.451828,10.116989,122.161957
129101.569456,143.664734,10.013580,122.232086
129101.610757,143.349686,10.238251,122.257599
129101.652059,143.574554,10.030975,121.906540
129101.693360,143.330322,10.076324,122.052200
129101.734663,143.473282,10.134521,121.720596
129101.775964,143.583313,9.858215,122.089127
129101.817266,143.444458,9.871216,122.220291
129101.858567,143.436401,9.950531,122.119461
129101.899870,143.236038,10.094803,122.107574
129101.941170,143.433655,9.822617,121.913895
129101.982473,143.455185,9.958344,122.026031
129102.023775,143.197266,10.018051,122.200226
129102.065075,143.400803,10.205429,122.085083
129102.106376,143.670837,10.171906,122.214005
129102.147674,143.550400,10.047256,121.925934
129102.188974,143.627502,9.889130,121.725037
129102.230276,143.353333,10.117706,122.058044
129102.271579,143.259598,10.073624,122.116959
129102.312882,143.459167,10.095398,122.294525
129102.354183,143.439224,10.035217,121.746078
129102.395483,143.308228,9.945068,122.003418
129102.436783,143.431732,9.887177,121.748398
129102.478080,143.457382,10.078156,121.967499
129102.519379,143.526291,10.063309,121.852615
129102.560679,143.182938,10.051819,122.051636
129102.601978,143.293640,10.193970,122.043259
129102.643276,143.381592,10.039444,122.547577
129102.684577,143.562103,10.151047,122.353348
129102.725876,143.521545,10.184265,122.296921
129102.767176,143.346359,10.269592,122.243713
129102.808476,143.434967,10.232040,122.358261
129102.849775,143.318756,10.122513,122.236710
129102.891073,143.328461,10.152344,121.975235
129102.932372,143.247421,10.262497,121.517654
129102.973671,143.271484,10.269958,121.844681
129103.014971,143.426682,9.844910,121.983704
129103.056280,143.298553,10.055420,121.815552
129103.097572,143.311630,9.983810,121.736053
129103.138872,143.356949,9.870682,122.230484
129103.180172,143.454971,10.063324,122.016022
129103.221472,143.452667,10.271774,121.883377
129103.262772,143.315445,10.184525,122.112518
129103.304079,143.432098,10.305283,122.206390
129103.345373,143.388000,10.155624,122.076462
129103.386674,143.428680,10.093552,122.124680
129103.427974,143.229584,10.143524,121.885925
129103.469275,143.376740,10.146103,122.001190
129103.510575,143.545517,9.838089,121.503632
129103.551876,143.268829,9.934067,121.749649
129103.593176,143.174835,10.137070,121.666321
129103.634475,143.521210,9.927505,121.774460
129103.675774,143.216049,10.034393,121.788177
129103.717074,143.119553,10.002884,121.735977
129103.758372,143.088272,10.097412,121.610458
129103.799673,143.252350,10.136520,122.068634
129103.840971,143.127975,10.125275,122.209442
129103.882268,143.212051,10.171722,122.056793
129103.923567,143.378876,10.084641,122.151840
129103.964867,143.261215,10.012619,122.238998
129104.006165,143.498749,10.162872,122.048950
129104.047469,143.383301,10.005142,122.455841
129104.088765,143.239655,9.946518,122.098480
129104.130056,143.403076,10.140121,122.123871
129104.171353,143.330063,9.992554,121.950592
129104.212656,143.549667,9.696426,122.234634
129104.253946,143.235245,9.839676,121.803986
129104.295244,143.336914,9.773087,121.832611
129104.336542,143.438004,10.003937,122.005768
129104.377840,143.183609,10.009613,121.838135
129104.419139,143.323730,10.002716,122.042526
129104.460441,143.173294,10.258423,121.950500
129104.501742,143.275436,10.185410,121.985413
129104.543043,143.383896,10.137604,122.236420
129104.584344,143.352875,10.309219,122.070358
129104.625647,143.424347,10.130157,121.674713
129104.666947,143.287613,10.242172,121.709244
129104.708248,143.466766,10.206680,122.065231
129104.749548,143.482208,9.977493,121.868774
129104.790851,143.689941,9.939240,121.519135
129104.832153,143.432236,10.117966,121.491989
129104.873455,143.410156,10.111908,121.803925
129104.914756,143.431793,9.888153,121.767334
129104.956057,143.484009,9.987244,122.073929
129104.997357,143.310242,9.825516,121.952591
129105.038657,143.495453,9.918884,121.769608
129105.079956,143.549408,9.861877,121.972244
129105.121258,143.350693,10.044830,121.836624
129105.162558,143.412704,9.863464,121.972778
129105.203859,143.431458,10.365143,121.949188
129105.245158,143.330414,10.163239,121.606735
129105.286459,143.663559,10.181702,121.705429
129105.327760,143.494156,10.086838,121.175201
129105.369060,143.397858,10.169312,121.549713
129105.410364,143.544037,10.036072,121.699341
129105.451667,143.148193,10.018280,121.572083
129105.492967,143.431290,10.106247,121.372589
129105.534269,143.224686,10.320908,121.942703
129105.575571,143.456436,10.049088,121.683716
129105.616874,143.501083,10.207108,121.816711
129105.658179,143.423203,10.141373,121.922012
129105.699483,143.580048,9.945099,121.734253
129105.740784,143.630676,10.119095,122.182022
129105.782086,143.591003,10.045639,122.071014
129105.823389,143.644135,10.296082,122.189148
129105.864693,143.630096,10.105072,121.974289
129105.905998,143.632370,10.045319,121.864136
129105.947300,143.657928,10.206558,122.013321
129105.988601,143.444519,10.006027,121.970474
129106.029902,143.587357,10.077423,121.999466
129106.071203,143.661194,10.042191,122.099701
129106.112504,143.511749,9.965622,122.051559
129106.153806,143.341537,10.003906,122.244522
129106.195109,143.365738,10.176727,122.224960
129106.236411,143.330078,9.982025,121.953384
129106.277713,143.298050,10.136520,122.538940
129106.319015,143.484802,10.136414,122.336014
129106.360316,143.270432,10.174728,122.503250
129106.401616,143.357986,10.141495,122.298065
129106.442916,143.439865,10.053406,122.278229
129106.484214,143.444061,10.068817,122.278030
129106.525512,143.334930,10.239197,122.014603
129106.566811,143.242737,10.183167,121.986542
129106.608109,143.338272,10.308960,122.430695
129106.649410,143.322388,10.102325,122.306946
129106.690710,143.253204,10.033707,122.023605
129106.732011,143.333954,10.023300,122.061691
129106.773311,143.331741,9.885025,121.887512
129106.814610,143.301895,9.944046,122.440338
129106.855910,143.260468,9.988144,122.010895
129106.897210,143.293060,10.122360,121.877197
129106.938509,143.544113,9.729706,122.267227
129106.979808,143.513367,9.868622,122.396347
129107.021108,143.736465,10.062073,122.193161
129107.062410,143.471161,10.185944,122.253616
129107.103713,143.488159,9.972717,122.185181
129107.145016,143.422318,10.066437,121.804016
129107.186320,143.479019,10.122345,121.896057
129107.227624,143.661621,9.966370,121.895203
129107.268928,143.621979,10.028595,121.794312
129107.310231,143.623871,10.230255,121.999619
129107.351536,143.647705,10.127823,122.008881
129107.392838,143.680130,9.941498,122.096283
129107.434142,143.679733,9.995331,121.889420
129107.475446,143.515015,9.904694,122.056610
129107.516748,143.737518,9.820129,121.888199
129107.558049,143.662567,10.130112,121.966888
129107.599349,143.724609,10.094696,122.096756
129107.640651,143.434326,10.254303,121.972809
129107.681953,143.691803,10.065414,122.048218
129107.723252,143.534058,10.090530,122.143707
129107.764553,143.468033,10.133881,122.060043
129107.805854,143.236710,10.240402,121.930115
129107.847156,143.433578,10.211014,121.953445
129107.888458,143.347015,10.354004,121.851593
129107.929760,143.200684,10.290039,122.026337
129107.971061,143.166534,10.273224,121.667572
129108.012363,143.076035,10.082352,121.413559
129108.053666,143.157455,10.261826,121.952026
129108.094968,143.312134,10.272247,121.962769
129108.136270,143.208191,10.308853,122.112320
129108.177568,143.381668,10.306839,122.015396
129108.218869,143.344498,10.283798,122.152191
129108.260169,143.370270,10.318283,122.223679
129108.301468,143.464706,10.193604,121.675125
129108.342768,143.386597,10.156937,122.160721
129108.384066,143.514282,10.212326,121.839340
129108.425363,143.362183,10.153656,121.769272
129108.466660,143.234375,10.011871,121.597382
129108.507959,143.520050,10.157028,121.617950
129108.549259,143.398636,10.045013,121.795685
129108.590561,143.363327,9.859222,121.839432
129108.631866,143.357330,10.255661,121.517288
129108.673168,143.355148,9.897018,121.516830
129108.714469,143.483887,9.936264,121.418030
129108.755771,143.503326,9.964081,121.753311
129108.797071,143.452591,10.234436,121.957916
129108.838370,143.544678,10.039017,121.833542
129108.879669,143.311737,10.205353,121.867844
129108.920966,143.169724,10.280350,121.994064
129108.962267,143.371170,10.467636,121.680893
129109.003568,143.484787,10.199890,121.753876
129109.044868,143.279816,10.282623,121.870438
129109.086168,143.183899,10.144318,122.000137
129109.127469,143.438721,10.143616,122.243530
129109.168767,143.412888,10.026352,122.138153
129109.210066,143.346283,9.993179,122.119186
129109.251364,143.213654,9.800110,121.773727
129109.292661,143.133469,10.137177,121.836334
129109.333959,143.098740,9.893311,121.579712
129109.375261,143.332764,9.913391,121.925217
129109.416551,143.233612,10.016846,121.977859
129109.457849,143.338531,9.978088,122.020737
129109.499148,143.519119,10.199631,121.935989
129109.540449,143.230942,10.260040,122.267731
129109.581747,143.201218,10.266006,121.694412
129109.623045,143.294662,10.083481,122.021744
129109.664342,143.282883,10.232590,122.018707
129109.705640,143.272720,10.354691,122.105240
129109.746936,143.134048,10.187653,122.063644
129109.788233,143.257309,10.148102,121.942825
129109.829529,143.048798,10.214874,121.748734
129109.870827,143.240799,10.044876,121.859009
129109.912124,143.235550,10.225677,122.255325
129109.953427,143.289505,10.154114,122.123322
129109.994717,143.408035,10.065475,122.300262
129110.036012,143.428894,10.034378,122.448868
129110.077309,143.322052,10.152466,122.222870
129110.118605,143.345398,10.273499,122.026443
129110.159899,143.406784,10.349976,122.303848
129110.201196,143.444046,10.064102,121.947235
129110.242496,143.080353,10.339874,122.013626
129110.283794,143.135010,10.055099,122.020325
129110.325091,143.032364,10.397308,121.586777
129110.366388,143.154236,10.133987,121.686874
129110.407685,143.233551,10.154755,121.878876
129110.448991,143.301239,10.179611,122.108261
129110.490284,143.082962,10.151917,122.057144
129110.531581,142.940491,10.269272,121.885498
129110.572877,143.213104,10.295593,121.940186
129110.614174,143.142685,10.225067,122.113861
129110.655469,143.129440,10.281677,122.443176
129110.696765,143.340851,10.450424,121.874878
129110.738059,143.257431,10.412079,122.612320
129110.779361,143.140991,10.379089,122.237335
129110.820648,143.170975,10.231598,122.091858
129110.861945,143.089508,10.222549,122.245010
129110.903241,143.302689,10.405670,122.022095
129110.944535,143.126404,10.193451,122.287949
129110.985828,143.007629,10.311264,122.261429
129111.027122,143.216400,10.259216,122.142883
129111.068417,142.945740,10.124008,122.056671
129111.109714,143.011276,10.162399,122.048920
129111.151013,143.007248,10.131332,121.942032
129111.192309,143.287857,10.010056,122.203705
129111.233607,143.269882,10.211472,122.021957
129111.274905,143.121643,10.190567,121.954437
129111.316202,143.052368,10.318344,122.159760
129111.357501,143.117599,10.250519,121.885757
129111.398801,143.153397,10.602249,122.180267
129111.440099,143.327667,10.082626,121.802261
129111.481397,143.381622,10.222260,121.951294
129111.522703,143.296844,10.110611,121.750198
129111.563992,143.101517,10.255112,121.639603
129111.605288,143.223389,10.499207,121.722916
129111.646585,143.229965,10.163071,121.677383
129111.687884,143.331055,9.908356,121.793854
129111.729182,143.118652,10.062180,121.358551
129111.770481,143.371613,10.058731,121.545975
129111.811781,143.257629,10.186493,121.897202
129111.853080,143.436005,10.232956,121.923370
129111.894379,143.285950,10.013031,122.128174
129111.935675,143.316483,10.189713,121.770187
129111.976973,143.386368,10.139694,121.596588
129112.018273,143.551636,10.283508,121.805099
129112.059574,143.502197,9.965958,121.910141
129112.100878,143.508484,10.089035,121.714905
129112.142182,143.448883,10.146210,121.582214
129112.183484,143.299622,10.252853,121.562881
129112.224787,143.296005,10.183273,121.545853
129112.266087,143.094971,10.417694,121.900726
129112.307388,143.170761,9.937653,121.622971
129112.348689,142.894028,10.420212,121.996216
129112.389991,143.114960,10.105682,121.552185
129112.431295,143.188354,10.218155,121.687485
129112.472596,143.232361,10.075836,122.041046
129112.513900,143.410995,10.182571,121.959839
129112.555201,143.108780,10.267899,122.300827
129112.596499,143.314148,10.151031,121.726425
129112.637798,143.087051,10.276703,121.765045
129112.679097,143.405823,10.219849,121.524612
129112.720396,143.357437,10.289474,121.803894
129112.761696,143.360199,10.202774,121.556885
129112.802995,143.392212,10.100723,121.717499
129112.844296,143.211166,10.310928,121.894348
129112.885597,143.538239,10.414703,121.852631
129112.926900,143.407883,10.148605,122.028824
129112.968203,143.449921,9.990723,121.412537
129113.009503,143.527542,10.215698,121.674469
129113.050803,143.256042,10.025864,121.878738
129113.092103,143.188904,10.234360,121.628433
129113.133402,143.567123,10.099960,121.687515
129113.174701,143.569870,10.482071,121.803894
129113.216001,143.571167,10.169174,121.591873
129113.257299,143.335510,10.260483,121.972015
129113.298600,143.395691,10.254410,121.841263
129113.339899,143.682419,10.054276,121.723236
129113.381200,143.384735,10.405960,121.600632
129113.422499,143.372757,10.299103,121.645401
129113.463798,143.295547,10.710022,122.023270
129113.505097,143.382767,10.327652,121.577423
129113.546398,143.214142,10.334000,121.682617
129113.587701,143.177429,10.255615,121.837830
129113.629006,143.315903,10.246948,121.753357
129113.670310,143.373245,10.182831,121.554031
129113.711612,143.364227,10.246826,121.471527
129113.752917,143.453369,10.250351,121.807739
129113.794221,143.392059,10.341339,121.723831
129113.835524,143.332642,10.359558,121.719315
129113.876826,143.431458,10.206558,121.486130
129113.918128,143.118195,10.457367,121.838791
129113.959429,143.346039,10.316635,121.244644
129114.000731,143.136017,10.264603,121.398178
129114.042031,143.078186,10.178528,121.406113
129114.083331,143.342178,10.148285,121.499634
129114.124630,143.191788,10.122955,121.361221
129114.165930,143.058853,10.380386,121.406693
129114.207230,143.091705,10.146927,121.465073
129114.248531,143.235794,10.331223,121.605698
129114.289832,143.182114,10.291077,121.638184
129114.331132,143.306732,10.274887,121.719940
129114.372429,143.218445,10.320358,121.924423
129114.413729,143.132477,10.119690,121.842621
129114.455031,143.133240,10.281540,121.919296
129114.496333,143.374161,10.336929,121.972397
129114.537633,143.232605,10.285904,122.135590
129114.578932,143.290146,10.311203,121.955093
129114.620230,143.456558,10.001053,121.898788
129114.661531,143.561157,10.214188,121.352921
129114.702832,143.333588,10.190384,121.767075
129114.744131,143.448624,10.104126,121.871277
129114.785429,143.449738,9.881378,121.505630
129114.826727,143.566330,10.030869,122.091980
129114.868025,143.587372,10.168701,121.778519
129114.909321,143.608566,10.189438,121.791504
129114.950618,143.422989,10.144135,121.968781
129114.991917,143.556366,10.188461,121.605270
129115.033216,143.514954,10.221603,121.872375
129115.074517,143.593811,10.365906,121.554092
129115.115817,143.498276,10.282776,121.777298
129115.157117,143.498871,10.319153,121.993576
129115.198418,143.517624,10.464294,121.692703
129115.239718,143.316040,10.263443,121.532211
129115.281015,143.566483,10.270615,121.361420
129115.322314,143.359573,10.320160,121.136078
129115.363611,143.174133,10.487335,121.582367
129115.404908,143.294830,10.459885,121.560242
129115.446206,143.184647,10.299561,121.372421
129115.487504,143.205063,10.339371,121.682144
129115.528803,143.222534,10.451477,121.897736
129115.570103,143.347656,10.279602,121.771866
129115.611405,143.357971,10.454315,121.854446
129115.652707,143.570679,10.478241,121.872910
129115.694007,143.428909,10.321777,121.758667
129115.735308,143.581787,10.018738,121.936798
129115.776611,143.346237,10.241562,121.929520
129115.817916,143.418808,10.342575,121.982925
129115.859219,143.382751,10.074829,121.637802
129115.900518,143.523453,10.166595,121.812576
129115.941820,143.473129,10.105865,121.871887
129115.983126,143.426147,10.350327,121.963989
129116.024430,143.417343,9.920746,121.973282
129116.065733,143.379776,10.070755,122.113998
129116.107035,143.488571,10.197632,122.316055
129116.148336,143.662735,10.289551,122.255173
129116.189638,143.683105,10.136581,122.284500
129116.230939,143.456436,10.161972,121.947830
129116.272239,143.652786,10.407150,122.065277
129116.313540,143.634537,10.117950,121.931030
129116.354843,143.572479,10.375061,121.810837
129116.396144,143.473190,10.183807,121.852997
129116.437448,143.629486,10.147964,121.561279
129116.478749,143.766556,10.055283,121.665970
129116.520052,143.459991,10.298889,121.621796
129116.561357,143.545563,10.109390,121.654633
129116.602661,143.617126,10.209122,121.748795
129116.643965,143.532288,10.096954,121.716476
129116.685267,143.656830,10.219788,121.910553
129116.726568,143.591858,10.066620,121.993225
129116.767867,143.673325,10.357986,121.966827
129116.809166,143.514984,10.117142,121.839081
129116.850466,143.596970,10.255219,121.651871
129116.891767,143.692368,10.252869,121.710464
129116.933070,143.762772,10.251602,122.052536
129116.974373,143.788589,10.181091,121.423538
129117.015675,143.587357,10.325058,121.710983
129117.056973,143.337250,10.367935,121.638214
129117.098279,143.673340,10.200287,121.920609
129117.139571,143.855026,9.953766,121.945511
129117.180870,143.813065,10.043518,121.492783
129117.222171,143.668427,9.939667,121.723953
129117.263473,143.559326,9.929733,121.677567
129117.304777,143.523956,10.134430,121.659515
129117.346082,143.407349,9.971359,121.721313
129117.387386,143.449371,9.961502,121.908783
129117.428687,143.406998,9.971344,121.925980
129117.469988,143.461166,10.009735,121.990601
129117.511288,143.680328,10.289474,121.555649
129117.552590,143.758163,10.293442,121.655075
129117.593889,143.650162,10.261108,121.624390
129117.635192,143.632706,10.359329,121.928513
129117.676495,143.461868,10.386169,121.875137
129117.717796,143.630783,10.507828,122.100815
129117.759094,143.555725,10.285355,121.923462
129117.800393,143.416077,10.382141,121.804245
129117.841694,143.458496,10.270309,121.734283
129117.882992,143.508179,10.088379,121.991409
129117.924291,143.398499,10.123276,121.490952
129117.965594,143.593750,10.330765,122.060593
129118.006896,143.585632,10.255646,122.140442
129118.048198,143.729187,10.164062,122.002869
129118.089501,143.417862,10.325867,122.031555
129118.130804,143.622513,10.149048,122.071503
129118.172107,143.638611,10.350983,122.185928
129118.213409,143.764206,10.292648,122.012787
129118.254711,143.448761,10.339310,122.230209
129118.296013,143.626434,10.211487,121.898041
129118.337313,143.455368,10.191483,122.071121
129118.378612,143.537903,10.359451,121.608337
129118.419914,143.756302,10.161758,121.779053
129118.461216,143.716431,9.973587,121.719284
129118.502518,143.713425,10.166641,121.792374
129118.543821,143.512283,10.185944,121.985794
129118.585122,143.792450,10.019928,121.522324
129118.626424,143.736481,10.242508,121.843796
129118.667725,143.937042,10.279373,122.039368
