131999.998169,159.808136,15.037552,117.607071
132000.039460,159.571762,15.085510,117.866913
132000.080750,159.599274,15.135529,117.950699
132000.122043,159.459610,15.006668,117.591309
132000.163337,159.382843,14.858582,117.893982
132000.204630,159.459305,14.904083,117.728043
132000.245925,159.304413,14.851807,117.643692
132000.287221,159.431030,14.757523,117.369202
132000.328514,159.234421,14.982834,117.883499
132000.369807,159.382507,14.946442,117.451859
132000.411102,159.309128,14.954742,117.732300
132000.452398,159.435608,14.959976,117.495407
132000.493692,159.508957,15.120285,117.871887
132000.534987,159.340317,14.973602,117.558838
132000.576283,159.267242,15.045868,117.856064
132000.617577,159.324799,15.206741,117.482803
132000.658872,159.358795,15.187897,117.861420
132000.700166,159.230087,15.028152,117.738434
132000.741463,159.284592,15.028580,117.683578
132000.782758,159.255157,14.970688,118.079712
132000.824052,159.186554,15.063416,117.806702
132000.865346,159.307220,14.847137,117.623810
132000.906642,159.211319,15.046890,117.944641
132000.947938,159.186127,14.849579,118.063614
132000.989233,159.045731,15.011520,117.920624
132001.030529,159.176651,15.165909,117.933701
132001.071829,159.414932,14.999832,117.922745
132001.113126,159.016159,15.078949,117.806549
132001.154422,159.457001,15.021698,117.825668
132001.195718,159.417801,15.009598,117.525620
132001.237013,159.547012,14.891891,117.368927
132001.278309,159.310669,14.962540,117.511307
132001.319605,159.459839,14.927078,117.608490
132001.360901,159.423904,15.061981,117.669525
132001.402197,159.224670,15.095108,117.701126
132001.443491,159.423737,14.742249,117.931641
132001.484787,159.353287,14.957581,117.767670
132001.526083,159.406830,14.866196,118.123489
132001.567377,159.475861,14.868179,118.155243
132001.608669,159.587921,15.007401,118.050201
132001.649961,159.497421,14.840866,118.153351
132001.691253,159.718674,14.728638,118.008469
132001.732548,159.482956,14.973969,117.869720
132001.773841,159.403214,15.219650,118.228073
132001.815136,159.505615,14.954361,118.163727
132001.856427,159.625977,15.115082,118.357300
132001.897720,159.436295,15.113266,118.081573
132001.939013,159.443115,14.941513,118.415939
132001.980306,159.560425,14.757812,117.718933
132002.021602,159.311157,14.968781,118.066147
132002.062897,159.457794,15.089737,117.936493
132002.104191,159.387909,15.087891,117.657852
132002.145483,159.515198,14.916290,118.148773
132002.186778,159.317520,15.152115,117.996765
132002.228073,159.583893,15.043564,117.582306
132002.269367,159.386566,15.073608,118.028458
132002.310660,159.299240,15.075653,117.745712
132002.351954,159.340576,14.977341,117.991287
132002.393246,159.583908,15.003052,117.871719
132002.434541,159.486588,15.076736,118.115021
132002.475835,159.813293,15.053055,117.827271
132002.517130,159.755325,15.021240,117.897507
132002.558425,159.692169,14.820312,117.690094
132002.599726,159.568176,15.007614,117.936432
132002.641025,159.687500,14.763351,117.644989
132002.682320,159.732101,14.655273,117.815826
132002.723615,159.525589,14.656586,117.765411
132002.764912,159.580353,14.896881,117.833344
132002.806207,159.702362,14.695038,117.878220
132002.847501,159.764603,14.888870,117.786835
132002.888794,159.787720,14.845078,117.616730
132002.930088,159.857773,14.786819,117.687790
132002.971382,159.720352,14.736908,117.566315
132003.012677,159.624985,14.857666,117.576416
132003.053971,159.860596,14.558685,117.467178
132003.095267,159.865097,14.900742,117.748291
132003.136562,159.879517,14.850037,117.674133
132003.177858,159.592484,14.957291,117.953262
132003.219152,159.498688,14.950516,117.622971
132003.260446,159.469147,14.711105,117.501953
132003.301741,159.537933,14.813095,117.985352
132003.343038,159.465057,14.909958,117.591385
132003.384333,159.558090,14.892868,117.561050
132003.425627,159.669754,14.871552,117.616425
132003.466919,159.499603,14.885498,117.999924
132003.508212,159.581482,14.837921,117.912476
132003.549509,159.565887,14.890366,117.834305
132003.590807,159.617310,14.769272,117.696960
132003.632106,159.654663,14.850143,117.859924
132003.673402,159.648895,14.961929,117.596039
132003.714698,159.487854,15.029816,117.296112
132003.755997,159.574020,14.896194,117.533203
132003.797296,159.555618,14.756104,117.403946
132003.838593,159.474030,14.865570,117.881729
132003.879890,159.314926,14.820679,117.862534
132003.921186,159.456955,14.602005,117.896500
132003.962481,159.112213,14.949738,117.734482
132004.003779,159.438385,14.617279,117.633957
132004.045075,159.240784,14.939423,117.830490
132004.086373,159.259796,14.884796,117.875595
132004.127669,159.432297,14.918655,117.613815
132004.168963,159.545303,14.960968,118.007782
132004.210255,159.489197,15.069168,118.007172
132004.251550,159.381683,15.095779,117.825699
132004.292846,159.595596,14.973007,117.839813
132004.334140,159.448181,14.994263,117.798172
132004.375434,159.409897,15.107162,118.109421
132004.416728,159.177750,15.051498,117.912582
132004.458021,159.192978,15.098846,117.993790
132004.499316,159.291473,14.859909,117.983322
132004.540613,159.279617,14.905090,117.781219
132004.581908,159.364899,14.921555,118.038437
132004.623202,159.251770,14.974335,117.958572
132004.664496,159.148712,14.744492,117.608124
132004.705791,159.224747,14.997177,117.807236
132004.747087,159.295181,15.077026,117.530624
132004.788381,159.114929,15.205368,117.609604
132004.829676,159.016113,15.153992,117.846817
132004.870970,159.429550,15.181412,117.747620
132004.912264,159.437805,15.099228,117.306976
132004.953559,159.422745,15.183838,117.873169
132004.994855,159.660080,14.951035,117.443756
132005.036150,159.382889,14.944260,117.429504
132005.077446,159.508331,14.967255,117.550735
132005.118743,159.158646,14.920959,117.798065
132005.160039,159.305695,14.960281,117.897491
132005.201334,159.330383,14.993164,117.692474
132005.242628,159.084518,15.076279,117.730164
132005.283926,159.360214,15.035660,118.028595
132005.325222,159.154755,15.150177,117.909775
132005.366514,159.478226,15.026413,117.812805
132005.407809,159.435684,15.118515,117.779404
132005.449104,159.292816,15.135086,117.895218
132005.490400,159.330917,15.062210,117.801270
132005.531696,159.512207,14.969208,117.698654
132005.572993,159.320679,14.973862,117.766754
132005.614290,159.435669,15.019485,117.796494
132005.655585,159.469986,14.771500,117.945099
132005.696879,159.240311,14.943451,118.028076
132005.738172,159.398590,14.951721,117.622452
132005.779467,159.283478,15.115570,117.749039
132005.820761,159.385391,14.842697,117.923630
132005.862055,159.493607,14.861191,117.995544
132005.903347,159.446091,15.158859,118.002197
132005.944642,159.367477,15.002823,118.015717
132005.985936,159.493271,15.380005,117.794418
132006.027229,159.339737,15.026947,117.999847
132006.068523,159.152267,15.218597,117.896652
132006.109818,159.419571,14.947372,118.027267
132006.151112,159.240295,15.029388,117.797104
132006.192405,159.393539,15.090576,118.021057
132006.233698,159.217834,15.103790,118.016983
132006.274993,159.356171,15.033783,117.832367
132006.316289,159.288132,14.958511,117.759796
132006.357584,159.141205,15.255356,117.909943
132006.398878,159.327820,15.031662,118.119019
132006.440173,159.426147,15.025589,118.105423
132006.481468,159.281921,15.082169,118.589188
132006.522764,159.517227,15.039200,118.239777
132006.564061,159.333008,14.830490,118.258377
132006.605355,159.313889,14.923920,118.166748
132006.646649,159.292007,14.917007,118.217667
132006.687944,159.082397,14.937042,118.046387
132006.729238,159.321198,14.783752,118.056976
132006.770533,159.494919,14.910828,118.158585
132006.811828,159.464523,14.997513,118.094025
132006.853123,159.457794,15.154068,118.313385
132006.894415,159.147141,15.236328,118.729065
132006.935708,159.411697,14.848495,118.406067
132006.977001,159.535507,14.905762,118.307144
132007.018296,159.507843,14.970840,118.275024
132007.059591,159.303711,14.823334,118.391800
132007.100886,159.428528,14.863174,118.337387
132007.142184,159.368378,14.871704,118.409988
132007.183480,159.500427,14.968582,118.588013
132007.224776,159.428055,15.071747,118.238525
132007.266073,159.331253,15.154221,118.166656
132007.307369,159.584503,15.005585,118.204742
132007.348667,159.458344,15.011597,118.137360
132007.389964,159.505249,14.892914,118.159698
132007.431261,159.319183,14.985016,118.195480
132007.472557,159.283157,14.930161,118.147781
132007.513854,159.410553,14.829391,118.426544
132007.555151,159.462799,14.720001,118.406052
132007.596447,159.238724,15.094299,118.290161
132007.637741,159.715118,14.723587,118.531281
132007.679035,159.441406,14.956985,118.437988
132007.720330,159.512268,14.930496,118.642471
132007.761624,159.627304,14.873123,118.427948
132007.802917,159.506271,15.077271,118.404495
132007.844213,159.456909,15.119705,118.311859
132007.885510,159.478485,15.320908,118.051208
132007.926805,159.410019,15.089859,118.441086
132007.968101,159.588455,15.155350,118.149490
132008.009401,159.643738,14.862091,118.125458
132008.050699,159.656311,15.191986,118.115707
132008.091997,159.402039,15.022842,118.219421
132008.133294,159.704239,14.802002,118.540787
132008.174591,159.380295,15.028259,118.527359
132008.215889,159.564362,14.992599,118.217392
132008.257186,159.519897,14.985138,118.365021
132008.298485,159.396622,15.024918,118.226074
132008.339783,159.411621,14.993210,118.197769
132008.381082,159.332916,14.993896,118.217789
132008.422381,159.103806,15.317337,118.250000
132008.463678,159.429214,15.184036,118.041840
132008.504979,159.329773,15.291489,118.293900
132008.546277,159.273346,14.947708,118.444992
132008.587573,159.093018,15.333466,118.372879
132008.628870,159.405350,14.981171,118.508453
132008.670170,159.438797,15.184036,118.744949
132008.711468,159.274353,15.115448,118.304489
132008.752768,159.141968,15.239975,118.235214
132008.794066,159.162216,15.090378,118.389084
132008.835364,159.236588,15.144333,118.236755
132008.876663,159.332153,15.300186,118.474533
132008.917961,159.268127,15.254303,118.400284
132008.959260,158.927643,15.249756,118.476913
132009.000559,159.246216,15.264954,118.186218
132009.041860,159.311752,15.123657,118.132019
132009.083159,159.492371,15.429993,118.297821
132009.124457,159.398941,15.275131,118.242294
132009.165756,159.230560,15.366074,118.240906
132009.207054,159.459457,15.125168,118.179047
132009.248351,159.522049,15.202957,118.270157
132009.289647,159.574539,15.192017,118.363831
132009.330945,159.666565,15.032700,118.086426
132009.372243,159.527145,15.249084,118.245819
132009.413541,159.505646,15.125031,118.123428
132009.454839,159.481247,15.102615,118.116196
132009.496136,159.462524,15.033951,118.072311
132009.537432,159.563263,15.071777,118.213226
132009.578728,159.465485,15.048630,118.288757
132009.620023,159.497879,15.282211,118.515457
132009.661319,159.517014,15.147812,118.355530
132009.702612,159.461334,15.184158,118.629990
132009.743906,159.682434,14.779602,118.582474
132009.785200,159.566269,15.027557,118.117371
132009.826495,159.414291,14.828766,118.276215
132009.867791,159.658066,15.048248,118.044052
132009.909088,159.635864,14.999496,118.065094
132009.950383,159.585632,14.913666,118.119812
132009.991680,159.454315,14.880493,117.843933
132010.032975,159.662277,14.851471,117.754105
132010.074271,159.568909,14.940247,117.965454
132010.115570,159.639221,14.996124,118.207382
132010.156866,159.492859,15.065323,118.218704
132010.198166,159.831833,14.743027,118.451981
132010.239466,159.562195,14.785767,118.190781
132010.280764,159.463394,14.979218,118.019241
132010.322062,159.753769,15.035919,118.135376
132010.363358,159.574341,15.142715,118.294754
132010.404655,159.733673,14.924088,118.110352
132010.445950,159.721008,14.778275,117.822678
132010.487246,159.773132,15.038162,117.844345
132010.528544,159.963562,14.815918,117.866974
132010.569837,159.670807,14.692673,117.901855
132010.611134,159.604279,14.833572,117.829742
132010.652430,159.820312,14.883041,118.212677
132010.693727,159.677185,14.664978,117.657974
132010.735025,159.763916,14.731491,118.118973
132010.776322,159.910782,14.625793,117.994614
132010.817621,159.915436,14.810623,117.705414
132010.858919,159.889053,14.844315,117.828339
132010.900218,159.962540,14.887741,118.013596
132010.941516,159.987778,14.913147,117.784164
132010.982814,159.774628,14.873611,117.742889
132011.024110,160.033691,14.663895,118.075974
132011.065405,159.838989,14.730789,117.973312
132011.106701,159.857635,14.769318,117.734985
132011.147997,160.014877,14.639694,117.841415
132011.189291,159.817719,14.825699,118.104477
132011.230587,159.690186,14.726837,118.011322
132011.271883,159.884415,14.726868,118.021454
132011.313177,159.844940,14.594635,117.989166
132011.354473,159.797226,14.755386,117.910919
132011.395767,159.876587,14.652100,118.123230
132011.437062,159.533401,14.788727,118.165558
132011.478357,159.808212,14.828476,118.146072
132011.519654,159.593445,14.934494,117.790726
132011.560951,159.772903,15.055389,118.204041
132011.602248,159.924149,14.802628,118.272034
132011.643542,159.762711,14.868011,117.834305
132011.684838,159.813324,14.926071,118.179016
132011.726136,159.731934,14.680786,117.845871
132011.767435,159.691986,14.694656,117.908447
132011.808732,159.675980,14.619720,118.028427
132011.850030,159.648193,14.728485,118.116104
132011.891327,159.590866,14.748932,117.690613
132011.932622,159.639099,14.669510,117.926712
132011.973919,159.555130,14.703659,117.940338
132012.015216,159.620041,14.690475,118.156891
132012.056515,159.671112,14.829788,118.300034
132012.097814,159.678024,14.766647,117.670471
132012.139111,159.673599,14.937912,117.948013
132012.180409,159.884506,14.820038,117.936661
132012.221707,159.849045,14.807541,118.048004
132012.263003,159.882599,14.708176,117.788437
132012.304302,159.908798,14.568207,117.676254
132012.345600,159.785858,14.523178,117.779404
132012.386901,160.093277,14.582123,117.870438
132012.428198,160.105576,14.497360,118.147186
132012.469496,159.886642,14.688660,118.035461
132012.510795,159.850113,14.460876,118.045563
132012.552093,160.162659,14.626785,118.143478
132012.593390,159.738129,14.619171,118.307129
132012.634686,159.749496,14.797974,118.129608
132012.675983,159.691284,14.705078,118.344864
132012.717280,159.925156,14.685516,117.692749
132012.758578,159.715179,14.775894,118.055695
132012.799877,160.000809,14.606033,118.022430
132012.841175,159.758224,14.663879,117.945480
132012.882471,159.736984,14.788818,117.603668
132012.923769,159.965622,14.662338,117.753067
132012.965068,159.734573,14.583374,117.684464
132013.006367,159.690903,14.816681,118.064484
132013.047665,159.823471,14.791626,118.249985
132013.088964,159.623749,14.933228,118.113602
132013.130258,159.793457,14.720673,118.304993
132013.171555,159.956665,14.807007,118.229584
132013.212851,159.727051,14.863907,118.398514
132013.254150,159.916916,15.045685,118.126282
132013.295445,159.705566,14.733124,117.918381
132013.336743,159.725189,14.815018,117.946365
132013.378041,159.609467,15.111313,118.341370
132013.419340,159.372055,15.074951,118.148926
132013.460639,159.655304,15.018753,118.181534
132013.501937,159.946274,14.549454,118.251450
132013.543232,159.838150,14.949203,117.954269
132013.584527,159.694183,15.029114,117.912018
132013.625819,159.867569,14.711975,117.702850
132013.667115,159.766403,14.842300,118.061111
132013.708410,159.895874,14.627579,118.027435
132013.749702,159.700058,14.739395,118.022446
132013.790995,159.547867,14.890839,118.034378
132013.832289,159.616318,14.944443,117.957886
132013.873585,159.460480,14.864990,118.084656
132013.914881,159.595917,14.972992,118.316299
132013.956179,159.493317,15.123795,117.975708
132013.997476,159.488342,15.422531,117.836319
132014.038774,159.492859,15.000763,117.636353
132014.080072,159.517609,14.863190,117.906631
132014.121368,159.660919,15.066513,118.019821
132014.162664,159.254105,15.139145,117.634277
132014.203959,159.511856,14.986343,117.637756
132014.245257,159.650162,14.949661,117.859680
132014.286558,159.618256,14.926346,117.738052
132014.327856,159.767792,14.986664,118.259201
132014.369154,159.349274,15.248550,117.753693
132014.410449,159.504120,14.916245,117.800262
132014.451746,159.454956,14.993668,118.104156
132014.493044,159.384644,15.105560,118.132477
132014.534341,159.547455,15.045013,117.786438
132014.575641,159.720490,15.014816,118.011459
132014.616940,159.600449,15.071335,118.240814
132014.658239,159.498444,14.957932,118.235443
132014.699536,159.649490,14.873550,117.864380
132014.740833,159.775208,14.600098,118.082993
132014.782129,159.488495,14.964920,118.042130
132014.823425,159.769272,14.789307,118.189377
132014.864722,159.539627,14.700562,118.307983
132014.906020,159.645111,14.688416,118.189911
132014.947318,159.577042,14.880096,118.064392
132014.988616,159.553925,15.034775,118.209198
132015.029913,159.768677,14.750595,118.077362
132015.071211,159.716476,14.717056,117.817017
132015.112511,159.425064,14.702103,118.025009
132015.153811,159.673187,15.160461,118.262772
132015.195111,159.772720,15.081177,118.044617
132015.236410,159.824890,14.919769,117.836334
132015.277710,159.700974,14.909668,118.215485
132015.319009,159.715698,14.938461,118.118774
132015.360307,159.820358,14.801010,118.104385
132015.401605,159.622986,15.017822,117.992630
132015.442900,159.885788,14.752930,117.775696
132015.484196,159.682312,14.825012,117.941971
132015.525492,159.716324,14.769684,117.855865
132015.566787,159.832947,14.838333,118.120255
132015.608082,159.662445,14.932968,118.020508
132015.649380,159.661255,14.886597,118.242691
132015.690677,159.518570,14.877670,118.319656
132015.731975,159.639206,14.957764,118.242386
132015.773273,159.704529,14.768234,118.336990
132015.814572,159.748093,14.940079,118.045624
132015.855870,159.696045,14.997513,118.042160
132015.897166,159.851471,14.824692,117.715805
132015.938465,159.625259,15.100479,118.222076
132015.979766,159.750519,14.797195,117.708252
132016.021064,159.854935,14.934250,118.062607
132016.062363,159.756531,14.672211,117.964920
132016.103662,159.659164,14.802490,117.898132
132016.144956,159.668137,14.823837,117.767227
132016.186253,159.708450,14.847565,118.376541
132016.227550,159.579346,14.763611,118.011063
132016.268849,159.731735,14.703705,117.897186
132016.310145,159.394226,14.660233,117.919540
132016.351441,159.485016,14.899307,118.094864
132016.392737,159.737091,14.774521,117.998245
132016.434037,159.369232,15.106705,118.065826
132016.475333,159.675934,14.855881,117.820938
132016.516630,159.637878,15.033707,117.863480
132016.557925,159.516251,14.805405,117.629303
132016.599225,159.497040,14.971832,117.539261
132016.640523,159.550018,15.006073,117.912048
132016.681823,159.407761,14.781418,118.107407
132016.723122,159.383881,15.008942,117.991333
132016.764420,159.642883,14.712387,117.677032
132016.805720,159.275177,15.006393,117.632278
132016.847018,159.648712,14.849869,117.738052
132016.888318,159.171707,14.963379,118.363174
132016.929614,159.477768,14.828522,118.026520
132016.970911,159.595398,14.929153,118.121216
132017.012209,159.489594,14.966492,117.998871
132017.053505,159.347046,14.929306,117.975479
132017.094801,159.371460,14.946487,117.890320
132017.136096,159.579468,14.900833,117.912155
132017.177394,159.512146,14.955948,117.933304
132017.218692,159.537308,14.891190,117.280899
132017.259988,159.648804,14.950668,117.615219
132017.301286,159.668304,14.562866,117.981049
132017.342584,159.537735,14.622162,117.831955
132017.383881,159.581284,14.734116,118.145523
132017.425179,159.496567,14.868286,118.077133
132017.466477,159.335434,14.930756,117.960800
132017.507774,159.555466,14.678070,117.664886
132017.549073,159.437500,14.723480,117.868896
132017.590369,159.473358,14.702438,117.978500
132017.631666,159.570969,14.614838,117.994308
132017.672962,159.295776,14.903625,118.025040
132017.714257,159.336349,14.945419,118.012009
132017.755553,159.299988,14.985947,117.945297
132017.796850,159.362305,14.838776,117.894836
132017.838145,159.395203,14.954453,118.088516
132017.879441,159.542938,14.718262,117.605682
132017.920739,159.435608,14.917511,117.756561
132017.962035,159.565170,14.647812,118.010071
132018.003331,159.491837,14.608887,118.155762
132018.044628,159.409241,14.620758,117.735413
132018.085922,159.564148,14.835236,117.796738
132018.127217,159.452896,14.686066,117.968033
132018.168513,159.459442,14.571259,117.725418
132018.209807,159.683502,14.639740,117.730408
132018.251100,159.503815,14.757263,117.979309
132018.292398,159.569427,14.769699,117.642960
132018.333696,159.562256,14.834442,117.556427
132018.374994,159.551910,14.983963,118.008896
132018.416290,159.712372,14.792862,117.524994
132018.457587,159.571304,14.903015,117.888199
132018.498883,159.617569,14.663956,117.630371
132018.540176,159.555679,14.886826,118.008698
132018.581469,159.784744,14.534988,117.946808
132018.622765,159.715103,14.407700,118.120773
132018.664059,159.404480,14.617706,118.059006
132018.705354,159.569656,14.665756,117.806076
132018.746648,159.501343,14.870407,118.238892
132018.787940,159.541199,14.563568,117.921600
132018.829232,159.460129,14.697403,118.212021
132018.870525,159.792755,14.692474,118.281372
132018.911820,159.787766,14.896729,117.798080
132018.953115,159.754745,14.871704,117.709900
132018.994411,159.720108,14.639542,117.785110
132019.035706,159.853897,14.770630,117.645065
132019.077001,159.683136,14.662598,117.592560
132019.118296,159.623947,14.782196,117.384155
132019.159590,159.594284,15.010742,117.558289
132019.200885,159.648575,14.750198,117.706573
132019.242182,159.618835,14.862091,118.092560
132019.283479,159.600403,14.947571,117.628448
132019.324774,159.521515,14.687698,117.820816
132019.366068,159.677078,14.636353,117.976440
132019.407362,159.485001,15.048737,117.604355
132019.448656,159.713989,14.820480,117.779709
132019.489952,159.687897,15.025909,118.024643
132019.531247,159.667068,14.764984,117.710205
132019.572542,159.674667,14.894577,117.712448
132019.613839,159.802048,15.043686,117.929977
132019.655134,159.613281,14.975784,118.095337
132019.696430,159.719864,15.033356,117.867584
132019.737724,159.650986,14.876740,117.629898
132019.779014,159.790558,14.844833,117.720276
132019.820308,159.702194,14.825745,117.882217
132019.861604,159.733582,14.837372,117.780136
132019.902898,159.667892,14.778900,117.703964
132019.944191,159.726807,14.759277,117.819748
132019.985483,159.635590,14.738449,117.886185
132020.026777,159.640778,14.843018,117.751404
132020.068069,159.530151,14.988663,117.848572
132020.109361,159.616516,15.109406,117.874710
132020.150655,159.567078,14.872864,118.266571
132020.191951,159.786026,14.788223,117.711060
132020.233246,159.711121,14.836090,118.059494
132020.274540,159.885239,14.997818,117.759262
132020.315836,159.754715,14.984528,117.737793
132020.357131,159.610001,14.968063,117.896133
132020.398427,159.868530,14.786957,117.677658
132020.439721,159.803726,14.856583,117.828659
132020.481015,159.708084,14.688629,117.988556
132020.522310,159.661041,14.632919,117.949783
132020.563606,159.365952,14.924530,118.563858
132020.604899,159.560883,14.784500,117.845108
132020.646191,159.757446,14.885300,117.905075
132020.687486,159.699295,14.715408,117.870575
132020.728778,159.537003,14.854919,118.080353
132020.770069,159.714310,14.889038,117.666809
132020.811362,159.519302,15.160782,118.261612
132020.852655,159.699997,14.810577,117.902603
132020.893949,159.874237,14.925659,117.962311
132020.935243,159.778259,14.850357,117.658890
132020.976539,159.975311,14.835037,118.027710
132021.017831,159.681030,14.771973,117.700333
132021.059124,159.673416,14.615677,117.723907
132021.100420,159.593338,14.694580,117.660141
132021.141714,159.725021,14.823715,117.834732
132021.183007,159.539886,14.834335,117.747131
132021.224302,159.613968,14.976944,118.130432
132021.265598,159.586487,15.000732,117.844940
132021.306891,159.618011,14.926071,117.872742
132021.348185,159.555618,14.828262,117.607880
132021.389480,159.342621,15.011826,118.210663
132021.430776,159.576477,14.870911,118.077362
132021.472071,159.681625,14.872253,117.820114
132021.513367,159.640182,14.907562,117.978180
132021.554662,159.783493,14.627457,117.579865
132021.595955,159.514053,14.748520,117.805084
132021.637249,159.725250,14.886292,118.012070
132021.678544,159.744583,14.625519,118.181992
132021.719842,159.450012,14.947815,117.939194
132021.761137,159.455872,14.851395,118.087646
132021.802432,159.600021,14.567413,117.694778
132021.843724,159.616211,14.545074,117.995392
132021.885017,159.670807,14.807724,117.972748
132021.926311,159.573929,14.707886,117.787628
132021.967605,159.652054,14.704254,117.720444
132022.008897,159.722107,14.650909,117.990906
132022.050191,159.652664,14.612869,117.678894
132022.091486,159.708939,14.786789,117.562958
132022.132779,159.522598,14.686264,117.299988
132022.174072,159.594025,14.719437,117.291000
132022.215366,159.846802,14.512100,117.495087
132022.256660,159.580994,14.727783,117.631760
132022.297954,159.673767,14.585037,117.545517
132022.339246,159.685181,14.723938,117.561401
132022.380541,159.755463,14.797836,117.711029
132022.421837,159.710983,14.690933,117.720215
132022.463133,159.532135,14.767609,117.981354
132022.504429,159.597214,14.758636,117.505264
132022.545724,159.507599,14.983078,117.553162
132022.587022,159.639847,14.882477,117.495773
132022.628317,159.808548,14.720230,117.436752
132022.669613,159.555923,14.786224,117.774765
132022.710909,159.616547,15.109283,117.538193
132022.752206,159.547180,14.897568,117.379608
132022.793504,159.654144,14.853516,117.621796
132022.834800,159.500198,14.930740,118.137939
132022.876096,159.475601,14.818878,117.772171
132022.917393,159.524719,14.715347,117.810776
132022.958688,159.535614,14.731476,117.803406
132022.999984,159.654053,14.736145,117.817291
132023.041281,159.734360,14.823990,118.108414
132023.082577,159.683289,14.680023,117.814087
132023.123874,159.453217,14.806000,117.843491
132023.165172,159.813126,14.817169,117.988495
132023.206468,159.669601,14.896973,117.675873
132023.247764,159.513397,14.911804,118.108551
132023.289059,159.453339,14.751434,117.920700
132023.330354,159.566055,14.841537,118.103989
132023.371652,159.833969,14.964172,117.486374
132023.412949,159.600708,14.970108,117.799454
132023.454246,159.489319,15.188751,117.909027
132023.495539,159.520935,14.938965,117.542831
132023.536837,159.463913,15.153030,117.793747
132023.578132,159.849411,14.962067,117.681931
132023.619428,159.606400,15.082870,117.692215
132023.660723,159.479279,15.149307,118.067780
132023.702020,159.538544,15.049164,117.686172
132023.743314,159.588715,14.971268,117.787018
132023.784612,159.521011,15.117920,117.895462
132023.825910,159.679947,14.910538,117.682999
132023.867204,159.870621,15.107147,118.048660
132023.908500,159.704132,15.207230,117.631821
132023.949793,159.807571,14.861679,117.785126
132023.991086,159.768417,15.156860,117.941650
132024.032381,159.832138,15.177292,117.786240
132024.073675,159.735336,15.322357,118.039200
132024.114970,159.627594,15.284363,117.999817
132024.156263,159.675293,15.114792,117.958405
132024.197558,159.704117,15.015320,117.761108
132024.238852,159.591736,15.074509,118.015030
132024.280148,160.019547,14.899353,118.077042
132024.321442,159.697052,14.875519,117.914368
132024.362738,159.724197,14.999207,117.836700
132024.404032,159.606964,15.203018,117.940506
132024.445328,159.542297,15.114212,117.987305
132024.486622,159.544510,15.195145,118.165802
132024.527918,159.569580,15.247726,117.909256
132024.569213,159.657242,15.166779,117.833557
132024.610511,159.514160,15.212173,117.785141
132024.651808,159.783630,15.200134,117.817596
132024.693104,159.866699,15.039734,117.846085
132024.734399,159.661758,15.088974,118.082809
132024.775696,159.422318,15.139740,118.118515
132024.816991,159.550171,15.187820,118.179749
132024.858288,159.449539,15.204819,118.008636
132024.899586,159.420639,15.269867,118.175125
132024.940883,159.491547,15.229004,118.028732
132024.982181,159.373337,15.281509,117.763062
132025.023476,159.256699,15.449539,117.811066
132025.064772,159.247787,15.343353,117.730072
132025.106068,159.466400,15.120712,117.896378
132025.147364,159.615814,15.378433,117.781067
132025.188659,159.330612,15.291885,117.863937
132025.229955,159.450729,15.382477,118.046539
132025.271252,159.397461,15.152420,117.892914
132025.312549,159.591919,14.982376,117.983353
132025.353842,159.465073,15.046844,118.016800
132025.395136,159.617523,15.053650,118.171234
132025.436429,159.509445,15.048859,117.590302
132025.477723,159.473740,15.156479,118.097961
132025.519018,159.577332,15.161377,118.118881
132025.560312,159.641876,15.168823,117.925812
132025.601608,159.424347,15.221161,118.073502
132025.642900,159.569626,15.259308,118.288254
132025.684195,159.530869,15.403656,117.867844
132025.725488,159.482025,15.402451,117.954590
132025.766782,159.489975,15.048752,118.157990
132025.808076,159.542877,15.327591,117.682755
132025.849370,159.803848,14.990387,117.640762
132025.890663,159.535370,15.298508,117.835678
132025.931956,159.601669,15.166061,117.947311
132025.973249,159.529037,15.093185,117.608093
132026.014543,159.555069,15.138474,117.561829
132026.055837,159.467194,15.079590,117.834488
132026.097132,159.444061,14.952118,117.828461
132026.138428,159.304398,15.228058,118.027374
132026.179720,159.437134,15.047272,117.985565
132026.221014,159.383545,14.997513,117.754715
132026.262306,159.462204,15.140350,117.742691
132026.303597,159.444778,15.052216,117.500366
132026.344888,159.502319,14.876816,117.957733
132026.386182,159.565689,14.929398,118.087997
132026.427474,159.370361,15.033340,118.046631
132026.468768,159.511414,15.067093,117.807922
132026.510060,159.410736,15.164841,118.240875
132026.551353,159.375244,15.116028,118.007492
132026.592644,159.375168,15.189316,117.906464
132026.633935,159.440536,15.057526,117.732697
132026.675229,159.435822,15.032501,117.679382
132026.716521,159.249466,14.856659,117.895447
132026.757814,159.315964,15.119446,117.601257
132026.799108,159.332703,15.112732,118.064713
132026.840401,159.328003,14.958435,118.078094
132026.881694,159.344376,15.043335,117.971375
132026.922990,159.446503,14.977386,118.016434
132026.964286,159.426102,14.929840,117.887482
132027.005579,159.505020,14.986298,117.761230
132027.046873,159.625168,15.050323,117.593079
132027.088168,159.506729,15.050705,117.441513
132027.129466,159.598999,14.814453,117.634888
132027.170762,159.713226,14.624405,117.734329
132027.212058,159.534531,14.883499,117.627136
132027.253352,159.699005,14.823120,117.744293
132027.294649,159.631134,14.764435,117.805817
132027.335942,159.613815,14.896439,118.112411
132027.377237,159.645920,14.853180,117.725266
132027.418533,159.547241,14.914581,118.053970
132027.459827,159.452225,15.159485,118.065643
132027.501122,159.607086,14.944839,118.015915
132027.542418,159.809418,15.152237,118.149704
132027.583711,159.496796,15.117828,118.024307
132027.625002,159.693878,15.224518,117.526810
132027.666293,159.742096,15.257645,118.125275
132027.707582,159.689194,15.123978,117.890823
132027.748875,159.516342,15.113159,117.853439
132027.790166,159.559113,14.842667,118.004501
132027.831460,159.764877,14.974030,117.614548
132027.872754,159.699219,15.054626,117.652802
132027.914047,159.721207,15.038574,117.723373
132027.955342,159.708267,14.824097,117.841141
132027.996636,159.625107,15.001205,118.061081
132028.037928,159.759567,14.767792,118.017349
132028.079220,159.714279,15.049438,118.073196
132028.120511,159.985626,14.902283,117.579346
132028.161804,159.891174,14.999298,117.828094
132028.203098,159.746536,14.840103,117.926193
132028.244391,159.793625,14.899460,117.535950
132028.285682,159.768845,15.074142,117.575623
132028.326976,159.816666,14.946487,117.621490
132028.368270,159.880829,14.953415,117.818863
132028.409565,159.672531,14.795868,117.889313
132028.450862,159.632172,14.612000,117.700241
132028.492158,159.722931,14.553757,117.602966
132028.533454,159.750366,14.887253,117.708328
132028.574750,159.678329,14.850067,117.809677
132028.616046,159.537491,14.717163,117.859238
132028.657342,159.758606,14.622467,117.679993
132028.698638,159.840576,14.753433,117.528107
132028.739932,159.596893,14.874451,117.712952
132028.781226,159.873947,14.883804,117.665405
132028.822523,159.897751,14.710281,118.171204
132028.863817,159.716202,14.793991,117.797150
132028.905114,159.949814,14.579514,117.972733
132028.946412,159.878540,14.760757,117.865326
132028.987708,159.903748,14.592545,117.769028
132029.029004,159.779190,14.614395,117.864639
132029.070300,159.937622,14.611496,117.900391
132029.111595,159.899063,14.519867,117.763947
132029.152890,159.698227,14.710495,117.601852
132029.194186,159.493011,14.723190,117.740128
132029.235482,159.609985,14.631531,117.459915
132029.276779,159.563736,14.870651,117.920059
132029.318073,159.706543,14.950821,117.868423
132029.359367,159.693039,14.769958,117.964462
132029.400662,159.531403,15.118637,118.041504
132029.441956,159.538086,14.906296,118.104156
132029.483253,159.911026,14.813583,117.948868
132029.524551,159.814056,15.036880,117.888260
132029.565848,159.598740,15.003250,118.054352
132029.607143,159.786652,14.766510,117.999924
132029.648440,159.709076,14.830475,117.943329
132029.689737,159.678741,14.723419,118.055328
132029.731034,159.706390,14.778870,118.133209
132029.772329,159.836319,14.667709,118.151764
132029.813626,159.595306,14.690826,117.909851
132029.854920,159.709671,14.564560,117.688354
132029.896216,159.641251,14.732666,117.715271
132029.937511,159.667999,14.745651,117.591019
132029.978806,159.534683,14.719696,117.543961
132030.020102,159.619263,14.803635,118.007721
132030.061396,159.681717,14.868622,117.743774
132030.102690,159.724762,14.834320,117.433350
132030.143985,159.686737,14.695557,117.653641
132030.185280,159.747833,14.628571,117.570450
132030.226577,159.592590,14.705750,117.575485
132030.267878,159.641190,14.707489,117.614395
132030.309175,159.562943,14.835632,118.032913
132030.350473,159.782623,14.558578,117.695953
132030.391771,159.627686,14.802582,117.802505
132030.433070,159.592773,14.954880,117.966339
132030.474367,159.521088,14.655167,117.708572
132030.515665,159.684418,14.987427,118.152435
132030.556961,159.664886,15.043121,117.702225
132030.598258,159.957077,14.735336,117.692886
132030.639554,159.735275,14.779678,117.788925
132030.680852,159.844589,14.812637,117.730179
132030.722152,159.802277,14.968872,117.543304
132030.763454,160.058548,14.825073,117.556396
132030.804754,159.847046,14.808304,117.456619
132030.846055,160.169968,14.662094,117.636398
132030.887353,159.689713,14.784134,117.795898
132030.928652,159.752991,14.602356,117.542419
132030.969949,159.831390,14.777313,117.802261
132031.011248,159.870453,14.850342,117.699417
132031.052547,159.847885,14.890915,118.073898
132031.093844,159.855301,14.757568,117.821579
132031.135141,159.872513,14.852646,117.664200
132031.176438,160.068344,14.778091,117.553207
132031.217734,159.820816,15.080597,117.312546
132031.259030,159.682159,15.150467,117.538269
132031.300328,159.837158,14.967285,117.430862
132031.341627,159.738373,14.933792,117.014328
132031.382924,159.923874,14.965683,117.231476
132031.424220,159.983917,14.698166,117.107071
132031.465516,159.752396,14.568375,117.227859
132031.506810,159.891800,14.746002,117.620209
132031.548105,159.846390,14.820969,117.296539
132031.589400,159.811081,14.736511,117.529175
132031.630696,159.801117,14.778061,117.202454
132031.671993,159.523376,14.790695,117.448380
132031.713288,159.719482,14.798630,117.108627
132031.754584,159.728607,15.049057,117.470459
132031.795882,159.816711,14.856110,117.191193
132031.837178,159.791824,14.744186,117.721771
132031.878473,159.731384,14.813004,117.640747
132031.919769,159.761276,14.841187,117.283859
132031.961066,159.786270,14.873810,117.310928
132032.002362,159.676056,14.723709,117.463394
132032.043657,159.948212,14.649826,117.664078
132032.084955,159.699921,14.731705,117.656006
132032.126253,159.989563,14.485733,117.538345
132032.167550,159.717636,14.764130,117.613907
132032.208847,159.402649,14.749954,117.338013
132032.250144,159.831558,14.731781,117.654633
132032.291440,159.524643,14.675842,117.719299
132032.332737,159.770752,14.651077,117.803131
132032.374036,159.965424,14.696121,117.452942
132032.415332,159.887268,14.802719,117.706421
132032.456630,160.027832,14.843399,117.755951
132032.497928,159.856339,14.737885,117.626038
132032.539225,159.694641,14.586746,117.651413
132032.580522,159.664993,14.758301,117.931290
132032.621820,159.780182,14.692383,117.759995
132032.663119,159.622238,14.913025,117.608810
132032.704417,159.682922,14.813492,118.030396
132032.745713,159.724304,14.566299,117.826050
132032.787010,159.640884,14.624390,117.871140
132032.828306,159.818680,14.580872,117.640778
132032.869602,159.705139,14.796097,117.699768
132032.910899,159.569077,14.919647,118.090729
132032.952195,159.748917,14.684982,117.968857
132032.993492,159.673752,14.845001,118.347153
132033.034787,159.611435,14.975189,118.129532
132033.076083,159.931931,14.990250,117.890320
132033.117379,159.759369,14.836243,118.016693
132033.158675,159.995071,14.587814,117.883957
132033.199967,159.886398,14.552200,117.951630
132033.241259,159.965225,14.528229,117.710022
132033.282551,159.883087,14.655548,117.860611
132033.323843,159.954956,14.445312,117.719849
132033.365139,159.676727,14.765854,117.865234
132033.406433,159.742920,14.643494,118.123749
132033.447727,159.822449,14.763947,118.049469
132033.489022,159.904251,14.532455,118.054214
132033.530316,159.631714,14.724136,118.130310
132033.571608,159.611328,14.877319,118.320816
132033.612902,159.665512,14.621994,117.878677
132033.654198,159.894836,14.580048,117.983322
132033.695494,159.949280,14.584442,117.773804
132033.736789,160.048965,14.409103,117.950348
132033.778084,159.969574,14.452255,118.005524
132033.819378,159.829865,14.721130,117.989532
132033.860671,159.929779,14.523956,117.930359
132033.901965,160.105911,14.320267,117.825851
132033.943260,159.784592,14.673584,117.798782
132033.984555,160.052444,14.515274,117.939301
132034.025851,159.841873,14.526443,118.046341
132034.067147,160.046371,14.764587,118.037842
132034.108441,159.964020,14.547775,118.047699
132034.149735,159.961731,14.328690,118.072311
132034.191026,159.967468,14.597092,118.177734
132034.232318,160.051102,14.529694,118.098175
132034.273613,159.914230,14.762421,118.173126
132034.314908,159.794937,14.724136,117.985413
132034.356201,159.924149,14.677643,118.123108
132034.397494,159.682053,14.721466,118.119431
132034.438787,159.741058,14.685425,117.964462
132034.480080,159.705902,14.773026,118.043076
132034.521374,159.652222,14.617020,118.213287
132034.562669,159.908524,14.596863,117.886398
132034.603963,159.599930,14.537094,117.888260
132034.645257,159.956360,14.428528,118.297806
132034.686550,159.677200,14.730438,117.971085
132034.727845,159.730789,14.802307,118.134262
132034.769139,159.804916,14.686066,118.186035
132034.810432,159.603638,14.644302,117.906876
132034.851728,159.702026,14.615234,118.000000
132034.893023,159.515762,14.791611,117.667023
132034.934317,159.792114,14.868790,117.981491
132034.975610,159.896103,14.776199,117.852753
132035.016905,159.666779,14.794769,118.003403
132035.058201,160.096161,14.751465,117.527405
132035.099497,159.958969,14.709137,117.870865
132035.140793,159.869812,14.735703,117.985214
132035.182091,159.954254,14.760132,117.832535
132035.223390,159.904449,14.840775,117.826569
132035.264688,159.629501,14.718430,118.017700
132035.305987,159.617584,14.777679,117.999268
132035.347285,159.792023,14.683502,117.919983
132035.388582,159.787643,14.766525,117.948395
132035.429882,159.765076,14.701508,117.679947
132035.471178,159.537537,14.826874,118.062683
132035.512474,159.608353,15.039139,117.936081
132035.553770,159.753235,14.959351,117.670151
132035.595067,159.446869,14.980560,118.146454
132035.636365,159.607925,14.991302,117.941940
132035.677664,159.755249,14.896622,117.898529
132035.718961,159.883148,14.967117,117.898483
132035.760259,159.860458,14.719421,117.911255
132035.801557,159.584900,14.795456,118.072433
132035.842854,159.729034,14.692322,117.982971
132035.884152,159.742416,14.859573,118.160797
132035.925449,159.740219,14.809845,118.312866
132035.966745,159.730408,14.950089,118.223434
132036.008040,159.748779,14.905258,118.380341
132036.049335,159.901428,14.886948,118.407166
132036.090632,159.591202,14.859451,118.341339
132036.131931,160.054993,14.703400,117.868515
132036.173227,159.792740,14.776047,117.943649
132036.214521,159.744080,14.800217,117.896683
132036.255813,159.690689,14.865082,117.953796
132036.297107,159.941345,14.914062,117.758163
132036.338401,159.611481,14.946045,117.851242
132036.379694,159.726624,14.601135,118.260712
132036.420988,159.757187,14.657227,117.692551
132036.462280,159.682343,14.715210,117.660767
132036.503574,159.547455,14.816147,117.798416
132036.544868,159.700836,14.865982,118.069305
132036.586161,159.723572,14.834930,117.892319
132036.627456,159.799622,14.811600,118.091263
132036.668752,159.861710,14.630920,117.987167
132036.710048,159.691833,14.765427,117.741852
132036.751344,159.766678,15.105621,117.742401
132036.792640,159.608139,14.979355,117.935791
132036.833937,159.700394,14.802536,117.717743
132036.875235,159.632065,14.738174,117.681458
132036.916532,159.782623,14.721130,117.665573
132036.957830,159.751556,14.869553,117.603928
132036.999127,159.769135,14.729202,117.518021
132037.040423,159.717636,14.635086,117.837769
132037.081719,159.642426,14.622314,117.377808
132037.123020,159.641891,14.661530,117.806931
132037.164317,159.829620,14.601486,117.796860
132037.205614,159.799194,14.710541,118.008682
132037.246911,159.431595,14.766708,117.778763
132037.288205,159.655853,14.822357,117.639297
132037.329499,159.761261,14.889114,118.029526
132037.370795,159.692505,14.809265,117.764542
132037.412092,159.607437,14.997589,117.935043
132037.453389,159.549271,14.833740,117.902603
132037.494683,159.631729,14.913651,117.677689
132037.535977,159.670593,14.924911,117.677628
132037.577272,159.583817,15.072876,117.924515
132037.618563,159.678665,14.690018,117.709793
132037.659853,159.528366,14.915619,117.898422
132037.701143,159.662567,14.742477,117.633652
132037.742436,159.598434,14.734009,117.811325
132037.783730,159.461685,14.900238,117.689850
132037.825024,159.303467,14.902679,118.211533
132037.866318,159.540176,14.983780,117.995575
132037.907613,159.556091,15.079727,117.944122
132037.948908,159.567276,15.013977,117.605545
132037.990202,159.570297,15.108414,117.844971
132038.031497,159.553589,14.872543,118.034576
132038.072791,159.621979,15.184006,117.511902
132038.114087,159.786514,14.911621,117.476410
132038.155383,159.874207,14.831116,117.773529
132038.196679,159.695969,14.784409,117.830719
132038.237974,159.514435,14.751907,117.823502
132038.279267,159.548233,14.789185,118.022171
132038.320562,159.727722,14.776230,117.742691
132038.361857,159.600525,14.726578,117.830734
132038.403154,159.646255,14.919586,117.910660
132038.444448,159.388382,14.982315,118.053665
132038.485744,159.441055,14.724503,117.907013
132038.527039,159.381577,14.848099,117.811874
132038.568336,159.328735,14.617706,118.257385
132038.609634,159.573730,14.628418,117.875366
132038.650930,159.551712,14.701889,117.998413
132038.692224,159.727646,14.790924,117.811371
132038.733517,159.649811,14.652878,117.797241
132038.774811,159.551056,14.858902,118.087265
132038.816107,159.722443,14.711960,117.948990
132038.857403,159.603195,14.529037,117.971451
132038.898700,159.592209,14.751572,117.905823
132038.939996,159.789581,14.658539,117.998322
132038.981292,159.736450,14.720963,118.044754
132039.022588,159.582733,14.743271,118.055878
132039.063885,159.490112,14.767883,118.160278
132039.105181,159.722794,14.660858,117.841003
132039.146477,159.629715,15.085159,118.138123
132039.187773,159.676254,14.956848,117.889450
132039.229071,159.921555,15.100937,118.161835
132039.270368,159.725510,15.017822,117.749878
132039.311665,159.715683,14.854782,117.945602
132039.352962,159.539185,14.877274,117.878738
132039.394258,159.556168,14.843948,117.496979
132039.435557,159.524017,14.957230,117.775101
132039.476851,159.528107,14.900803,117.531006
132039.518146,159.450516,14.806152,117.589767
132039.559440,159.576202,14.638016,117.709351
132039.600732,159.624329,14.931992,117.905121
132039.642026,159.573181,14.681107,117.664276
132039.683320,159.735565,15.033630,118.024384
132039.724614,159.511276,14.823578,118.074585
132039.765909,159.663101,14.717178,117.638931
132039.807202,159.671173,14.830597,117.848663
132039.848497,159.663971,14.814697,117.938446
132039.889788,159.697525,14.822021,117.836090
132039.931083,159.733536,14.839279,117.586029
132039.972377,159.787964,14.696396,117.827240
132040.013670,159.551193,14.944962,117.774719
132040.054964,159.497482,15.119980,117.718048
132040.096259,159.560608,14.961517,118.083496
132040.137550,159.446945,14.968140,117.857925
132040.178842,159.570129,14.753448,117.674301
132040.220134,159.563309,14.616974,117.532089
132040.261427,159.561523,14.881775,117.914795
132040.302722,159.448669,14.862061,118.182266
132040.344016,159.637085,14.723801,117.883011
132040.385313,159.545685,15.022720,117.643280
132040.426604,159.450043,14.855652,117.749695
132040.467896,159.658890,14.951187,117.641251
132040.509188,159.487198,14.771103,117.737137
132040.550479,159.779877,14.893127,117.745407
132040.591773,159.301193,14.891525,117.449005
132040.633066,159.599838,14.763596,117.388504
132040.674359,159.725113,14.568604,117.636932
132040.715653,159.688904,14.473831,117.680527
132040.756948,159.518860,14.706528,117.379181
132040.798242,159.756424,14.414551,117.444473
132040.839534,159.446762,14.712540,117.777328
132040.880828,159.671387,14.693527,117.669540
132040.922122,159.654175,14.578857,117.918167
132040.963415,159.658325,14.724197,117.943146
132041.004711,159.695328,14.781998,117.952805
132041.046007,159.620636,14.781891,117.783081
132041.087303,159.647766,14.712311,117.839371
132041.128600,159.675797,14.819290,117.952271
132041.169893,159.626541,14.656021,117.596832
132041.211185,159.795013,14.690277,117.716461
132041.252478,159.754364,14.692230,117.630951
132041.293772,159.651169,14.793762,117.454803
132041.335066,159.474869,15.011993,117.625336
132041.376361,159.854355,14.524368,117.720795
132041.417654,159.684967,14.409134,117.979553
132041.458948,159.778183,14.449097,118.044098
132041.500242,159.591019,14.576141,117.734711
132041.541536,159.751450,14.416931,117.867371
132041.582828,159.575134,14.605560,117.998077
132041.624119,159.566238,14.885559,117.835526
132041.665410,159.504501,14.719696,117.764359
132041.706703,159.575562,14.707748,117.990967
132041.747993,159.564575,14.716385,118.225479
132041.789285,159.671570,14.818573,117.996948
132041.830575,159.803970,14.877655,117.886322
132041.871868,159.531937,15.119125,117.658051
132041.913160,159.468872,14.780899,117.656815
132041.954450,159.471573,14.865280,117.394775
132041.995739,159.446167,14.763947,117.759186
132042.037031,159.523590,14.773102,117.884644
132042.078323,159.510010,14.789505,117.780945
132042.119615,159.355988,14.867615,117.820648
132042.160905,159.323303,14.898178,117.896622
132042.202196,159.403488,15.011932,117.910782
132042.243490,159.642303,14.925797,117.947693
132042.284783,159.565781,14.948853,117.912460
132042.326076,159.511337,14.799225,117.711761
132042.367369,159.503876,14.879700,117.718445
132042.408663,159.479874,15.030487,117.482849
132042.449956,159.593231,14.889496,118.088486
132042.491249,159.609894,14.696030,117.606293
132042.532544,159.619385,14.772598,117.987366
132042.573836,159.824799,14.662430,117.877014
132042.615129,159.613113,14.756958,117.690826
132042.656423,159.521652,14.856628,117.867050
132042.697716,159.416443,14.930466,117.758682
132042.739011,159.420471,14.848862,117.835190
132042.780302,159.607452,14.885361,118.048233
132042.821594,159.548569,14.993042,118.128357
132042.862889,159.449066,15.044601,118.259460
132042.904183,159.682175,14.926758,118.083786
132042.945480,159.881531,14.909119,118.087814
132042.986776,159.509216,14.893951,117.791550
132043.028069,159.807648,14.876938,117.841568
132043.069361,159.631790,14.779495,117.753647
132043.110657,159.607956,14.736298,117.784744
132043.151952,159.539215,14.570557,117.883575
132043.193245,159.448715,14.727875,117.768784
132043.234540,159.488739,14.926956,117.965057
132043.275835,159.562988,14.623489,117.726471
132043.317128,159.739441,14.825562,117.755554
132043.358422,159.586212,14.893753,117.862717
132043.399716,159.700912,14.720215,118.114349
132043.441014,159.665710,14.777069,118.073517
132043.482312,159.533813,14.912369,118.109344
132043.523609,159.615967,14.930298,117.942047
132043.564907,159.575134,14.779999,117.865585
132043.606204,159.560242,14.698349,117.823166
132043.647501,159.547684,15.007538,117.645752
132043.688795,159.610291,14.791626,117.591583
132043.730091,159.532593,14.667221,117.872910
132043.771385,159.460068,15.027618,117.946609
132043.812676,159.392456,14.955124,117.944794
132043.853968,159.394302,14.990250,118.289368
132043.895261,159.389404,14.797104,117.839767
132043.936554,159.462921,14.808456,117.843170
132043.977847,159.240265,14.895096,118.149277
132044.019140,159.379669,15.024704,117.964081
132044.060434,159.306473,14.770004,117.978287
132044.101729,159.380997,14.986511,118.276733
132044.143022,159.391281,14.932877,117.970184
132044.184316,159.291443,14.988541,117.892487
132044.225609,159.411041,14.811859,118.083328
132044.266901,159.372040,14.951523,117.917572
132044.308194,159.388458,14.985260,117.598267
132044.349488,159.550751,14.767456,117.611633
132044.390781,159.531250,14.680984,117.532211
132044.432074,159.681564,14.690826,117.745560
132044.473368,159.562881,14.545670,118.093216
132044.514662,159.362610,14.661423,117.628342
132044.555956,159.526840,14.664322,117.703079
132044.597252,159.295380,14.962845,117.966553
132044.638548,159.304749,14.807617,117.748245
132044.679843,159.480408,14.667297,117.770203
132044.721139,159.486130,14.729614,117.846756
132044.762437,159.585754,14.808716,117.872696
132044.803734,159.619095,14.810684,117.686996
132044.845030,159.635483,14.759262,118.038254
132044.886325,159.531677,14.797058,118.113937
132044.927619,159.528549,14.901550,117.753342
132044.968914,159.438736,14.761780,117.996048
132045.010210,159.487473,14.705780,117.839813
132045.051505,159.200851,15.045059,117.960495
132045.092800,159.505875,14.806961,118.089218
132045.134096,159.512772,14.800125,117.994354
132045.175393,159.408783,14.946259,118.092987
132045.216686,159.303192,14.751144,117.914337
132045.257981,159.500488,14.848404,118.246262
132045.299275,159.491974,14.960709,118.018158
132045.340570,159.440933,15.004013,118.032608
132045.381864,159.236984,15.249222,118.079102
132045.423157,159.293060,14.883011,118.435974
132045.464453,159.455276,14.969009,118.178711
132045.505750,159.347427,15.026993,117.928055
132045.547046,159.231049,15.107422,118.242615
132045.588343,159.568054,14.753723,117.808167
132045.629639,159.392258,14.927597,118.031754
132045.670932,159.503098,14.856125,118.090408
132045.712225,159.535889,14.769424,118.044357
132045.753519,159.116898,15.037460,117.712189
132045.794817,159.157822,14.937759,117.928696
132045.836111,159.237488,14.909958,117.909790
132045.877403,159.227768,15.012070,117.848801
132045.918698,159.649872,14.881271,117.789764
132045.959991,159.376129,15.038635,117.732269
132046.001285,159.439117,15.190369,117.837555
132046.042581,159.308060,15.225021,118.031860
132046.083876,159.574020,15.110046,117.855911
132046.125171,159.485199,15.090088,118.044556
132046.166465,159.420746,15.134537,117.779465
132046.207760,159.318161,14.989792,117.887634
132046.249055,159.543350,14.915054,117.742432
132046.290355,159.592453,14.953766,117.945618
132046.331652,159.573517,14.761688,117.681900
132046.372950,159.497070,14.880737,117.823395
132046.414248,159.328964,14.973145,117.876526
132046.455544,159.465271,14.836853,117.901901
132046.496843,159.281403,15.000153,118.090424
132046.538141,159.560913,15.112030,117.879745
132046.579438,159.626343,14.887375,117.898254
132046.620735,159.398743,14.932449,118.099487
132046.662031,159.340927,14.984512,118.063232
132046.703327,159.607758,14.713715,117.935043
132046.744625,159.595657,15.056259,118.057755
132046.785925,159.539841,14.773926,117.709351
132046.827224,159.537888,14.768250,117.672165
132046.868520,159.578659,14.626480,117.547531
132046.909818,159.630112,14.671005,117.961411
132046.951114,159.800339,14.711823,117.812607
132046.992410,159.673645,14.733078,117.904465
132047.033706,159.542542,14.667328,117.879974
132047.075000,159.711243,14.689941,117.843857
132047.116296,159.500519,14.767548,118.328934
132047.157591,159.616760,15.020554,117.917557
132047.198886,159.554001,15.082016,118.122238
132047.240180,159.501907,14.807541,117.689789
132047.281476,159.614700,14.934021,118.120132
132047.322773,159.557510,14.839386,118.110229
132047.364071,159.717300,15.050949,117.899399
132047.405365,159.683945,14.782791,118.039627
132047.446660,159.552124,14.709335,117.608948
132047.487956,159.536835,14.650238,117.774521
132047.529254,159.608856,14.699219,117.878342
132047.570550,159.595154,14.722733,117.784012
132047.611845,159.711670,14.796646,117.746780
132047.653139,159.531830,14.782593,117.990128
132047.694433,159.617676,14.803421,117.879745
132047.735729,159.769638,14.773071,117.678162
132047.777022,159.715851,14.526215,117.718475
132047.818317,159.709991,14.856583,117.661240
132047.859611,159.728928,14.877731,117.717133
132047.900905,159.694611,14.789719,117.923706
132047.942203,159.719711,14.809677,117.978012
132047.983501,159.561310,15.010300,117.834625
132048.024798,159.465256,14.729675,117.525497
132048.066093,159.373322,14.958023,117.489105
132048.107390,159.384247,14.847534,118.025299
132048.148684,159.469971,14.577423,117.980103
132048.189978,159.586563,14.563278,117.658890
132048.231272,159.565582,14.888885,118.087662
132048.272569,159.724991,14.628479,117.748932
132048.313863,159.543793,14.679474,117.768890
132048.355157,159.759689,14.666733,117.903748
132048.396451,159.762512,14.835251,117.895782
132048.437745,159.788834,14.778244,118.003220
132048.479040,159.844177,14.753326,117.768814
132048.520336,159.753906,14.747925,117.966553
132048.561630,159.764481,14.736420,117.792480
132048.602924,159.665039,14.888885,117.917282
132048.644219,159.633896,14.719116,117.757721
132048.685513,159.536880,14.682404,118.106308
132048.726807,159.640778,14.742630,117.666245
132048.768101,159.599396,14.554733,117.987915
132048.809395,159.503098,14.726685,117.705307
132048.850689,159.478073,15.039261,117.934204
132048.891981,159.666061,14.557510,117.865952
132048.933273,159.550705,14.859680,118.119095
132048.974563,159.557022,14.687988,117.641724
132049.015855,159.613342,14.931732,118.145462
132049.057148,159.678833,14.608276,117.882309
132049.098439,159.651779,14.948151,117.751022
132049.139732,159.526978,14.761871,118.022598
132049.181023,159.513992,14.924225,118.063400
132049.222316,159.658783,14.813980,117.887894
132049.263609,159.514587,14.594177,117.760071
132049.304902,159.632935,14.509872,117.954346
132049.346196,159.616150,14.569427,117.819412
132049.387490,159.722626,14.722061,117.889679
132049.428783,159.691254,14.809113,118.003281
132049.470077,159.325363,15.027267,117.930267
132049.511372,159.498947,14.781601,118.106918
132049.552669,159.466019,14.979324,118.083176
132049.593965,159.375687,14.957184,117.961990
132049.635260,159.569687,15.117676,117.915970
132049.676559,159.725403,14.892731,117.831833
132049.717854,159.778397,14.842941,118.075073
132049.759150,159.770752,14.878738,117.734604
132049.800447,159.862610,14.827759,117.560471
132049.841741,159.861176,14.870163,117.809387
132049.883035,159.782822,14.869827,117.759415
132049.924332,159.673599,14.869156,118.050186
132049.965629,159.572128,14.841354,117.873550
132050.006928,159.732300,14.874222,117.833725
132050.048222,159.661682,14.854935,117.808899
132050.089520,159.645096,14.708221,117.955414
132050.130812,159.611908,14.906052,117.925583
132050.172104,159.592941,15.031799,118.187820
132050.213396,159.571579,15.094437,118.053040
132050.254688,159.548050,14.938843,117.990662
132050.295981,159.404861,14.976974,117.585724
132050.337272,159.633728,14.992325,117.769318
132050.378566,159.527191,14.835831,117.697739
132050.419861,159.588150,14.836456,118.158066
132050.461155,159.951401,15.085663,118.058258
132050.502450,159.677231,14.777100,117.862000
132050.543746,159.839294,14.550095,118.014420
132050.585040,159.620148,14.670181,117.959961
132050.626334,159.605392,14.794250,117.877014
132050.667630,159.689743,14.776550,118.001053
132050.708925,159.558823,14.821976,117.775253
132050.750221,159.663132,14.953674,117.664856
132050.791514,159.579895,14.991318,117.813354
132050.832805,159.836090,14.779633,117.624405
132050.874100,159.764145,14.766129,117.877670
132050.915396,159.808807,15.106720,117.907669
132050.956691,159.733963,14.749420,117.865005
132050.997987,159.768692,14.715393,117.910568
132051.039283,159.713165,14.933334,117.788223
132051.080579,159.885803,14.962555,117.754471
132051.121876,159.642639,14.764084,118.211899
132051.163172,159.522720,14.802628,117.974365
132051.204469,159.512863,14.698990,118.029663
132051.245765,159.600052,14.958954,118.336960
132051.287060,159.469208,14.949478,118.279099
132051.328353,159.511414,14.772202,118.295364
132051.369645,159.429779,14.889114,118.288651
132051.410936,159.552353,14.834946,118.121582
132051.452231,159.622879,14.947159,118.340073
132051.493523,159.469437,14.873566,117.844742
132051.534814,159.360397,14.902771,118.132751
132051.576104,159.423401,14.832748,118.176315
132051.617396,159.539566,14.979797,118.578598
132051.658689,159.783417,14.970734,118.248276
132051.699981,159.482132,14.901184,118.081024
132051.741275,159.597015,14.759567,117.990219
132051.782569,159.714233,14.821884,117.849213
132051.823862,159.563568,14.831024,118.037430
132051.865156,159.550995,14.848236,118.177231
132051.906450,159.281723,14.802216,118.326538
132051.947746,159.283646,15.031403,118.237045
132051.989041,159.314056,15.004501,118.367020
132052.030336,159.511002,15.170029,118.135895
132052.071631,159.382843,15.044037,118.102722
132052.112926,159.533157,14.999100,118.058945
132052.154221,159.623291,15.146851,118.019196
132052.195514,159.667679,15.117813,118.080139
132052.236809,159.798752,15.116577,117.862854
132052.278105,159.779160,14.947922,117.804230
132052.319398,159.702667,14.778900,118.052963
132052.360693,159.615860,14.831436,117.843094
132052.401987,159.776031,14.729050,118.104691
132052.443281,159.449554,14.799698,118.206863
132052.484577,159.595566,14.904739,118.106720
132052.525871,159.453995,14.768890,118.091782
132052.567165,159.477875,14.974091,117.997513
132052.608461,159.712341,14.841415,118.107391
132052.649755,159.543213,15.089813,117.827271
132052.691051,159.769989,14.782288,117.854095
132052.732347,159.707443,15.082214,118.036224
132052.773644,159.601181,14.864685,117.908508
132052.814939,159.595871,14.984253,117.910416
132052.856234,159.644913,15.150803,117.831100
132052.897529,159.407166,15.088318,118.008453
132052.938823,159.463409,15.110550,118.069427
132052.980119,159.450104,14.847656,118.240005
132053.021417,159.625046,14.952957,118.187439
132053.062715,159.653732,15.035690,118.143341
132053.104012,159.551590,15.015137,118.078827
132053.145310,159.394211,14.763474,118.197418
132053.186606,159.204330,15.104385,118.024994
132053.227899,159.515915,15.047241,118.198990
132053.269194,159.475006,14.705795,117.868149
132053.310486,159.664459,14.987350,117.635147
132053.351779,159.811539,15.106461,117.702682
132053.393070,159.532455,15.162796,118.037598
132053.434365,159.651138,15.076324,117.814240
132053.475659,159.749298,15.077957,117.790802
132053.516952,159.648071,15.309967,117.765228
132053.558245,159.676071,15.020493,117.750916
132053.599539,159.571671,15.128052,118.101639
132053.640832,159.488510,15.208817,117.885803
132053.682124,159.563431,15.327911,117.701614
132053.723416,159.447052,15.306885,118.042282
132053.764712,159.274734,15.176987,118.082550
132053.806009,159.627930,15.172180,118.332184
132053.847304,159.525284,15.132950,118.036606
132053.888599,159.557800,15.251938,118.225891
132053.929895,159.390930,15.188553,118.011749
132053.971191,159.630615,15.044235,117.788422
132054.012484,159.593781,14.786179,117.847382
132054.053777,159.677628,15.028946,117.762787
132054.095070,159.742340,15.048309,118.103989
132054.136364,159.797729,15.049667,118.052704
132054.177660,159.718109,14.930298,118.300491
132054.218956,159.856583,14.971039,118.243896
132054.260251,159.862869,14.953659,117.914291
132054.301546,159.524780,14.944397,118.009964
132054.342841,159.679794,14.956863,118.141739
132054.384136,159.461807,15.241394,118.000656
132054.425432,159.638138,15.155579,118.075394
132054.466726,159.370361,15.179596,118.154373
132054.508019,159.449432,15.248856,118.103485
132054.549313,159.391159,15.147552,117.927094
132054.590606,159.309555,15.247620,117.998245
132054.631902,159.434341,15.236725,118.112076
132054.673198,159.526398,15.073639,117.942200
132054.714493,159.801132,14.969315,118.024582
132054.755790,159.624603,14.905136,118.042847
132054.797085,159.602249,15.145340,118.138962
132054.838379,159.579727,15.113754,118.332550
132054.879674,159.726166,14.899460,118.246490
132054.920969,159.398529,15.130722,117.979904
132054.962263,159.346436,15.230896,117.987686
132055.003557,159.493408,15.020477,118.088516
132055.044849,159.441132,15.042297,118.087372
132055.086144,159.372147,15.090912,118.180588
132055.127440,159.369522,15.299164,117.989380
132055.168737,159.500870,15.033875,117.849716
132055.210033,159.531052,15.111465,118.207184
132055.251328,159.538925,15.008560,118.104767
132055.292623,159.447083,15.072922,117.902237
132055.333918,159.586090,14.923798,118.034286
132055.375214,159.460785,14.957367,117.959213
132055.416510,159.421494,14.980988,117.839584
132055.457807,159.450256,14.804184,118.064011
132055.499104,159.398102,15.181091,117.881760
132055.540402,159.586868,15.103378,117.616241
132055.581701,159.314148,14.868378,117.924118
132055.622999,159.567581,14.947586,117.976471
132055.664295,159.468185,14.993774,118.087845
132055.705590,159.434555,15.153946,118.213730
132055.746887,159.231750,14.896729,117.948563
132055.788182,159.382172,15.155426,118.055649
132055.829480,159.314575,14.839035,117.908707
132055.870778,159.383118,15.104568,117.858658
132055.912078,159.503632,15.114426,117.927505
132055.953378,159.337296,15.046768,118.164627
132055.994679,159.322952,15.043030,117.827881
132056.035981,159.261932,15.013519,118.104324
132056.077282,159.489288,15.026276,117.956589
132056.118582,159.387344,15.041733,118.165146
132056.159882,159.550232,15.045883,118.052582
132056.201179,159.515915,15.039368,118.263855
132056.242474,159.607895,15.018936,117.911270
132056.283772,159.427124,15.119446,117.908508
132056.325069,159.438187,14.889114,118.190720
132056.366363,159.432907,15.044128,118.411896
132056.407658,159.375549,15.053741,118.360580
132056.448953,159.656464,14.907639,118.089508
132056.490249,159.376266,15.137100,118.040070
132056.531546,159.498001,15.130325,117.829590
132056.572842,159.444702,15.046448,118.103561
132056.614139,159.340469,15.252731,117.963547
132056.655435,159.330307,15.057846,118.060013
132056.696732,159.397324,15.097580,118.061111
132056.738024,159.301498,15.057632,117.861954
132056.779323,159.195953,14.885605,118.062012
132056.820617,159.048141,14.916977,118.074600
132056.861911,159.163025,14.919296,118.162369
132056.903206,159.354126,14.830704,118.233582
132056.944500,159.476822,14.690262,117.868057
132056.985794,159.455292,15.015396,118.045868
132057.027087,159.516205,14.774734,117.990204
132057.068380,159.501053,14.906204,118.229340
132057.109676,159.494965,14.903076,117.498016
132057.150973,159.436523,14.908020,117.874344
132057.192269,159.464706,15.013962,117.814438
132057.233563,159.453949,14.874161,117.705704
132057.274855,159.242249,14.821320,117.736404
132057.316149,159.393936,14.821136,117.871811
132057.357444,159.500671,15.118729,117.742859
132057.398742,159.305923,15.086777,117.549667
132057.440039,159.417618,14.999527,118.115311
132057.481335,159.420303,14.991623,118.115433
132057.522631,159.361877,15.223358,118.144302
132057.563929,159.406357,14.915237,117.986435
132057.605225,159.540726,15.015747,117.863373
132057.646522,159.501633,14.909515,118.433167
132057.687820,159.372055,14.928726,118.116989
132057.729116,159.405716,15.360306,117.997223
132057.770409,159.226959,15.273911,118.084442
132057.811702,159.418213,15.378922,117.867065
132057.852996,159.491394,14.930740,118.007065
132057.894286,159.465363,14.797119,117.990295
132057.935578,159.392792,14.947311,118.118637
132057.976872,159.368546,14.827454,117.992264
132058.018164,159.433151,14.929733,118.147949
132058.059457,159.359711,14.834091,117.988785
132058.100749,159.183228,15.218140,118.180374
132058.142041,159.517426,15.043015,118.089493
132058.183336,159.163086,15.262329,118.001221
132058.224631,159.343262,15.043625,118.162292
132058.265925,159.334030,15.069672,117.922836
132058.307217,159.505219,14.989639,118.141037
132058.348510,159.551743,15.074203,117.967361
132058.389804,159.538971,15.134399,117.591797
132058.431097,159.262695,14.988892,117.970596
132058.472395,159.346405,15.223221,117.912643
132058.513691,159.151505,15.109543,117.844925
132058.554986,159.341110,15.017303,117.738525
132058.596282,159.237289,15.022949,117.994904
132058.637577,159.385620,14.976654,118.001236
132058.678871,159.389252,14.944489,117.896423
132058.720164,159.334625,14.903336,117.984634
132058.761459,159.229767,15.365295,117.689560
132058.802755,159.443039,15.372757,117.841965
132058.844048,159.442505,15.328033,117.740509
132058.885341,159.387009,15.238342,117.672867
132058.926635,159.565277,15.111038,117.838242
132058.967929,159.595367,15.253784,117.598587
132059.009222,159.665756,15.036621,117.607895
132059.050517,159.370026,15.055405,117.996002
132059.091809,159.516235,15.069336,117.918793
132059.133104,159.117050,15.225204,117.911942
132059.174398,159.250931,15.155777,118.079727
132059.215694,159.493103,15.137024,117.851883
132059.256990,159.474823,15.049759,118.238754
132059.298285,159.306534,15.214890,118.024078
132059.339579,159.296799,15.017105,118.072205
132059.380874,159.367355,14.980469,118.048584
132059.422170,159.227371,14.976913,117.854233
132059.463462,159.017792,15.162094,118.112320
132059.504756,159.380066,14.804260,118.096375
132059.546050,159.419922,15.173935,118.128006
132059.587344,159.502441,15.036896,118.240997
132059.628638,159.164230,14.917542,117.867004
132059.669932,159.212585,15.035034,118.266159
132059.711226,159.277298,15.173050,118.081635
132059.752520,159.227692,15.131668,118.331085
132059.793816,159.359772,15.068710,118.184814
132059.835111,159.166687,15.237015,118.139175
132059.876407,158.955765,15.006393,118.238632
132059.917702,159.275436,15.028839,118.220184
132059.958999,159.175583,15.148148,118.044479
132060.000294,159.269531,15.162582,118.061752
132060.041591,159.239212,15.223221,117.915588
132060.082890,159.159729,15.219086,118.304718
132060.124185,159.427429,15.153442,118.351501
132060.165478,159.087692,15.175629,118.776398
132060.206773,159.289459,15.160461,118.324524
132060.248069,159.340378,15.107468,118.105637
132060.289364,159.220596,14.961273,118.403061
132060.330659,159.217911,14.915634,118.373550
132060.371953,159.393646,15.140808,118.238342
132060.413250,159.162872,15.157608,118.365662
132060.454547,159.428619,15.155533,118.382767
132060.495842,159.058060,15.167603,118.656754
132060.537137,159.276627,15.143402,118.475189
132060.578430,159.212265,14.908844,118.490814
132060.619728,159.334564,15.205414,118.023148
132060.661022,159.288269,15.252869,118.343750
132060.702317,159.170715,15.112122,118.391418
132060.743612,159.375778,15.095261,118.199341
132060.784908,159.302979,15.182007,118.309982
132060.826203,159.367172,15.440369,118.142548
132060.867498,159.339767,15.294113,118.364929
132060.908796,159.325577,15.200485,117.977310
132060.950091,159.561661,15.095169,117.933090
132060.991387,159.304306,15.289383,118.403290
132061.032684,159.410233,14.967270,118.515579
132061.073983,159.250320,15.030319,118.607269
132061.115281,159.106064,15.104370,118.428177
132061.156575,159.210953,15.149872,118.415619
132061.197874,159.320129,14.923767,118.418488
132061.239171,159.367203,15.064499,118.279404
132061.280468,159.433609,15.181198,118.136185
132061.321765,159.385712,14.961563,118.292328
132061.363063,159.219467,15.198257,118.063141
132061.404361,159.275009,14.947021,118.113083
132061.445660,159.229767,15.133377,117.968567
132061.486960,159.156647,15.388336,118.104721
132061.528258,159.312271,15.042984,117.860626
132061.569557,159.154892,15.254532,118.042175
132061.610854,159.379257,15.148285,117.982330
132061.652152,159.148209,15.271851,118.517410
132061.693449,159.421432,15.178482,118.223083
132061.734748,159.266678,15.248291,118.371613
132061.776048,159.171158,15.393753,118.494324
132061.817347,159.447662,15.302200,118.202515
132061.858649,159.315918,15.180695,118.531342
132061.899950,159.582535,14.914062,118.248535
132061.941248,159.412308,15.100037,118.250565
132061.982545,159.442657,14.859085,118.230377
132062.023846,159.559921,14.962692,118.267395
132062.065145,159.427597,14.907303,118.018387
132062.106442,159.268188,15.037201,118.241959
132062.147739,159.457428,15.037231,118.152069
132062.189035,159.501114,14.816132,118.472931
132062.230332,159.259354,15.154083,118.155838
132062.271629,159.262726,15.145508,118.206467
132062.312927,159.421616,15.130203,118.709579
132062.354225,159.297119,14.977020,118.305161
132062.395523,159.470383,14.769928,118.371445
132062.436818,159.375824,14.984177,118.165634
132062.478112,159.238724,15.047592,118.282471
132062.519410,159.374664,15.174408,118.010162
132062.560708,159.496597,15.079575,118.134369
132062.602006,159.437057,14.982910,117.902451
132062.643303,159.449615,15.133713,118.082886
132062.684601,159.490829,15.216110,118.007355
132062.725899,159.298920,15.150757,117.733139
132062.767198,159.353165,15.070099,117.755890
132062.808497,159.337021,15.138336,117.943817
132062.849798,159.224960,15.350433,118.064163
132062.891096,159.123535,15.315216,117.857056
132062.932392,159.265701,15.037888,118.447723
132062.973689,159.263351,15.078491,118.458694
132063.014989,159.289215,15.077332,118.279266
132063.056290,159.324677,15.073975,118.179855
132063.097592,159.441452,15.051224,117.901108
132063.138890,159.401138,15.100449,117.882812
132063.180186,159.468704,14.829346,118.065674
132063.221484,159.411209,14.959274,118.341064
132063.262782,159.468353,14.946945,117.837067
132063.304082,159.416214,14.860687,118.520355
132063.345381,159.356018,14.896454,118.024033
132063.386680,159.457825,14.876419,118.205963
132063.427980,159.402451,14.857712,118.193634
132063.469277,159.569244,14.828873,117.681458
132063.510572,159.461807,14.593491,117.668137
132063.551867,159.173096,14.809769,118.074097
132063.593163,159.244446,14.815704,118.079605
132063.634461,159.243820,14.919495,117.707840
132063.675761,159.301178,14.875122,117.537704
132063.717062,159.293427,14.968658,117.926331
132063.758362,159.550125,14.713394,117.731033
132063.799661,159.533066,14.692825,117.637878
132063.840959,159.626556,14.586700,117.604767
132063.882258,159.677750,14.706421,117.622498
132063.923557,159.689865,14.663925,117.811172
132063.964857,159.641556,14.720657,117.840591
132064.006155,159.713379,14.835327,117.892212
132064.047454,159.464981,14.796524,117.762985
132064.088753,159.533295,14.703079,118.036285
132064.130052,159.581772,14.882355,118.067581
132064.171349,159.312531,14.927231,117.787079
132064.212647,159.532959,14.899628,117.898056
132064.253947,159.523666,14.946350,118.217270
132064.295246,159.560593,14.902252,118.044128
132064.336547,159.328003,15.224457,118.024323
132064.377846,159.649506,15.029434,118.153763
132064.419144,159.711884,14.849731,117.880676
132064.460444,159.785049,14.992279,117.901123
132064.501744,159.522675,14.945694,117.505081
132064.543043,159.474670,14.815048,117.780396
132064.584343,159.698608,14.894684,117.960922
132064.625644,159.601517,14.583191,117.668152
132064.666944,159.644608,14.698410,117.882843
132064.708245,159.243271,14.762344,117.729645
132064.749543,159.397263,14.817993,117.613083
132064.790841,159.353836,14.901459,117.895828
132064.832140,159.407486,14.791046,117.840698
132064.873439,159.292007,14.718521,118.140991
132064.914739,159.258179,14.984406,117.612488
132064.956038,159.361465,15.080383,117.919724
132064.997335,159.279266,15.058060,117.888824
132065.038631,159.258041,14.821487,117.736008
132065.079927,159.384338,15.036163,117.676682
132065.121226,159.630981,14.871048,117.666168
132065.162526,159.249344,14.830658,117.571838
132065.203824,159.280121,14.778534,117.428253
132065.245122,159.388123,14.774338,117.667572
132065.286418,159.325729,14.849380,117.441910
132065.327716,159.501953,14.879883,117.376892
132065.369014,159.631348,15.023499,117.573685
132065.410313,159.491989,14.746201,117.657669
132065.451609,159.321869,14.655075,117.540955
132065.492905,159.440735,14.637192,117.627472
132065.534204,159.469330,14.762756,117.481201
132065.575501,159.536118,14.708176,117.568115
132065.616796,159.410553,15.045731,117.654251
132065.658093,159.501175,14.958099,117.620651
132065.699389,159.350021,14.847382,117.630386
132065.740684,159.303314,14.924561,117.460907
132065.781981,159.150665,14.799728,117.592575
132065.823278,159.405319,14.729004,117.562057
132065.864574,159.217789,14.855515,117.782013
132065.905871,159.300980,14.717361,117.610672
132065.947169,159.363373,14.633820,117.636795
132065.988467,159.502548,14.618134,117.491470
132066.029768,159.322235,14.746765,117.794205
132066.071064,159.199646,14.751877,117.927475
132066.112360,159.335876,14.848480,117.641373
132066.153657,159.153717,15.153931,117.746780
132066.194953,159.516739,14.881378,117.575424
132066.236248,159.446106,14.821625,117.537781
132066.277544,159.658798,14.936737,117.769897
132066.318838,159.555878,14.778076,117.699448
132066.360129,159.534637,14.725281,117.692734
132066.401421,159.629791,14.776520,117.725952
132066.442715,159.326248,14.769150,117.930222
132066.484009,159.230331,14.926514,117.876694
132066.525305,159.488403,14.972748,117.990982
132066.566600,159.274765,15.070496,117.808609
132066.607895,159.489578,14.889664,117.987762
132066.649189,159.322281,14.900375,117.743713
132066.690486,159.441254,15.025497,117.859756
132066.731783,159.511124,15.000504,118.134460
132066.773080,159.339462,15.200134,118.025970
132066.814378,159.328003,15.045120,118.065018
132066.855675,159.357697,15.241364,117.813629
132066.896970,159.460495,15.368713,117.746521
132066.938264,159.399139,15.192749,117.739090
132066.979562,159.330582,15.216125,117.648834
132067.020861,159.325989,15.179291,117.767731
132067.062159,159.405411,15.017807,117.592209
132067.103453,159.243179,15.061218,117.794098
132067.144749,159.156815,14.860657,117.718857
132067.186046,159.302811,14.946335,117.586090
132067.227342,159.119965,14.867462,118.067261
132067.268639,159.388031,14.936783,117.498093
132067.309936,159.440094,14.924271,118.029007
132067.351232,159.436356,15.015533,117.980225
132067.392529,159.440903,15.092834,117.952728
132067.433827,159.396255,14.933853,117.976547
132067.475125,159.414398,14.762390,117.988907
132067.516423,159.566833,14.771698,117.531845
132067.557719,159.164108,15.110916,117.753998
132067.599016,159.478973,14.931763,117.856750
132067.640311,159.382797,15.014481,117.906723
132067.681607,159.355942,14.898712,117.824326
132067.722902,159.162003,15.166107,117.886063
132067.764197,159.411163,15.082397,117.906067
132067.805494,159.362183,14.875488,118.045868
132067.846790,159.084457,15.044327,118.210266
132067.888087,159.250595,14.893997,117.889053
132067.929384,159.204330,15.110687,117.950974
132067.970681,159.169724,15.055389,117.952576
132068.011978,159.490753,14.972672,118.175385
132068.053275,159.286087,14.758133,117.857117
132068.094573,159.257217,14.856598,118.105072
132068.135871,159.098007,15.197922,117.813705
132068.177165,159.306503,15.108566,117.967651
132068.218459,159.186066,15.000137,118.274338
132068.259756,159.217148,15.127655,118.229370
132068.301056,159.356216,14.687347,118.317780
132068.342356,159.406448,15.008377,118.107956
132068.383652,159.426163,14.925537,117.707794
132068.424951,159.349365,14.719833,118.247314
132068.466249,159.310242,14.731766,118.153152
132068.507548,159.489944,14.721313,118.166702
132068.548846,159.233521,14.977585,118.199219
132068.590142,159.382401,14.829117,117.854218
132068.631441,159.304703,14.893112,118.205322
132068.672739,159.448044,14.950974,118.004608
132068.714035,159.236572,14.972137,118.215408
132068.755330,159.271561,15.094528,118.079300
132068.796625,159.310791,15.081360,117.888199
132068.837920,159.163422,15.078033,118.220734
132068.879213,159.205704,14.698105,118.104889
132068.920509,159.237152,15.010834,118.281693
132068.961805,159.155396,14.927902,118.206314
132069.003102,159.028061,15.084732,118.127792
132069.044397,159.388260,14.892105,118.229431
132069.085692,159.162872,14.964645,118.200302
132069.126988,159.418045,14.795135,118.155197
132069.168285,159.420624,14.689301,118.328339
