164789.957175,158.048599,10.708176,85.432373
164789.998474,158.020508,10.778061,85.353333
164790.039772,157.931381,10.794510,85.417862
164790.081072,158.028503,10.506271,85.571106
164790.122371,157.847443,10.814148,85.402618
164790.163671,158.091034,10.817261,85.534973
164790.204969,158.264801,10.902878,85.501160
164790.246268,158.123917,10.973404,85.501907
164790.287566,158.151962,11.002945,85.671875
164790.328866,158.163269,10.805786,85.265839
164790.370165,157.942566,10.764221,85.266846
164790.411462,158.206772,10.648361,85.579620
164790.452760,157.976440,11.010300,85.577896
164790.494058,158.018631,10.754532,85.521729
164790.535357,158.024384,10.745773,85.676926
164790.576653,158.193481,10.564148,85.423569
164790.617950,157.931335,10.836090,85.460434
164790.659251,158.149689,10.714767,85.732849
164790.700549,158.106857,10.768677,85.430389
164790.741846,157.924484,10.934021,85.751816
164790.783143,158.050659,10.857773,85.711548
164790.824442,157.961914,10.597122,85.567017
164790.865738,157.873093,10.751068,85.425735
164790.907038,157.770035,10.879898,85.477448
164790.948336,157.860031,10.803513,85.464706
164790.989636,157.807846,10.864029,85.931976
164791.030936,157.610046,11.047470,85.914169
164791.072235,157.957001,10.887665,85.553635
164791.113536,157.700470,11.108368,85.902267
164791.154836,157.849655,10.792923,85.556900
164791.196136,157.806671,10.500900,85.766602
164791.237437,157.889435,10.955612,85.630020
164791.278737,157.922470,10.678986,85.342239
164791.320038,157.919937,10.957642,85.476501
164791.361337,157.767776,10.984634,85.599380
164791.402635,157.841629,10.960205,85.610229
164791.443935,158.199234,10.764740,85.784760
164791.485234,157.698730,10.710663,85.816406
164791.526536,157.910385,10.959854,85.657364
164791.567838,157.641800,10.954987,85.415466
164791.609139,157.983948,10.892029,85.728470
164791.650441,157.903580,10.969421,85.718781
164791.691743,157.734711,10.903351,85.474884
164791.733043,157.774689,10.843643,85.705673
164791.774343,157.964096,10.715302,85.500061
164791.815645,157.920837,10.702011,85.396271
164791.856946,157.934402,10.897980,85.784180
164791.898247,157.796478,10.922821,85.486969
164791.939549,158.111191,10.700394,85.514069
164791.980848,157.849289,10.628113,85.847076
164792.022147,157.935074,10.819672,85.632950
164792.063446,157.924927,10.923050,85.666168
164792.104748,157.717514,11.038040,85.715012
164792.146047,157.867508,10.780304,85.610275
164792.187350,157.855194,10.782272,85.389389
164792.228650,157.848297,10.616638,85.585510
164792.269952,157.734711,10.947479,85.620667
164792.311254,157.961823,10.563385,85.602325
164792.352555,157.800568,10.934448,85.480469
164792.393857,157.833893,10.940231,85.600174
164792.435157,157.746445,10.842117,85.234909
164792.476457,157.767838,10.763687,85.331161
164792.517757,157.843414,10.844955,85.595734
164792.559057,157.887894,10.735718,85.754105
164792.600358,157.735947,10.797928,85.533035
164792.641657,157.766373,10.773239,85.678619
164792.682953,157.569748,10.756302,85.752289
164792.724249,157.604782,10.911774,85.690628
164792.765544,157.854233,10.802078,85.519592
164792.806840,157.894348,10.765228,85.638992
164792.848135,157.958679,10.665131,85.443939
164792.889432,157.734100,10.663071,85.650116
164792.930732,157.804184,10.983276,85.596207
164792.972030,157.722778,10.923645,85.829163
164793.013330,157.879089,10.914612,85.493500
164793.054626,157.655334,10.977081,85.459839
164793.095923,157.857193,10.844559,85.660965
164793.137221,157.962158,10.807114,85.626205
164793.178520,158.031357,11.081833,85.541397
164793.219819,157.873962,10.846924,85.524094
164793.261118,157.771866,10.878754,85.475784
164793.302416,157.868988,10.738281,85.751709
164793.343716,158.186600,10.678619,85.693527
164793.385016,157.997711,10.723511,85.589066
164793.426316,157.876984,10.830719,85.770355
164793.467616,157.978256,10.577316,85.411316
164793.508917,158.040237,10.791550,85.813812
164793.550216,157.884659,10.842300,85.482254
164793.591515,157.972015,10.811157,85.602081
164793.632813,158.015793,10.833801,85.581818
164793.674110,157.706985,10.821014,85.452499
164793.715406,157.737656,10.587753,85.885574
164793.756704,157.913086,10.708221,85.511108
164793.798002,158.128555,10.692627,85.369415
164793.839298,158.004288,10.778244,85.615417
164793.880597,157.862167,10.805969,85.579742
164793.921897,157.737961,10.924835,85.460602
164793.963197,157.743866,11.048782,85.666641
164794.004498,157.970856,10.861465,85.668793
164794.045798,157.793579,10.826462,85.403564
164794.087098,157.563919,11.034424,85.407089
164794.128398,157.735321,10.744110,85.602905
164794.169697,157.754852,10.723984,85.250580
164794.210996,157.800781,10.594421,85.496460
164794.252293,157.850754,10.768066,85.535782
164794.293589,157.915512,10.505096,85.587692
164794.334884,157.956039,10.558792,85.098083
164794.376178,158.114670,10.636276,85.328217
164794.417473,157.894882,10.753906,85.382187
164794.458771,157.838333,10.629181,85.291321
164794.500068,157.697433,10.604935,85.379944
164794.541364,157.841721,10.600540,85.652634
164794.582661,157.768555,10.662354,85.347580
164794.623956,158.025024,10.564041,85.405716
164794.665252,157.788818,10.826019,85.261581
164794.706552,158.085922,10.566727,85.533371
164794.747850,157.793869,10.364670,85.629593
164794.789147,157.841507,10.792038,85.335373
164794.830443,157.773315,10.684738,85.312881
164794.871738,157.785706,10.705139,85.428909
164794.913034,157.937622,10.469131,85.624481
164794.954330,157.692917,10.705444,85.350357
164794.995632,157.757401,10.534210,85.615906
164795.036932,157.771667,10.623001,85.897141
164795.078232,157.720947,10.620529,85.928894
164795.119530,157.941605,10.504639,85.661819
164795.160830,157.936218,10.577560,85.630859
164795.202129,157.816650,10.636444,85.537720
164795.243426,157.803802,10.425888,85.923447
164795.284726,157.827896,10.566299,85.806854
164795.326024,157.847046,10.432816,85.501053
164795.367322,158.106064,10.371582,85.357712
164795.408619,157.952103,10.472122,85.329025
164795.449916,157.832886,10.540070,85.418701
164795.491211,157.986984,10.665283,85.352127
164795.532508,157.858490,10.538147,85.581711
164795.573807,157.695740,10.760513,85.307816
164795.615105,157.817520,10.749237,85.753815
164795.656404,158.038834,10.521255,85.527740
164795.697702,157.616318,10.637756,85.795258
164795.738999,157.840302,10.765350,86.208054
164795.780297,157.725677,10.571762,85.822083
164795.821595,157.749115,10.596405,85.953247
164795.862892,157.839905,10.599808,85.890991
164795.904189,157.750854,10.732574,85.806061
164795.945485,157.599213,10.619904,86.108948
164795.986781,157.670639,10.777771,85.607254
164796.028078,157.794174,10.631409,85.696274
164796.069377,157.783035,10.571716,85.900894
164796.110676,157.589035,10.495377,85.863937
164796.151975,157.530609,10.732788,85.988190
164796.193272,157.744812,10.893204,85.340942
164796.234572,157.686325,11.068558,85.658203
164796.275870,157.694641,10.910217,85.780151
164796.317166,157.623947,10.862167,85.592422
164796.358462,157.778336,10.730530,85.935287
164796.399758,157.903214,10.837601,85.757309
164796.441059,157.901794,10.832916,85.588135
164796.482356,157.965866,10.695557,85.431290
164796.523655,157.827560,10.921127,85.610596
164796.564955,157.727722,11.070068,85.580566
164796.606253,157.789246,10.901062,85.734665
164796.647553,157.773239,11.024292,85.742996
164796.688850,157.799316,11.044586,85.862183
164796.730150,157.899673,10.854675,85.482544
164796.771450,157.837845,11.021622,85.510086
164796.812746,158.037598,10.792938,85.678986
164796.854044,157.857330,10.922760,85.582932
164796.895343,158.040146,10.976364,85.675552
164796.936641,157.599747,10.889481,85.863922
164796.977937,157.649445,11.301514,85.564438
164797.019235,157.541412,10.878052,85.645248
164797.060531,157.636246,10.947174,85.484146
164797.101831,157.647202,10.960556,85.654816
164797.143128,157.710358,10.930145,85.366989
164797.184426,157.822510,10.758759,85.321030
164797.225724,157.854050,10.739334,85.355347
164797.267022,157.768738,10.773407,85.228516
164797.308322,157.691879,10.793839,85.662247
164797.349623,157.706924,10.830185,85.198975
164797.390923,157.781952,10.728592,85.516235
164797.432222,157.829788,10.696381,85.798965
164797.473520,157.771729,10.894791,85.718369
164797.514817,157.910660,10.847061,85.453873
164797.556117,157.814285,11.070450,85.734482
164797.597414,157.831635,11.010147,85.698853
164797.638710,157.687164,10.896561,85.967270
164797.680007,157.970154,10.906509,85.805878
164797.721302,157.707352,11.026047,85.931427
164797.762598,157.746033,11.073990,85.573212
164797.803896,157.692108,11.034088,85.889328
164797.845194,157.620773,11.035339,85.894135
164797.886493,157.974945,10.932312,85.722656
164797.927794,157.834625,11.029358,85.881622
164797.969092,157.859329,10.811157,85.596939
164798.010389,157.699829,10.912231,85.642883
164798.051683,157.907150,10.801849,85.469330
164798.092979,157.873978,10.866272,85.562012
164798.134279,157.903442,11.077316,85.634415
164798.175579,157.872955,11.016098,85.373123
164798.216878,157.712387,10.840317,85.358459
164798.258175,157.889908,10.999695,85.323730
164798.299474,157.724457,10.806107,85.218079
164798.340770,157.836487,11.017517,85.339905
164798.382067,157.644150,10.974106,85.408386
164798.423363,157.713547,10.885269,85.504578
164798.464660,157.392059,10.850967,85.790421
164798.505958,157.645401,11.031403,85.689514
164798.547257,157.497940,11.071213,85.696426
164798.588556,157.533081,11.234909,85.726746
164798.629853,157.562759,11.158554,85.652039
164798.671148,157.785873,11.147064,85.490982
164798.712446,157.776932,10.871780,85.503906
164798.753741,157.684387,11.002045,85.502197
164798.795040,157.796173,11.066620,85.611526
164798.836338,157.754196,10.933105,85.431091
164798.877638,157.778290,10.928909,85.356201
164798.918938,157.683914,10.783340,85.624832
164798.960236,157.724640,10.904816,85.349121
164799.001534,157.877518,10.932571,85.572769
164799.042833,157.769089,10.779343,85.239487
164799.084132,157.915054,10.768753,85.325272
164799.125429,158.052216,10.599503,85.540848
164799.166728,157.926239,10.663513,85.504257
164799.208026,157.869431,10.812515,85.482330
164799.249326,157.946960,10.764877,85.339142
164799.290625,157.886185,10.997971,85.468796
164799.331923,157.904053,10.979126,85.388290
164799.373221,157.573898,10.955688,85.465302
164799.414520,157.481140,10.996384,85.348358
164799.455822,157.517441,11.111374,85.470093
164799.497120,157.813751,10.612473,85.417572
164799.538419,157.831528,10.957306,85.377930
164799.579718,157.814056,10.992279,85.573349
164799.621016,157.584763,10.944275,85.691544
164799.662317,157.725952,10.971741,85.494644
164799.703617,157.701736,10.803528,85.299942
164799.744914,157.873047,10.751556,85.244415
164799.786212,157.773361,10.901825,85.326157
164799.827509,157.832367,10.911087,85.181259
164799.868807,157.757339,10.727280,85.341675
164799.910102,157.596710,10.900925,85.285278
164799.951399,157.590851,10.993835,85.320663
164799.992697,157.690948,10.952103,85.180222
164800.033995,157.548172,10.985855,84.931091
164800.075294,157.755173,10.925720,85.339722
164800.116593,157.614746,10.765152,85.302887
164800.157893,157.693481,11.017044,85.079910
164800.199193,157.554947,10.996704,85.316269
164800.240494,157.585541,11.127853,85.004288
164800.281792,157.664337,10.930038,85.529266
164800.323091,157.698700,10.865967,85.490662
164800.364387,157.607025,10.879868,85.640961
164800.405685,157.736496,10.966095,85.464706
164800.446986,157.747375,10.846359,85.328400
164800.488288,157.765778,10.785385,85.300842
164800.529587,157.700165,10.873245,85.575653
164800.570885,157.778259,10.747345,85.349640
164800.612184,157.867645,10.889709,85.531357
164800.653484,157.817490,10.900848,85.662888
164800.694784,157.831909,10.912125,85.428253
164800.736083,157.720871,10.907684,85.444321
164800.777381,157.475540,11.113846,85.166000
164800.818678,157.800278,10.909393,85.452972
164800.859975,157.660309,11.078430,85.381012
164800.901273,157.738297,11.136871,85.256149
164800.942569,157.439285,11.143570,85.159149
164800.983865,157.737595,10.780914,85.056183
164801.025162,157.529373,11.066071,85.106476
164801.066459,157.563385,10.749222,85.173218
164801.107757,157.650665,10.930496,85.387177
164801.149052,157.726822,10.883606,85.450577
164801.190349,157.724518,10.966156,85.479904
164801.231647,157.982224,10.796844,85.221085
164801.272942,157.807739,11.025223,85.338470
164801.314239,157.602707,10.909958,85.411621
164801.355534,157.885773,10.930038,85.282639
164801.396831,157.794128,10.995911,85.591660
164801.438127,157.566330,11.135239,85.233765
164801.479423,157.491409,10.927216,85.332794
164801.520719,157.726364,11.051880,85.152298
164801.562015,157.973602,11.102219,85.044830
164801.603310,157.636902,11.043137,85.316681
164801.644607,157.546814,11.230667,85.454712
164801.685906,157.955902,10.815140,85.256683
164801.727205,157.769012,10.940765,85.590210
164801.768501,157.831879,11.008362,85.501877
164801.809796,157.900009,10.947021,85.625534
164801.851094,157.972549,10.911652,85.480011
164801.892394,157.915253,10.939621,85.200928
164801.933692,157.911118,10.848297,85.305954
164801.974987,157.751358,11.022339,85.305801
164802.016285,157.860107,10.793030,85.402435
164802.057582,157.710587,11.033829,85.541214
164802.098877,157.624680,10.943970,85.181747
164802.140174,157.684250,11.056183,85.300095
164802.181472,157.648499,10.980392,85.548370
164802.222765,157.651230,11.009552,85.378555
164802.264070,157.621964,10.962372,85.084747
164802.305365,157.801224,10.880508,85.311981
164802.346660,157.902847,11.040863,85.081070
164802.387958,157.835373,11.000717,85.341385
164802.429255,158.037888,10.884918,85.232254
164802.470552,157.901062,10.792969,85.370453
164802.511850,157.927551,11.136063,85.011047
164802.553148,157.730453,10.905075,85.393921
164802.594446,157.819565,11.068848,85.484207
164802.635745,157.762802,11.143188,85.374939
164802.677045,157.708633,11.114807,85.298355
164802.718343,157.719452,11.042252,85.576721
164802.759642,157.847504,10.926712,85.428253
164802.800940,157.919388,10.883408,85.292801
164802.842241,157.493271,11.011337,85.736984
164802.883544,157.869232,10.918137,85.405380
164802.924846,157.947708,10.863724,85.501053
164802.966144,157.925980,10.786438,85.307770
164803.007442,157.853455,10.905014,85.262695
164803.048739,157.854996,11.022263,85.570023
164803.090037,157.757645,11.005936,85.357620
164803.131337,158.023987,10.925812,85.231445
164803.172638,157.982986,11.076508,85.180420
164803.213938,157.772430,10.925079,85.370941
164803.255239,157.883362,10.974915,85.330643
164803.296535,157.833176,10.903427,85.333054
164803.337843,158.000534,10.733673,85.359726
164803.379145,158.092484,10.789108,85.498032
164803.420448,157.998444,10.958862,85.168732
164803.461751,157.914978,11.074112,85.451218
164803.503050,158.185394,10.883789,85.118393
164803.544350,157.984131,10.784164,85.373825
164803.585650,157.845337,10.893890,85.233963
164803.626954,158.093124,10.673782,84.908875
164803.668255,157.780548,10.774185,85.080856
164803.709558,157.823654,10.884842,85.209915
164803.750858,158.108246,10.826401,84.939163
164803.792158,157.872284,10.893906,85.424316
164803.833455,157.953888,10.815994,85.495834
164803.874755,157.851959,10.840622,85.510117
164803.916055,157.825546,10.699478,85.255661
164803.957353,157.824249,10.732895,85.585373
164803.998652,157.954269,10.855133,85.567978
164804.039953,158.103394,10.667862,85.062759
164804.081252,157.933243,10.680176,85.383942
164804.122550,157.885391,10.790909,85.458954
164804.163847,157.907806,10.755905,85.400146
164804.205142,158.019577,10.520691,85.457687
164804.246438,157.695129,10.799240,85.547394
164804.287737,157.780960,10.437149,85.764221
164804.329037,157.788940,10.721756,85.873703
164804.370337,157.785797,10.922394,85.606918
164804.411638,157.873962,10.798615,85.640381
164804.452936,157.895370,10.850220,85.508179
164804.494234,158.257019,10.797073,85.090073
164804.535531,157.868118,10.932861,85.574265
164804.576828,157.959808,10.670685,85.391861
164804.618125,158.039825,10.793335,85.467453
164804.659424,157.811417,10.875916,85.599915
164804.700722,157.833817,10.736038,85.129105
164804.742020,158.103302,10.628998,85.480957
164804.783318,158.146881,10.700958,85.461700
164804.824616,157.904541,10.828751,85.398926
164804.865917,157.842331,10.751526,85.706543
164804.907215,157.736954,10.914902,85.682098
164804.948514,157.773849,10.759247,85.701874
164804.989812,157.740158,10.765808,85.826889
164805.031111,157.767441,10.727249,85.667267
164805.072411,157.598495,10.715881,85.546021
164805.113711,157.655655,10.940079,85.700302
164805.155009,157.603455,10.972397,85.485016
164805.196305,157.686447,10.872269,85.900238
164805.237604,157.765930,10.922806,85.426086
164805.278901,157.748337,10.893066,85.425797
164805.320196,157.666458,11.052719,85.644211
164805.361495,157.910629,10.985016,85.430008
164805.402794,157.728546,11.019272,85.572067
164805.444096,157.723862,11.121918,85.267227
164805.485398,157.727432,10.962830,85.498917
164805.526698,157.734070,11.074234,85.236725
164805.568002,157.783905,10.897110,85.451508
164805.609302,157.806351,11.052460,85.632965
164805.650601,157.750854,11.046494,85.557175
164805.691900,157.811081,11.123581,85.575974
164805.733200,157.749557,11.144470,85.375504
164805.774496,157.694122,11.143936,85.945923
164805.815796,157.666580,11.001831,85.437546
164805.857093,157.825058,10.917572,85.479675
164805.898389,157.720230,10.961960,85.611771
164805.939685,157.883438,10.835266,85.425064
164805.980984,157.833176,10.991089,85.339874
164806.022282,157.961746,10.637283,85.343781
164806.063581,157.778076,10.934555,85.304245
164806.104879,157.718689,11.017838,85.063644
164806.146178,157.794312,10.899063,85.331299
164806.187475,157.501404,11.034866,85.347794
164806.228772,157.869293,10.764297,85.349258
164806.270070,157.646103,11.040131,85.246368
164806.311365,157.568451,11.010544,85.020065
164806.352659,157.753433,10.785934,85.327011
164806.393957,157.751007,10.872284,85.296158
164806.435257,157.578262,10.934784,85.104675
164806.476557,157.766479,10.990921,85.150940
164806.517852,157.727997,10.906403,85.391357
164806.559146,157.831787,11.103714,85.226608
164806.600442,157.715881,11.184921,85.133835
164806.641738,157.638000,11.187805,85.696365
164806.683035,157.676666,11.052811,85.430511
164806.724332,157.593185,10.879990,85.172729
164806.765627,157.593552,11.186554,85.415146
164806.806924,157.624557,11.030762,85.414017
164806.848220,157.597427,11.111496,85.416702
164806.889517,157.569260,11.104462,85.280029
164806.930813,157.501389,11.052811,85.450500
164806.972108,157.626648,11.043777,85.306030
164807.013403,157.711319,10.998062,85.149109
164807.054698,157.601852,10.706161,85.535416
164807.095991,157.741196,10.848038,85.060944
164807.137286,157.872482,10.768204,85.515594
164807.178583,157.821793,10.727402,85.520111
164807.219879,157.842590,10.850479,85.340561
164807.261175,157.754135,11.091766,85.256241
164807.302472,157.647690,10.983551,85.444855
164807.343770,157.598984,10.992752,85.314758
164807.385067,157.691086,11.023300,85.305069
164807.426365,157.625381,10.992233,85.044434
164807.467662,157.714340,11.067703,85.295807
164807.508958,157.762161,10.889740,85.494522
164807.550255,157.812332,10.875504,85.445114
164807.591552,157.596085,11.103241,85.788910
164807.632849,157.631882,11.091049,85.123642
164807.674144,157.645111,11.419403,85.647400
164807.715441,157.831665,11.178757,85.494232
164807.756739,157.829483,11.219086,85.472092
164807.798038,157.555603,11.212830,85.832611
164807.839337,157.679688,10.953278,85.327560
164807.880634,157.735138,10.861481,85.382843
164807.921929,157.679550,10.969177,85.228348
164807.963225,157.733658,11.083603,85.347763
164808.004521,157.611191,11.140396,85.265778
164808.045819,157.723679,10.882401,85.395126
164808.087118,157.624252,10.728729,85.115204
164808.128416,157.569138,10.953873,85.280518
164808.169714,157.537552,11.119934,85.436249
164808.211012,157.750977,11.048050,85.442154
164808.252311,157.690964,10.860855,85.312073
164808.293610,157.488556,11.040070,85.714584
164808.334911,157.582001,10.633377,85.447037
164808.376205,157.740646,10.977249,85.482468
164808.417500,157.879745,10.930634,85.443680
164808.458798,157.741180,11.115158,85.378571
164808.500097,157.951584,10.878754,85.357758
164808.541394,157.836411,10.928467,85.365112
164808.582691,157.703339,10.786057,85.824005
164808.623988,157.946564,10.789352,85.617950
164808.665286,157.924530,11.039642,85.999542
164808.706584,157.606461,11.126953,85.718353
164808.747884,157.768494,10.887207,85.801117
164808.789182,157.898483,10.864349,85.580261
164808.830483,157.946030,10.859009,85.647598
164808.871780,157.844360,10.999496,85.676041
164808.913078,157.892807,10.823959,85.743805
164808.954378,157.948059,10.868698,85.164551
164808.995674,157.976837,10.862411,85.494003
164809.036972,157.927460,11.122910,85.743103
164809.078274,157.923828,11.130478,85.735352
164809.119574,158.187988,10.893707,85.901962
164809.160876,157.835709,11.134552,85.870880
164809.202177,158.101395,10.912003,85.866531
164809.243478,157.951263,10.760971,85.318665
164809.284782,157.921036,11.000931,85.709076
164809.326083,157.715149,11.030624,85.563309
164809.367382,157.746170,11.109467,85.799927
164809.408682,157.895981,10.865112,85.432800
164809.449982,157.805649,10.879379,85.330536
164809.491285,157.866653,10.958450,85.606491
164809.532587,157.981140,10.869949,85.666046
164809.573890,157.764481,10.740326,85.481796
164809.615192,157.743896,10.796921,85.538177
164809.656495,157.578674,10.995010,85.334381
164809.697798,157.706909,10.938705,85.453125
164809.739099,157.816635,10.861893,85.566071
164809.780401,157.790817,10.947113,85.587677
164809.821703,157.659912,10.959473,85.886047
164809.863004,157.569244,10.892303,85.396301
164809.904307,157.517059,10.786697,85.502884
164809.945609,157.504105,10.957703,85.564545
164809.986909,157.452576,10.915527,85.080414
164810.028210,157.663528,10.725769,85.401550
164810.069509,157.553268,10.937317,85.519547
164810.110808,157.962158,10.935226,85.741913
164810.152107,157.682709,10.859818,86.266006
164810.193403,157.702103,11.082092,85.932983
164810.234701,157.872925,10.797073,85.506058
164810.276001,157.835678,11.068832,85.665344
164810.317300,157.838150,11.067276,85.620560
164810.358598,157.709457,10.996994,85.503235
164810.399897,157.822281,10.767288,85.734238
164810.441199,157.676956,10.715591,85.724701
164810.482497,157.657104,10.612778,85.693726
164810.523797,157.487991,10.764053,85.493790
164810.565099,157.806931,10.666992,85.580673
164810.606400,157.946472,10.811096,85.558838
164810.647699,157.979416,10.905518,85.733093
164810.689000,157.946655,11.067291,85.432617
164810.730299,157.897675,11.042847,85.545593
164810.771598,157.883987,10.858078,85.494095
164810.812899,158.006622,10.768967,85.518143
164810.854199,157.797241,10.867355,85.483047
164810.895496,157.918884,10.923950,85.688309
164810.936792,157.889862,11.060806,85.550110
164810.978089,158.137009,10.855591,85.287537
164811.019385,157.738693,11.119370,85.417084
164811.060680,157.746201,11.259781,85.475662
164811.101978,157.893250,11.012512,85.703476
164811.143272,157.555344,10.889542,85.640182
164811.184568,157.507675,10.852615,85.886749
164811.225866,157.650864,10.787292,85.283844
164811.267164,157.820099,10.731140,85.694901
164811.308461,157.565063,10.892212,85.604462
164811.349758,157.729233,10.783005,85.981155
164811.391056,158.038696,10.886551,85.907852
164811.432356,157.772491,10.721176,85.816055
164811.473653,157.615311,10.868927,85.731125
164811.514950,157.714355,10.902939,85.609894
164811.556246,157.748581,10.878891,85.731903
164811.597544,157.490219,10.922226,86.034302
164811.638839,157.594879,10.780930,85.936646
164811.680135,157.686188,10.899155,85.542221
164811.721430,157.733856,10.844818,85.661331
164811.762725,157.744324,10.899628,85.667328
164811.804019,157.698608,10.970840,85.489151
164811.845316,157.639175,10.801361,85.712601
164811.886613,157.778534,10.762589,85.723145
164811.927910,157.643341,11.119995,85.562317
164811.969206,157.666885,11.155487,85.952713
164812.010503,157.841415,11.025284,85.879135
164812.051799,157.742065,10.863937,85.722412
164812.093098,157.655396,10.958771,85.860046
164812.134397,157.802383,11.049042,85.749725
164812.175694,157.804626,11.101364,85.593048
164812.216992,157.747131,11.080154,85.702347
164812.258287,157.440689,11.113770,85.634842
164812.299581,157.798874,11.019119,85.746078
164812.340876,157.507370,11.225494,85.641861
164812.382171,157.511398,11.042572,85.784607
164812.423468,157.473495,10.982422,85.684174
164812.464766,157.699814,10.941055,85.629913
164812.506066,157.703903,10.809647,85.873978
164812.547364,157.751602,10.998062,85.629242
164812.588659,157.720398,11.165771,85.566498
164812.629956,157.822464,11.105759,85.600235
164812.671254,157.673813,11.198151,85.443649
164812.712552,157.681976,11.062103,85.270035
164812.753850,157.716583,10.902115,85.429184
164812.795149,157.836182,10.921570,85.476791
164812.836449,157.870575,10.900558,85.551987
164812.877746,157.697479,11.125519,85.532883
164812.919043,157.625717,10.930191,85.411926
164812.960341,157.733261,10.990829,85.465591
164813.001639,157.612671,10.827744,85.781479
164813.042935,157.729538,10.815765,85.368622
164813.084233,157.752701,10.774490,85.662888
164813.125528,157.646317,10.958328,85.483429
164813.166826,157.585709,10.955200,85.819687
164813.208126,157.385376,10.590149,85.749329
164813.249425,157.911133,10.737381,85.801666
164813.290723,157.976929,10.696716,85.530411
164813.332022,157.737411,11.199738,85.759003
164813.373321,157.904404,10.841751,85.392578
164813.414616,157.642700,10.890640,85.569077
164813.455913,157.773178,10.907959,85.792786
164813.497212,157.695770,10.847733,85.457077
164813.538510,157.854050,10.748566,85.404510
164813.579807,157.714172,10.574570,85.572510
164813.621105,157.774628,10.929871,85.475159
164813.662403,157.927536,10.771027,85.527786
164813.703702,157.858795,10.881165,85.222626
164813.745003,157.610031,11.152023,85.250946
164813.786304,157.733002,10.967102,85.183228
164813.827604,157.777283,10.963394,85.216263
164813.868903,157.970505,10.925049,85.129028
164813.910202,157.744492,11.124664,85.583603
164813.951500,157.630081,10.800735,85.413101
164813.992798,157.555847,11.129898,85.343048
164814.034097,157.664108,10.787827,85.222458
164814.075395,157.488190,10.759995,84.962830
164814.116695,157.626404,10.815323,85.067337
164814.157994,157.517593,10.931854,85.170212
164814.199287,157.799622,10.970642,85.593521
164814.240597,157.539124,11.000381,85.427139
164814.281899,157.572250,11.144272,85.437347
164814.323201,157.596680,10.997452,85.361862
164814.364504,157.461533,11.164169,85.580002
164814.405806,157.406570,11.197479,85.434891
164814.447108,157.463821,10.978516,85.324005
164814.488406,157.491028,11.272675,85.470230
164814.529709,157.538483,11.000107,85.203308
164814.571008,157.603485,11.087540,85.155212
164814.612309,157.638245,10.933578,85.206970
164814.653608,157.742355,11.149612,85.261780
164814.694908,157.749619,10.947464,85.210739
164814.736211,157.513474,11.115860,85.407410
164814.777512,157.615585,11.244705,85.294418
164814.818813,157.469193,11.141541,85.510788
164814.860112,157.461319,11.176773,85.468613
164814.901413,157.495300,10.903763,85.823212
164814.942712,157.476685,11.130447,85.481979
164814.984010,157.651016,11.050552,85.387497
164815.025309,157.549210,10.865128,85.641586
164815.066609,157.776093,10.880692,85.382385
164815.107906,157.695236,11.178635,85.808228
164815.149206,157.750687,10.835968,85.441635
164815.190506,157.481354,11.066803,85.240646
164815.231805,157.575027,11.197433,85.577133
164815.273104,157.501038,10.980148,85.201736
164815.314404,157.443390,11.073151,85.637344
164815.355706,157.350693,10.921097,85.662323
164815.397007,157.323013,10.933121,85.907166
164815.438307,157.713730,11.100555,85.893478
164815.479608,157.655685,11.028595,85.464096
164815.520909,157.712738,11.133347,85.503387
164815.562209,157.447021,10.926666,85.607468
164815.603510,157.576874,10.916107,85.150482
164815.644808,157.656998,10.938095,85.213699
164815.686107,157.648788,10.799591,85.274948
164815.727408,157.491913,11.026047,85.206573
164815.768709,157.670059,10.854370,85.303787
164815.810010,157.477722,11.037491,85.398026
164815.851313,157.496048,10.918198,85.567474
164815.892617,157.380142,10.908005,85.781525
164815.933923,157.602173,10.934036,85.337570
164815.975228,157.344452,10.869598,85.564545
164816.016529,157.382233,10.746277,85.251068
164816.057828,157.528030,11.025375,85.496124
164816.099126,157.530838,10.936737,85.708481
164816.140428,157.493149,10.870071,85.745758
164816.181729,157.443680,11.025116,85.784485
164816.223029,157.475708,11.244659,85.279755
164816.264329,157.539307,11.004898,85.227722
164816.305633,157.657196,11.037949,85.678925
164816.346936,157.672180,10.802780,85.652817
164816.388239,157.463867,11.095032,85.497070
164816.429539,157.510941,11.061951,85.214249
164816.470840,157.584000,10.938904,85.342102
164816.512139,157.643005,11.019653,85.288239
164816.553437,157.626450,10.893127,85.960785
164816.594735,157.710861,11.125290,85.507492
164816.636034,157.686737,10.802780,86.065826
164816.677334,157.579910,11.107941,85.446655
164816.718638,157.751526,11.069901,85.865829
164816.759937,157.807098,10.997910,85.910553
164816.801237,157.550232,10.932663,86.064667
164816.842535,157.678772,10.928558,85.472900
164816.883833,157.449188,10.790695,85.626953
164816.925130,157.660263,10.813873,85.237564
164816.966426,157.726181,11.006088,85.597321
164817.007723,157.608719,10.933090,85.740936
164817.049023,157.768463,11.125580,85.285492
164817.090326,157.495560,10.996735,85.820740
164817.131626,157.665283,11.038177,85.428833
164817.172929,157.854370,10.847275,85.428589
164817.214231,157.702927,10.926224,85.171600
164817.255532,157.670105,11.069427,85.066498
164817.296831,157.745743,10.854782,85.345825
164817.338134,157.601196,10.662766,85.820312
164817.379437,157.593094,10.984253,85.758392
164817.420738,157.673477,10.918182,85.737579
164817.462037,157.694839,11.111526,85.684906
164817.503336,157.800598,11.076416,85.665588
164817.544635,157.665054,11.271652,85.327606
164817.585933,157.766174,11.016159,85.293640
164817.627231,157.720337,11.024155,85.414597
164817.668528,157.607590,10.887375,85.193665
164817.709827,157.897415,10.851410,85.601837
164817.751123,157.661163,11.038864,85.301788
164817.792425,157.536163,10.944809,85.715363
164817.833725,157.769669,10.866089,85.807343
164817.875024,158.037842,10.776947,85.573090
164817.916324,157.548294,10.856262,86.248337
164817.957622,157.730148,11.034317,85.569641
164817.998922,157.554871,10.736542,85.568069
164818.040223,157.657425,10.641281,85.528519
164818.081524,157.731628,10.689545,85.742462
164818.122826,157.868362,10.751816,85.807541
164818.164129,157.555588,10.877792,85.562927
164818.205429,157.863220,10.889267,85.649567
164818.246728,157.622009,11.007629,85.720032
164818.288028,157.550720,10.979294,85.731613
164818.329325,157.792160,10.927216,85.791031
164818.370625,157.811417,10.999481,85.427948
164818.411927,157.363083,11.221298,85.934021
164818.453228,157.849609,10.889053,85.514008
164818.494528,157.854218,10.800735,86.221390
164818.535827,157.686249,10.875992,86.199829
164818.577126,157.726898,10.921249,85.700348
164818.618425,157.894333,10.792313,85.645889
164818.659727,157.848969,10.819763,85.529999
164818.701025,158.123215,10.796295,85.696426
164818.742324,158.029221,10.946777,85.561356
164818.783623,157.807449,10.892654,85.410522
164818.824920,157.499054,10.945068,85.608368
164818.866217,157.769302,10.724548,85.282944
164818.907514,157.775528,10.978363,85.884171
164818.948810,157.804611,10.937256,85.459717
164818.990107,157.671829,10.922043,85.670563
164819.031404,157.645599,10.987350,85.454697
164819.072704,157.616074,10.999542,86.019119
164819.114003,157.751068,11.076736,85.484924
164819.155304,157.700821,10.972107,85.223969
164819.196603,157.547577,10.815964,85.847336
164819.237899,157.910797,10.987167,85.225754
164819.279197,157.764023,10.939789,85.553329
164819.320497,157.793442,10.965424,85.523636
164819.361798,157.889969,11.054657,85.676193
164819.403099,157.750626,11.184952,85.179001
164819.444400,157.841522,10.940308,85.407898
164819.485702,157.827606,10.870544,85.310669
164819.527002,157.730072,11.100754,85.423843
164819.568303,157.778030,11.089935,85.257523
164819.609601,157.832535,10.782028,85.268433
164819.650892,157.786514,10.878510,85.515472
164819.692197,157.807114,11.070862,85.593384
164819.733495,157.689896,10.922958,85.603073
164819.774793,157.899475,10.867035,85.678116
164819.816090,157.737701,10.884918,85.324219
164819.857387,157.920181,10.931885,85.383057
164819.898685,157.960434,10.962341,85.329788
164819.939982,157.887283,10.887741,84.845871
164819.981279,157.875854,10.997620,85.276718
164820.022577,157.578781,10.665558,85.470566
164820.063875,157.793198,10.937195,84.985886
164820.105173,158.055969,11.008194,84.917664
164820.146471,157.531113,10.917770,85.548264
164820.187767,157.352676,11.127121,84.953873
164820.229064,157.677933,10.900955,85.172455
164820.270361,157.702545,10.760483,85.129639
164820.311659,157.704575,10.859650,85.333893
164820.352956,157.910263,10.913254,85.489853
164820.394254,157.895950,10.952499,85.387573
164820.435554,157.698990,11.121185,85.197006
164820.476850,157.744003,11.017929,85.178040
164820.518148,157.861115,11.037415,85.123871
164820.559445,157.716980,11.270950,85.271759
164820.600742,157.702240,11.224243,84.998779
164820.642038,157.967682,10.998047,85.187180
164820.683336,157.718979,11.269196,84.957047
164820.724634,157.906815,11.098511,85.181610
164820.765934,157.917160,11.103943,85.059860
164820.807232,157.754410,11.199081,85.159866
164820.848530,157.797348,11.297028,84.907684
164820.889827,157.772003,11.258102,85.029892
164820.931125,157.805420,11.151932,85.020599
164820.972421,157.872223,11.234894,85.080536
164821.013720,157.718613,11.097031,84.824738
164821.055019,157.785217,11.077637,85.278442
164821.096317,157.729568,11.299011,84.866623
164821.137614,157.756165,11.113174,85.058578
164821.178909,157.762222,11.178879,85.194046
164821.220205,157.732971,11.211029,85.143631
164821.261504,157.595505,11.183319,85.227051
164821.302802,157.715546,11.085876,85.300980
164821.344098,157.912231,10.737122,85.229752
164821.385394,157.897842,10.878708,85.462265
164821.426692,157.928650,10.764420,85.411987
164821.467987,157.666870,11.170074,85.523987
164821.509285,157.784332,11.079163,85.672043
164821.550581,157.817596,10.949722,85.401703
164821.591881,157.958176,10.857819,85.471710
164821.633181,158.040405,10.812546,85.566177
164821.674480,157.899307,11.012985,85.357574
164821.715779,157.969238,11.010071,85.303558
164821.757081,157.798706,10.950867,85.143051
164821.798379,157.981659,11.031174,85.230438
164821.839679,158.138550,11.133408,85.421066
164821.880978,158.033386,11.003510,85.557480
164821.922277,158.055969,10.705017,85.302109
164821.963577,157.668808,10.953781,85.323135
164822.004878,157.936905,10.863419,85.364609
164822.046180,157.895370,10.671692,85.322952
164822.087479,157.837708,10.810379,85.494644
164822.128780,157.929947,11.040100,85.437927
164822.170079,157.967804,10.594009,85.316238
164822.211380,157.954529,10.748428,85.551239
164822.252679,157.894028,10.702637,85.462921
164822.293980,158.116867,10.812241,85.504562
164822.335278,157.916626,10.755569,85.237747
164822.376587,157.922562,10.698410,85.499695
164822.417888,157.764282,10.927063,85.468689
164822.459187,157.795685,10.926163,85.217804
164822.500484,157.927216,10.777496,85.586090
164822.541787,158.118408,10.784775,85.285141
164822.583097,157.865738,10.658234,85.166702
164822.624400,158.059570,10.595444,85.060043
164822.665700,157.856705,10.648743,85.224777
164822.707001,157.938080,10.693985,85.375046
164822.748302,157.973221,10.674805,85.258118
164822.789605,158.029419,10.554901,85.192352
164822.830907,158.025116,10.926895,85.390503
164822.872208,158.098770,10.741013,85.586029
164822.913510,158.100983,10.798843,85.267639
164822.954811,158.342697,10.586594,85.464569
164822.996113,158.171356,10.785873,85.438629
164823.037412,158.029877,10.876328,85.372406
164823.078711,157.888153,10.896362,85.063080
164823.120011,157.848679,10.868774,85.310776
164823.161310,157.767990,10.908585,85.351700
164823.202611,158.314758,10.709045,85.078018
164823.243910,158.044571,10.736191,85.486374
164823.285208,158.003006,10.781158,85.750717
164823.326507,157.970963,10.731430,85.416397
164823.367806,158.036209,10.704910,85.695190
164823.409104,157.864746,10.867661,85.160980
164823.450402,158.008331,10.940308,85.624207
164823.491699,158.123718,10.843719,85.749268
164823.532999,158.175049,10.882706,85.608597
164823.574299,157.971375,10.867065,85.452881
164823.615599,158.008514,10.955887,85.595490
164823.656900,157.978409,11.221375,85.777985
164823.698202,158.125778,10.848236,85.661285
164823.739502,158.045059,10.797775,85.390533
164823.780804,158.213165,10.949692,85.302017
164823.822106,157.915558,10.839005,85.363495
164823.863408,158.012451,10.956253,85.528534
164823.904708,158.044174,11.028015,85.408905
164823.946010,157.908920,11.022430,85.258286
164823.987312,158.063080,10.933807,85.263519
164824.028609,157.920746,11.043991,85.624878
164824.069922,157.773895,10.871231,85.126999
164824.111221,158.032532,11.005280,85.473831
164824.152526,158.020447,10.939850,85.081848
164824.193838,157.914597,10.787018,85.146088
164824.235142,158.189072,10.903259,85.183945
164824.276440,158.103729,10.841873,85.410263
164824.317749,158.286865,10.773376,85.198303
164824.359046,157.979965,11.150864,85.631561
164824.400346,157.997650,10.797028,85.267975
164824.441651,157.838089,10.974472,85.104477
164824.482955,158.070541,10.724274,85.353226
164824.524258,157.953766,10.821060,85.464600
164824.565560,157.954651,10.913040,85.368683
164824.606857,157.889465,10.898026,85.335526
164824.648168,158.063004,10.907440,85.365662
164824.689470,157.952057,10.938705,85.261292
164824.730768,157.952820,10.882965,85.046875
164824.772069,158.062210,10.886307,85.122955
164824.813370,158.254074,10.950165,85.323364
164824.854665,158.028809,10.944092,85.087997
164824.895974,157.963547,11.085220,85.006104
164824.937275,158.228546,10.752426,85.169357
164824.978577,158.250854,10.742386,85.095474
164825.019877,158.147385,10.706497,85.386475
164825.061179,158.169754,10.721161,85.213791
164825.102480,158.177277,10.743164,85.424026
164825.143783,158.248016,10.729706,85.386185
164825.185084,158.251480,10.745956,84.938568
164825.226388,158.312119,10.625458,85.764359
164825.267690,158.025391,10.631683,85.655182
164825.308985,157.945328,10.700180,85.503265
164825.350293,158.160065,10.986542,85.675720
164825.391596,158.052307,10.724396,85.728928
164825.432899,158.270966,10.814682,85.607819
164825.474202,157.935638,10.869522,85.333374
164825.515500,157.931625,10.850723,85.467529
164825.556810,158.094254,10.591202,85.370544
164825.598114,157.992203,10.791046,85.529388
164825.639410,158.184525,10.706619,85.843552
164825.680713,158.097916,10.652328,85.345520
164825.722019,157.914291,10.680756,85.571945
164825.763331,158.182129,10.769226,85.394760
164825.804635,158.067322,10.796280,85.385010
164825.845932,157.985611,10.808395,85.308578
164825.887237,158.194702,10.722382,85.159592
164825.928541,158.256851,10.742249,85.135605
164825.969842,158.159180,10.676224,84.954178
164826.011151,158.046478,10.955933,85.034500
164826.052452,157.865570,10.737503,84.996368
164826.093751,157.853928,10.933289,85.335403
164826.135051,158.108871,10.638657,85.145157
164826.176351,157.873169,10.730042,85.438507
164826.217652,157.805435,10.904251,85.500610
164826.258955,157.978424,11.032227,85.325668
164826.300252,157.774185,10.863434,85.265259
164826.341563,157.932663,10.731140,85.297928
164826.382867,157.977966,10.823074,85.190094
164826.424164,157.928925,10.713699,85.200317
164826.465469,157.996353,10.888184,85.195328
164826.506775,157.828140,10.734116,85.140457
164826.548086,158.117355,10.833755,85.271393
164826.589391,157.848831,10.849777,85.313766
164826.630696,157.681702,11.071976,85.273193
164826.672001,157.758774,10.812073,85.252853
164826.713305,157.744324,10.972229,85.280823
164826.754603,157.837494,11.146957,85.533798
164826.795906,157.935806,11.104645,85.090515
164826.837219,157.903366,10.867554,85.211365
164826.878516,157.898956,10.925156,85.476959
164826.919827,157.914078,11.013474,85.383606
164826.961128,158.025757,10.851349,85.552841
164827.002431,158.005707,10.858475,85.433792
164827.043733,158.093140,10.717957,85.464005
164827.085034,158.145782,10.907501,85.249008
164827.126337,157.835861,10.979919,85.490082
164827.167639,157.904709,10.959656,85.533646
164827.208937,157.873505,10.951462,85.600128
164827.250247,158.121994,10.881287,85.652542
164827.291551,157.840927,10.888412,85.480698
164827.332856,157.768478,11.224350,85.805969
164827.374155,157.715210,10.949036,85.434586
164827.415462,157.562836,11.351532,85.604156
164827.456775,157.684082,11.164337,85.593094
164827.498079,157.524063,11.283783,85.393814
164827.539377,157.808289,10.953049,85.427856
164827.580683,157.782700,11.040024,85.393311
164827.621990,157.750961,11.133789,85.475479
164827.663296,158.043152,11.251801,85.670120
164827.704602,157.853394,11.041092,85.783310
164827.745906,157.953293,10.866852,85.567459
164827.787218,157.984589,11.051636,85.472168
164827.828521,157.839874,11.115829,85.510239
164827.869825,157.692398,11.079971,85.642365
164827.911122,157.697205,11.182449,85.612183
164827.952431,157.803497,11.176636,85.808289
164827.993735,157.987717,11.017929,85.737274
164828.035031,158.023743,10.915100,85.636108
164828.076340,157.950180,11.214203,85.352097
164828.117643,157.952942,10.866013,85.742706
164828.158944,158.026688,10.931839,86.008316
164828.200241,158.103149,10.619507,85.566467
164828.241547,157.918793,10.856674,85.968521
164828.282853,158.138046,11.057709,85.822693
164828.324157,158.013977,10.951035,85.541809
164828.365466,157.969437,11.149734,85.803894
164828.406772,157.793884,11.006699,85.562317
164828.448083,157.831696,11.086716,85.477142
164828.489381,157.791870,10.944061,85.461624
164828.530690,157.895386,11.402740,85.451920
164828.571987,157.844833,10.919037,85.486160
164828.613296,157.864914,11.013367,85.536835
164828.654600,157.718857,11.096451,85.498474
164828.695897,157.896667,10.943192,85.723145
164828.737208,157.787811,10.956833,85.439392
164828.778513,157.777084,11.046722,85.385666
164828.819816,157.672897,10.904037,85.449295
164828.861111,157.960327,10.919632,85.314514
164828.902418,158.122360,10.981155,85.566956
164828.943720,157.952423,11.025284,85.482376
164828.985020,157.918213,10.976395,85.315994
164829.026320,157.859528,11.147659,85.358261
164829.067621,157.964554,11.039780,85.210007
164829.108923,157.895645,11.114075,85.205246
164829.150226,158.054291,10.927338,85.624725
164829.191523,157.809113,11.058380,85.381836
164829.232836,157.584839,11.138382,85.089752
164829.274139,157.755112,11.333862,85.160507
164829.315441,157.799606,11.217255,84.772797
164829.356743,157.791916,11.190521,85.404144
164829.398040,157.978714,11.193573,84.835831
164829.439343,157.774826,11.015686,84.804031
164829.480653,157.780701,11.260742,84.916595
164829.521950,157.819168,11.050720,85.256973
164829.563261,157.801361,11.078949,85.067200
164829.604564,157.857559,11.286575,84.944000
164829.645866,157.922165,11.246277,84.902588
164829.687169,157.890732,11.286911,84.672211
164829.728474,158.021942,11.265823,85.082397
164829.769774,157.900803,11.119583,85.033875
164829.811077,158.062241,11.075134,84.798630
164829.852380,157.840744,10.956345,85.054428
164829.893684,157.902954,11.131531,84.922546
164829.934986,158.183823,10.953796,85.165604
164829.976286,158.014847,10.926971,85.299652
164830.017587,157.968307,10.962509,85.052643
164830.058887,158.019867,11.077896,85.104416
164830.100189,157.866745,11.125992,85.011719
164830.141489,158.173920,10.986420,84.952408
164830.182791,157.913544,11.081009,85.093521
164830.224092,157.913040,10.832016,85.285797
164830.265394,157.970001,11.149750,85.461380
164830.306688,157.866821,10.881409,85.476608
164830.347991,157.801300,10.968170,85.299011
164830.389301,157.973267,10.858185,85.500168
164830.430600,157.724167,11.134232,85.217194
164830.471909,157.631363,10.921494,85.214264
164830.513209,157.690689,10.961639,85.366806
164830.554511,157.800522,11.038544,85.443497
164830.595810,157.723007,11.113068,85.199417
164830.637108,157.753021,11.064331,85.482803
164830.678408,157.863556,10.712128,85.227936
164830.719708,157.655899,11.219147,84.912964
164830.761006,157.818771,10.927383,85.265686
164830.802304,157.845047,11.213303,85.075623
164830.843601,157.629684,11.083420,84.999649
164830.884901,157.767593,11.276505,85.078918
164830.926202,157.797226,11.165451,85.278946
164830.967500,157.558304,11.025131,84.961090
164831.008798,157.710007,11.050873,84.993912
164831.050095,157.654739,11.063782,85.128479
164831.091396,157.596024,10.966171,84.903244
164831.132690,157.552139,11.144928,85.248062
164831.173997,157.802414,11.223541,84.959457
164831.215290,157.632507,11.016129,85.154816
164831.256596,157.645279,11.238495,84.973679
164831.297896,157.713440,11.146423,84.941162
164831.339196,157.666077,11.066208,84.794708
164831.380496,157.759140,11.136902,84.855103
164831.421799,157.724442,11.115219,84.861755
164831.463099,157.838654,10.994186,85.357300
164831.504403,157.692917,10.894928,85.192734
164831.545701,157.739624,10.960052,85.243561
164831.587004,157.727234,10.870499,85.165146
164831.628314,157.708588,11.006165,85.266571
164831.669614,157.870514,11.004791,84.970551
164831.710915,157.766510,10.923859,85.082611
164831.752217,157.661163,10.945145,85.330795
164831.793520,157.757370,10.830353,85.531967
164831.834821,157.975006,10.677292,85.335388
164831.876123,157.970291,10.938843,85.300644
164831.917424,157.969986,10.892792,85.270401
164831.958721,157.789627,11.115494,85.232224
164832.000029,157.810669,11.204010,85.225327
164832.041330,157.949982,10.871887,85.015259
164832.082632,158.061569,11.150040,84.709442
164832.123933,157.929428,11.022598,85.052094
164832.165226,158.045853,10.865692,85.386124
164832.206534,157.879395,10.903183,85.158005
164832.247834,157.868744,11.059692,85.329132
164832.289136,157.694962,10.914078,85.330994
164832.330436,157.794800,10.962265,84.994492
164832.371736,157.891830,10.890320,85.362747
164832.413035,157.786423,10.839447,84.799652
164832.454336,157.793961,10.876389,85.079254
164832.495635,157.720474,11.098557,85.104401
164832.536931,157.914413,10.777023,85.132309
164832.578237,157.554459,10.932434,85.070206
164832.619536,157.813614,10.898483,85.414047
164832.660836,157.861893,10.864502,85.071808
164832.702137,157.797363,10.988770,84.999191
164832.743438,157.695999,11.102158,85.308136
164832.784741,157.840439,11.199646,85.186401
164832.826043,157.764816,11.149719,85.034729
164832.867345,157.842972,11.026047,85.094147
164832.908640,157.648010,11.078369,85.047928
164832.949946,157.787827,10.861740,85.497772
164832.991245,157.689240,11.056854,85.777298
164833.032545,157.884293,11.078918,85.179718
164833.073845,157.806946,10.682938,85.227295
164833.115144,157.910889,10.660645,85.173355
164833.156443,157.837860,10.900894,85.176620
164833.197743,158.034164,10.728775,85.208740
164833.239044,157.960556,10.763199,85.565414
164833.280345,157.768005,11.013290,85.279831
164833.321647,157.882401,10.804947,85.173676
164833.362947,157.837372,10.866211,85.419098
164833.404247,157.845657,10.725616,85.305878
164833.445546,157.975311,10.778137,85.288055
164833.486846,157.957794,10.732361,85.093719
164833.528148,157.728058,10.897858,85.317886
164833.569450,157.523514,10.854904,85.404037
164833.610750,157.711563,10.658920,85.059418
164833.652050,157.804871,10.862869,85.349167
164833.693344,157.811462,10.764099,85.244553
164833.734652,157.917053,10.988388,85.364410
164833.775954,157.941559,10.729645,85.404984
164833.817255,157.909546,10.926163,85.200378
164833.858555,157.775223,11.117050,85.306259
164833.899856,157.824875,11.027725,85.440491
164833.941158,157.747147,10.862427,85.475677
164833.982459,157.579910,11.258698,85.408615
164834.023758,157.705246,10.889847,85.699661
164834.065058,157.699402,11.040955,85.447723
164834.106352,157.598129,11.171341,85.379745
164834.147659,157.684006,10.907150,85.362518
164834.188961,157.605453,10.925095,85.408951
164834.230262,157.654297,10.943359,85.262695
164834.271562,157.654236,10.918243,85.324081
164834.312863,157.690933,10.880051,85.310699
164834.354165,157.542938,10.879242,85.267700
164834.395467,157.650330,10.678055,85.293915
164834.436771,157.818024,10.986496,85.161499
164834.478074,157.875702,10.828949,84.768356
164834.519378,157.776962,10.899994,85.253555
164834.560679,157.770950,10.941742,85.057831
164834.601982,157.991562,10.697235,85.287354
164834.643275,157.912766,10.918045,85.329727
164834.684585,158.022781,10.902908,85.166687
164834.725886,157.885254,10.893143,85.051926
164834.767182,157.907150,10.884232,85.368042
164834.808491,158.022644,10.974838,84.954163
164834.849791,158.048950,10.737640,84.727600
164834.891093,157.971573,10.852570,85.142899
164834.932394,157.897354,10.984680,85.260956
164834.973695,157.981384,10.969101,85.025452
164835.014996,158.016861,10.762970,85.178391
164835.056296,158.018478,10.727997,84.748886
164835.097596,158.131744,10.853287,84.908859
164835.138888,158.006454,10.952194,85.064926
164835.180195,158.026794,10.888275,84.978409
164835.221490,157.779678,10.754059,85.139038
164835.262797,157.991669,10.893433,84.849365
164835.304093,158.102753,10.867554,84.885986
164835.345400,158.151047,10.994049,84.808350
164835.386696,157.992096,10.929184,85.239944
164835.427998,157.882858,10.804489,85.092300
164835.469310,157.796982,11.055222,85.222137
164835.510615,158.040878,11.085098,85.099365
164835.551919,158.118149,11.034454,84.723114
164835.593221,158.146759,10.995102,84.967300
164835.634517,158.074188,10.799744,85.172607
164835.675821,158.026108,10.782486,85.287796
164835.717129,158.115479,10.938675,84.953857
164835.758432,158.246277,10.761063,85.431244
164835.799732,158.004440,10.739029,85.091232
164835.841033,158.135117,10.781555,85.224594
164835.882333,158.128052,11.046524,84.987732
164835.923633,157.926849,11.058197,85.106216
164835.964933,157.990311,10.783157,84.846054
164836.006233,158.134064,10.581741,84.960007
164836.047533,158.137054,10.724548,84.683990
164836.088832,157.945694,10.901306,85.205078
164836.130133,157.958618,10.844025,85.308075
164836.171433,158.031662,10.882980,84.611435
164836.212733,158.041519,10.850327,84.914886
164836.254033,157.956680,10.842178,85.107056
164836.295334,158.032181,10.660416,84.808502
164836.336636,157.845779,10.943558,85.034744
164836.377938,157.783218,11.126877,84.709213
164836.419241,157.809738,11.107224,84.898651
164836.460544,157.849487,10.657120,84.977493
164836.501845,157.849457,10.918259,85.138351
164836.543139,157.937546,10.892639,85.135818
164836.584446,157.973480,10.885620,84.521698
164836.625740,157.980499,10.923981,84.900330
164836.667047,157.913132,11.070572,85.207306
164836.708350,158.239365,10.886566,84.792145
164836.749651,158.070496,11.020370,84.589233
164836.790955,158.145493,10.982986,84.610046
164836.832251,158.331512,11.093826,84.980057
164836.873560,158.220337,10.950012,84.823730
164836.914860,158.329269,10.938339,84.888458
164836.956160,158.076721,11.116760,84.683578
164836.997461,157.836838,11.353180,84.945312
164837.038760,158.006165,11.144623,84.968460
164837.080060,157.794266,11.098389,84.694000
164837.121361,157.837967,11.091278,84.839493
164837.162655,157.990631,10.969330,84.904007
164837.203963,157.922745,10.789337,84.860611
164837.245263,158.031235,10.828049,84.646988
164837.286562,157.923935,11.051346,85.264328
164837.327862,158.023773,10.982681,85.118317
164837.369163,157.967926,11.061371,85.117630
164837.410466,157.918854,10.897812,84.877289
164837.451766,158.044876,11.103348,84.735443
164837.493058,157.947144,11.110962,85.033630
164837.534364,157.646255,11.281235,85.221252
164837.575666,157.775726,11.295181,84.833206
164837.616964,157.769348,11.038467,85.208466
164837.658262,157.911697,11.332092,84.832596
164837.699562,157.969360,11.006897,85.148590
164837.740863,157.699707,10.874481,85.092819
164837.782159,157.847290,11.081909,85.138504
164837.823465,157.943283,11.056717,85.070816
164837.864759,157.917816,10.940247,85.153290
164837.906065,157.945297,11.040405,85.261169
164837.947364,157.857361,10.940475,85.450577
164837.988659,157.966019,10.700577,85.223618
164838.029965,157.785355,11.128296,85.175644
164838.071262,157.976349,10.866577,85.247223
164838.112569,157.788635,11.050278,85.214279
164838.153872,157.968109,10.745041,85.311584
164838.195174,157.949051,10.990509,85.290237
164838.236475,158.048187,10.992981,85.259521
164838.277769,157.942032,10.893829,85.226669
164838.319075,157.891968,10.962952,85.517441
164838.360375,158.048813,10.839218,85.235092
164838.401673,157.929733,10.839508,85.430115
164838.442969,157.840179,10.806366,85.358261
164838.484271,157.974335,11.005981,85.258942
164838.525571,158.176956,10.933807,85.291168
164838.566870,158.035965,10.936249,85.350418
164838.608168,158.131790,10.739975,85.389618
164838.649465,157.954742,10.781708,85.167908
164838.690764,157.926743,10.705856,85.168030
164838.732062,157.867737,11.014679,85.146103
164838.773358,157.821609,10.938599,85.475510
164838.814659,157.904190,10.737671,85.139740
164838.855959,157.802887,10.956604,85.375168
164838.897253,157.716583,10.960648,85.296341
164838.938555,157.653580,11.021637,85.183746
164838.979861,157.922531,11.007568,85.195847
164839.021159,157.712631,11.081253,85.133408
164839.062450,158.048798,11.021729,85.638229
164839.103754,158.196533,10.885391,85.615341
164839.145046,158.077820,10.760742,85.429901
164839.186343,157.856659,11.057755,85.507675
164839.227648,158.205521,10.725769,85.405624
164839.268950,158.092789,10.906540,85.278152
164839.310250,158.000626,10.848907,84.905746
164839.351549,157.897156,11.182983,85.292282
164839.392848,157.711990,11.053345,85.239822
164839.434148,157.799026,10.936783,84.994598
164839.475447,157.783875,11.020050,85.075272
164839.516747,157.862579,10.720703,85.386353
164839.558049,157.608246,11.116516,85.175064
164839.599349,157.872604,10.665863,85.286316
164839.640652,157.943695,10.843689,85.439728
164839.681954,158.034409,10.729446,85.485214
164839.723254,158.002716,10.674057,85.379333
164839.764552,157.775650,10.764542,85.306229
164839.805851,157.697662,10.905991,85.424805
164839.847150,157.855576,10.666275,85.420227
164839.888448,157.752472,10.755096,85.456467
164839.929739,157.864349,10.887131,85.246872
164839.971042,157.815796,10.869720,85.323181
164840.012339,157.841522,10.939896,85.522461
164840.053636,157.648041,10.919189,85.642258
164840.094932,158.045441,10.724075,85.335938
164840.136231,157.900543,11.035629,85.164185
164840.177523,157.722336,10.806503,85.341141
164840.218828,157.984619,10.887253,85.281937
164840.260124,157.801285,11.084717,85.819748
164840.301421,158.010391,10.801727,85.561127
164840.342718,157.840134,11.212814,85.648438
164840.384017,157.963837,10.802063,85.272995
164840.425317,157.740234,11.023514,85.064926
164840.466616,157.819534,10.953629,85.630249
164840.507916,157.755676,11.007355,85.386215
164840.549216,157.766190,10.889709,85.520554
164840.590516,157.828217,11.058334,85.449768
164840.631811,157.813293,10.920105,85.349380
164840.673115,157.709442,11.005692,85.422562
164840.714416,157.788895,11.076767,85.622101
164840.755711,157.553940,11.283035,85.573746
164840.797022,157.505844,11.185394,85.370041
164840.838323,157.719070,10.994278,85.463898
164840.879616,157.739975,11.115021,85.720139
164840.920925,157.617661,11.035706,85.568176
164840.962226,157.677444,11.165192,85.445251
164841.003527,157.585403,11.131927,85.650360
164841.044828,157.985657,11.075058,85.689331
164841.086122,157.728729,11.334427,85.877090
164841.127432,157.835678,11.014175,85.419418
164841.168734,157.753677,11.114624,85.230820
164841.210036,157.719833,11.344376,85.762466
164841.251330,157.750198,11.184250,85.411453
164841.292638,157.883698,11.103607,85.418228
164841.333931,157.503677,11.102646,85.743057
164841.375238,157.690353,10.930954,85.493332
164841.416538,157.646561,10.919922,85.657516
164841.457838,157.526596,10.871246,85.865158
164841.499136,157.725510,10.836594,85.829315
164841.540432,157.627838,11.032135,85.615234
164841.581730,157.674683,11.152740,85.470139
164841.623031,157.575775,10.932220,86.031631
164841.664331,157.646423,11.129944,85.438934
164841.705633,157.754517,10.984924,85.341843
164841.746933,157.642502,11.086761,85.418396
164841.788233,157.631302,10.872742,85.204239
164841.829533,157.606018,10.953079,85.196808
164841.870832,157.727173,11.058029,84.909637
164841.912124,157.548676,10.955627,85.185638
164841.953427,157.348099,11.314270,85.380142
164841.994736,157.357437,11.319443,85.340363
164842.036037,157.388885,11.377853,85.460495
164842.077332,157.602173,11.255188,85.394226
164842.118639,157.565369,11.030853,85.094620
164842.159938,157.557678,11.182220,85.325699
164842.201237,157.636978,11.020905,85.312576
164842.242531,157.506516,11.120560,85.913925
164842.283836,157.824387,10.969635,85.595154
164842.325135,157.567169,11.217209,85.469803
164842.366432,157.811813,10.960236,85.431366
164842.407728,157.621201,11.023438,85.461197
164842.449019,157.668564,11.032730,85.390213
164842.490324,157.817734,10.736588,85.797516
164842.531622,157.888138,10.922211,85.595795
164842.572922,157.826797,10.788147,85.634048
164842.614223,157.839203,10.832077,85.373047
164842.655524,157.874329,10.897766,85.583191
164842.696828,157.927429,10.970062,85.562271
164842.738134,157.770142,10.889084,85.633163
164842.779435,157.777206,10.953430,85.287048
164842.820740,157.666992,11.068939,85.310883
164842.862051,157.801117,10.882660,85.505219
164842.903349,157.757874,11.050522,85.564240
164842.944653,157.883316,11.209625,86.055634
164842.985956,157.624802,11.155228,85.756134
164843.027265,157.520157,11.239838,85.479645
164843.068568,157.753281,11.084595,85.817322
164843.109870,157.774994,10.875763,85.504822
164843.151172,157.682007,10.790634,85.828293
164843.192468,157.796158,11.060532,85.479370
164843.233769,157.838959,10.889801,85.707245
164843.275081,157.688568,11.070007,85.394318
164843.316379,157.713028,10.894333,85.426514
164843.357689,157.653717,10.956223,85.581482
164843.398993,157.652435,10.783722,85.840225
164843.440290,157.930054,10.988922,85.664734
164843.481598,157.765091,11.076553,85.734726
164843.522895,157.741257,11.184174,85.711258
164843.564201,157.664505,11.277115,85.496933
164843.605506,157.603363,11.187225,85.310181
164843.646809,157.646591,11.111786,85.585419
164843.688114,157.653381,11.051239,85.202621
164843.729407,157.795441,10.916565,85.343155
164843.770713,157.633392,10.897949,85.615173
164843.812014,157.520660,11.311707,85.679245
164843.853313,157.634613,11.029434,85.176529
164843.894613,157.271988,11.194458,85.978149
164843.935912,157.765030,11.213348,85.587982
164843.977212,157.553726,10.998306,85.607605
164844.018511,157.526215,11.392670,85.452347
164844.059809,157.652664,11.218140,85.744659
164844.101109,157.510483,11.350754,85.561295
164844.142410,157.508698,11.456558,85.139130
164844.183704,157.583939,11.074570,85.161148
164844.225013,157.484283,11.337418,85.471573
164844.266308,157.650604,11.214172,85.305466
164844.307615,157.751648,11.046188,85.583099
164844.348917,157.745239,11.098038,85.378815
164844.390220,157.750153,11.026291,85.219543
164844.431516,157.669479,11.044250,85.265274
164844.472823,157.596207,10.969360,85.279114
164844.514124,157.725739,11.014801,85.111511
164844.555423,157.699509,11.069412,85.419434
164844.596723,157.727341,11.185867,85.511917
164844.638020,157.685898,11.007080,85.203033
164844.679320,157.689651,11.258072,85.314514
164844.720618,157.558273,11.165192,85.111588
164844.761911,157.714813,11.022247,85.221970
164844.803215,157.706589,11.075195,85.250671
164844.844515,157.764648,11.203751,85.236954
164844.885815,157.687241,11.082886,85.061066
164844.927110,157.722443,11.180511,85.196564
164844.968403,157.515137,11.137390,84.927994
164845.009709,157.748505,11.051971,84.909531
164845.051010,157.525208,11.166962,85.149124
164845.092310,157.640060,11.280930,84.928436
164845.133609,157.584351,10.787399,85.095245
164845.174900,157.691406,11.136810,84.973724
164845.216205,157.527939,11.023041,85.082840
164845.257498,157.604279,11.290298,84.890961
164845.298805,157.707230,10.992081,85.001358
164845.340101,157.826111,11.016312,84.966324
164845.381401,157.662766,10.957001,84.800735
164845.422708,157.819168,11.006943,85.206680
164845.464008,157.683243,11.047684,84.957367
164845.505303,157.769379,10.918884,85.175140
164845.546610,157.749832,11.016785,85.087341
164845.587911,157.654938,11.043564,85.032608
164845.629205,157.577316,11.133591,84.987503
164845.670512,157.589890,10.889832,84.998138
164845.711807,157.706985,11.127716,85.057526
164845.753116,157.669571,11.102600,85.107529
164845.794417,157.500961,11.112183,84.895218
164845.835710,157.740143,10.933411,84.659119
164845.877014,157.739914,11.009048,84.962860
164845.918312,157.890289,11.037292,85.133743
164845.959610,157.899063,10.922363,84.689468
164846.000911,157.757919,11.048859,85.117676
164846.042211,157.802750,10.862289,84.957947
164846.083511,157.822006,10.924316,85.007767
164846.124804,157.674393,11.073044,84.889572
164846.166112,157.710007,11.150101,85.063492
164846.207409,157.614639,11.103638,84.843689
164846.248711,157.519638,11.266937,85.102341
164846.290011,157.738266,11.100311,84.635910
164846.331314,157.549271,10.986649,85.027802
164846.372609,157.712631,11.041000,85.226105
164846.413916,157.435425,11.284348,85.044662
164846.455217,157.762405,11.101608,85.121796
164846.496517,157.951859,11.032516,85.286041
164846.537815,157.645401,11.147781,84.978119
164846.579116,157.946747,11.296524,85.091690
164846.620409,157.915192,11.013809,85.349731
164846.661710,157.834778,11.183762,85.385162
164846.703008,157.671799,11.013275,85.191772
164846.744306,157.695755,10.974060,84.843170
164846.785611,157.844299,10.925522,85.313583
164846.826905,157.677536,10.999908,85.372971
164846.868206,157.742264,10.961609,85.299957
164846.909507,157.646408,11.045547,85.491287
164846.950813,157.663116,10.892029,85.257538
164846.992110,157.763046,10.910889,85.282562
164847.033403,157.976486,10.681885,85.669128
164847.074709,158.008499,10.571869,85.439697
164847.116000,157.873474,10.916199,85.405365
164847.157299,157.789337,10.913803,85.309784
164847.198604,157.741714,10.987701,85.329880
164847.239902,158.119919,10.597412,85.154022
164847.281198,157.731064,10.910889,85.526749
164847.322493,157.768234,10.726364,85.234283
164847.363790,157.811539,10.727417,85.256927
164847.405087,157.639771,10.895584,85.159775
164847.446379,157.775970,10.785278,85.140472
164847.487685,157.747864,11.028183,85.122345
164847.528979,157.906082,10.659760,85.393158
164847.570285,157.983688,10.724152,85.352219
164847.611584,157.971832,10.529388,85.150925
164847.652883,157.943329,10.866684,85.090057
164847.694181,158.029327,10.447739,84.877472
164847.735479,158.039108,10.741470,85.320221
164847.776775,158.082413,10.710785,85.351578
164847.818070,157.973267,10.720779,85.308182
164847.859367,158.071426,10.657455,85.026718
164847.900663,157.994858,10.727798,85.415436
164847.941959,157.929718,10.643829,85.475388
164847.983252,158.183273,10.438461,85.262253
164848.024558,158.353226,10.652466,85.664963
164848.065854,158.437424,10.408325,85.341721
164848.107152,158.116928,10.607697,85.373474
164848.148446,158.199799,10.525421,85.553864
164848.189746,157.865585,10.626755,85.136642
164848.231055,158.433548,10.730438,84.871201
164848.272354,158.161850,10.515396,85.160492
164848.313648,158.213547,10.803986,85.200882
164848.354950,158.027954,10.797043,85.243500
164848.396258,157.972809,10.967133,85.351273
164848.437556,158.157288,10.845596,85.029602
164848.478858,158.132812,10.916153,84.898224
164848.520159,158.087448,10.891510,84.701645
164848.561461,158.022583,10.695160,85.222305
164848.602761,158.088943,10.835541,85.135910
164848.644057,158.244415,10.684982,85.098709
164848.685359,157.982422,10.703552,85.205200
164848.726666,157.989456,10.793503,85.422684
164848.767965,158.056442,10.747681,85.460617
164848.809262,157.874084,10.636780,85.430847
164848.850563,158.156815,10.764450,85.301208
164848.891858,157.931183,10.493942,85.328384
164848.933168,158.185852,10.590485,85.362244
164848.974470,158.042145,10.761902,85.307404
164849.015772,158.025345,10.780197,85.295166
164849.057072,158.004639,11.006897,85.185623
164849.098373,158.227386,10.677353,85.122803
164849.139671,157.893005,10.741196,85.294418
164849.180979,157.939331,10.674164,85.240219
164849.222282,157.976746,10.678604,85.336273
164849.263584,158.153748,10.523178,85.395142
164849.304881,157.975754,10.547318,85.552399
164849.346190,157.994003,10.661575,85.373077
164849.387484,157.858871,10.876434,85.434311
164849.428790,157.978912,10.792618,85.377869
164849.470090,157.798523,10.989319,85.442001
164849.511384,157.898666,10.762863,85.549072
164849.552690,158.199448,10.831284,85.544189
164849.593986,157.858810,10.897217,85.255112
164849.635289,157.833542,10.895737,85.315765
164849.676598,157.794678,11.003708,85.193405
164849.717899,157.968033,10.892365,85.294846
164849.759201,158.021210,10.931976,84.857635
164849.800497,157.952698,11.010712,85.077667
164849.841800,157.824387,11.073761,85.283508
164849.883100,157.949081,10.905182,85.075928
164849.924392,157.968918,10.608795,85.006958
164849.965699,157.828918,10.803177,85.255569
164850.006998,157.647720,11.050827,85.318405
164850.048299,157.585739,11.148041,85.361359
164850.089600,157.766342,10.969604,85.345001
164850.130896,157.892578,11.022812,85.521378
164850.172203,157.831100,11.181778,85.119583
164850.213504,157.767685,10.999146,85.070709
164850.254804,157.782959,11.075378,85.222092
164850.296102,157.888092,10.970245,85.177444
164850.337399,157.922394,10.909576,85.230972
164850.378695,158.065048,10.913269,84.876358
164850.419993,157.935760,11.024704,85.081314
164850.461290,157.835983,10.996109,85.011612
164850.502589,158.071472,10.721481,85.427414
164850.543885,158.032654,10.776825,85.364716
164850.585183,158.026154,10.736069,85.394394
164850.626482,157.960098,10.528198,85.133194
164850.667787,157.806213,10.739288,84.955841
164850.709087,157.932510,10.933426,85.155441
164850.750389,158.059128,10.730423,85.183624
164850.791682,157.938507,10.765396,84.943115
164850.832988,157.913681,10.875717,85.269623
164850.874288,157.962906,11.110733,85.090225
164850.915579,158.212463,11.005920,84.784790
164850.956885,157.998901,10.942169,85.117416
164850.998186,157.965668,10.937698,85.234543
164851.039486,157.925537,10.908905,85.229309
164851.080779,158.179367,10.862183,85.271408
164851.122080,158.132401,10.868713,85.317337
164851.163385,158.112747,10.771561,85.594727
164851.204685,158.085724,10.955292,85.151291
164851.245986,158.203918,11.133621,84.987701
164851.287287,158.080856,11.028015,85.035767
164851.328587,158.211151,11.091721,85.591354
164851.369886,158.058426,11.177185,85.271896
164851.411181,157.827438,11.155045,85.254379
164851.452484,158.089096,11.106659,85.399246
164851.493785,158.037170,11.151413,85.405396
164851.535088,158.144730,11.012100,85.407791
164851.576387,157.921234,10.995239,85.171753
164851.617683,157.790970,11.016724,85.194778
164851.658984,157.902924,11.114410,85.375793
164851.700295,158.088348,11.206375,85.517441
164851.741596,157.936218,11.104462,85.686737
164851.782891,157.930420,10.936966,85.397430
164851.824198,157.809631,10.913284,85.214188
164851.865499,157.919205,10.768631,85.179901
164851.906794,158.058243,11.040680,85.054214
164851.948096,157.825302,11.065704,84.953964
164851.989396,157.977722,11.059052,85.086060
164852.030705,158.029587,10.893341,85.498123
164852.072000,158.131165,10.933395,85.433411
164852.113300,157.825165,10.959366,85.511063
164852.154606,157.845963,11.079086,85.219330
164852.195908,157.685623,11.040848,84.991562
164852.237203,157.780472,10.872604,85.191574
164852.278512,157.894272,10.916016,85.253830
164852.319813,157.798447,11.054657,85.592926
164852.361111,157.953049,10.926392,85.321884
164852.402403,157.803452,10.987442,85.656006
164852.443706,157.626678,10.876587,85.641068
164852.485008,157.818512,11.000900,85.415344
164852.526313,157.809128,10.984818,85.301376
164852.567613,157.904938,10.994217,85.450806
164852.608913,157.735306,11.188690,85.421097
164852.650212,157.855865,11.155975,85.049011
164852.691513,157.929626,11.025772,84.923706
164852.732814,158.017303,10.946609,85.079773
164852.774112,158.014771,10.967773,85.346268
164852.815404,157.961548,11.048080,85.247101
164852.856711,157.839661,11.204254,85.078369
164852.898006,157.912766,10.737289,85.215546
164852.939305,157.915070,10.907120,85.135422
164852.980612,158.124359,10.986771,85.190109
164853.021911,158.147736,11.001389,85.025558
164853.063211,157.921188,11.023407,84.928116
164853.104510,158.054382,10.896133,85.165390
164853.145804,158.126404,10.872986,84.781097
164853.187108,157.992691,11.044434,85.136948
164853.228407,158.017014,10.897568,84.644333
164853.269700,157.879913,11.171036,84.993500
164853.311008,157.945755,10.992599,84.962143
164853.352308,157.882507,10.898148,85.281128
164853.393603,157.960190,11.072891,85.106171
164853.434912,158.015350,11.061661,85.192886
164853.476213,157.865860,11.012817,84.858322
164853.517512,158.127686,10.738815,85.154419
164853.558812,158.023605,10.720840,84.925354
164853.600106,158.000305,10.727066,84.922211
164853.641413,158.000870,10.927887,85.347626
164853.682710,158.127579,10.906616,85.398666
164853.724020,158.015839,10.735199,85.179016
164853.765314,158.047241,10.665359,85.374359
164853.806621,158.270401,10.633942,85.451935
164853.847924,157.955460,10.897446,85.319534
164853.889220,157.964661,10.833359,85.314285
164853.930530,157.942108,11.004074,85.417801
164853.971827,157.941849,10.993927,85.463608
164854.013131,157.712280,11.021118,85.405151
164854.054432,157.775391,10.935333,85.493530
164854.095741,157.920410,10.912125,85.711029
164854.137042,158.048340,10.738464,85.365662
164854.178335,157.953705,10.796204,85.416168
164854.219637,157.931107,10.928284,85.357437
164854.260945,157.916504,10.819168,85.107162
164854.302241,158.109146,10.992966,85.189575
164854.343548,157.850311,10.753815,85.295242
164854.384843,158.113693,10.862244,85.317352
164854.426152,158.121307,10.831863,85.290222
164854.467446,157.949463,10.672852,85.274551
164854.508753,158.040375,10.861084,85.188126
164854.550049,158.105728,10.846085,85.452271
164854.591352,157.983734,10.655289,84.850449
164854.632652,158.040924,10.738800,85.318466
164854.673962,158.059402,11.004959,85.193161
164854.715263,158.121262,10.688812,85.238892
164854.756562,157.984894,10.939514,85.178741
164854.797866,158.047058,10.678787,85.164062
164854.839174,157.953049,10.737808,85.295013
164854.880480,157.918793,10.823868,84.847168
164854.921777,157.823563,11.034698,85.190109
164854.963088,157.786469,10.863556,84.918686
164855.004390,157.718445,10.871857,85.071884
164855.045688,157.851364,10.933853,85.098160
164855.086993,157.918533,10.679169,84.813370
164855.128296,157.780304,10.828705,84.979446
164855.169600,157.825394,10.866318,85.282516
164855.210906,157.849609,10.725937,84.832703
164855.252215,158.019348,10.626083,84.874161
164855.293512,157.816238,10.820892,84.957443
164855.334815,157.937363,10.733704,85.169388
164855.376118,157.852310,10.748276,85.204788
164855.417421,157.636551,10.993225,85.339798
164855.458733,157.817581,10.893448,85.131042
164855.500032,157.917984,10.966614,85.179779
164855.541338,158.033798,10.832642,85.166916
164855.582642,157.749771,10.832413,85.128601
164855.623947,157.746750,11.099197,85.238617
164855.665254,157.571991,11.192535,85.429626
164855.706550,157.811935,10.979584,85.313400
164855.747857,157.742355,11.003357,85.328369
164855.789156,157.784332,10.923248,85.291092
164855.830451,157.905060,10.894867,85.201752
164855.871751,157.695206,10.914398,85.193954
164855.913059,158.049225,10.728958,85.291107
164855.954360,157.825531,10.819443,85.166138
164855.995656,157.895340,10.698990,85.027283
164856.036964,157.808578,10.898254,84.809250
164856.078265,157.730652,10.872543,84.850525
164856.119564,157.831161,10.863388,84.977356
164856.160862,157.791275,10.532761,85.051849
164856.202157,157.628479,10.953690,85.362335
164856.243464,157.788483,10.726196,85.085678
164856.284759,157.825668,10.826187,84.920929
164856.326061,157.752182,10.764175,85.041412
164856.367363,157.782990,10.741318,84.997559
164856.408673,157.820572,10.788818,84.957245
164856.449975,157.692123,11.003616,85.278748
164856.491278,157.910645,11.103851,84.976532
164856.532574,157.977295,10.793243,85.073288
164856.573879,157.798767,10.947678,85.056046
164856.615188,158.033813,10.842331,84.656021
164856.656486,158.096085,10.671448,84.744720
164856.697787,157.985596,10.968185,84.859543
164856.739098,158.035980,10.861542,85.103973
164856.780400,157.880936,10.931808,85.038651
164856.821698,157.834106,10.838913,84.959793
164856.863004,157.955429,10.730927,84.649261
164856.904314,157.848694,10.874268,84.415100
164856.945611,157.829788,10.795761,84.929459
164856.986915,157.667328,10.745300,85.019073
164857.028223,157.720840,10.921417,84.752869
164857.069517,157.781769,11.068893,84.917938
164857.110825,157.644455,11.078522,84.913315
164857.152126,157.702301,11.011551,84.897659
164857.193422,158.055267,10.993820,85.201660
164857.234731,158.005264,10.783920,85.224457
164857.276029,157.905869,11.039551,85.408752
164857.317332,158.222107,10.791977,85.066208
164857.358641,158.008484,10.926163,85.235672
164857.399938,157.944458,11.003098,84.865631
164857.441248,157.897751,10.911682,84.838028
164857.482545,158.003128,10.967438,84.633865
164857.523849,158.202377,10.780991,84.549713
164857.565152,158.368332,10.940536,84.537292
164857.606462,157.976181,10.988129,84.671432
164857.647764,157.751190,11.095062,84.775085
164857.689060,157.899216,11.108017,84.932678
164857.730368,158.131866,11.011856,84.867828
164857.771668,157.936020,11.005844,84.850128
164857.812964,158.054352,10.823792,84.523544
164857.854267,157.816986,11.098984,84.419846
164857.895576,158.030731,11.016357,84.634247
164857.936878,158.121552,10.703140,84.742569
164857.978173,157.949661,10.925430,84.826385
164858.019482,157.938782,10.941757,84.884705
164858.060777,157.928665,10.710037,84.638306
164858.102078,157.919342,10.826340,84.640717
164858.143380,157.808975,10.702148,84.852997
164858.184688,157.927185,10.681000,84.783020
164858.225989,157.794647,10.741608,85.000305
164858.267284,157.813828,10.743378,85.023285
164858.308587,157.807083,10.959869,85.191803
164858.349892,157.769058,11.009033,85.053360
164858.391195,157.624832,10.962280,85.145233
164858.432503,157.920303,10.885376,84.812485
164858.473804,157.546021,11.156494,85.365051
164858.515106,157.697784,10.938599,84.928360
164858.556405,157.755020,11.236404,84.895340
164858.597706,157.644501,10.942062,84.884613
164858.639007,157.675491,11.031311,84.809067
164858.680302,157.673203,10.970825,85.161621
164858.721603,157.983521,10.956650,85.129578
164858.762914,157.919205,10.997955,85.035568
164858.804208,157.952011,10.921585,84.820374
164858.845509,157.778519,10.916901,85.113617
164858.886809,157.780579,10.805466,84.865189
164858.928111,157.858292,10.849213,85.152878
164858.969415,158.007019,10.854156,84.688171
164859.010715,158.015381,10.631607,84.954880
164859.052017,157.996399,10.869736,84.776169
164859.093326,157.972809,10.862900,84.843567
164859.134622,158.133636,10.752731,84.921509
164859.175924,158.097565,10.723740,85.200195
164859.217231,157.969696,10.721558,85.164368
164859.258532,157.808731,10.862732,84.921463
164859.299825,157.861984,10.797363,84.968079
164859.341129,157.953186,10.997711,85.250885
164859.382433,158.105392,10.780823,84.992599
164859.423736,157.649612,10.996048,85.177353
164859.465042,157.893967,10.651459,85.075684
164859.506337,157.780289,10.803040,85.339630
164859.547646,157.862076,10.679337,85.329636
164859.588942,157.973419,10.733414,85.250031
164859.630245,157.794952,10.590073,85.450729
164859.671546,157.911972,10.795837,85.159241
164859.712849,157.938370,11.051895,85.198822
164859.754156,157.906723,10.931885,85.283676
164859.795450,158.022995,10.868652,85.374268
164859.836753,158.024887,11.035599,85.446365
164859.878059,157.647125,11.022827,85.168564
164859.919354,158.016220,10.865067,85.105927
164859.960656,157.904434,10.906342,84.858597
164860.001957,158.056320,11.035980,84.913498
164860.043260,157.928574,11.154724,85.039322
164860.084563,157.910965,10.722763,85.047562
164860.125867,157.951187,10.820816,84.996841
164860.167170,157.807419,10.725235,85.112717
164860.208478,157.775681,10.837662,84.999496
164860.249778,157.827499,10.691238,84.848770
164860.291071,157.820847,11.010483,84.865707
164860.332371,157.899780,10.694656,85.079529
164860.373680,157.895981,11.065994,85.423752
164860.414982,157.991302,11.011383,85.119293
164860.456278,158.104553,11.190887,85.134766
164860.497579,157.940552,10.893127,84.979645
164860.538885,157.936218,11.144180,84.588852
164860.580181,157.879318,11.090790,84.730103
164860.621489,157.970718,10.965073,84.869019
164860.662781,157.701279,11.035248,84.871399
164860.704091,157.850906,10.869797,85.005646
164860.745394,157.986008,10.736954,85.168533
164860.786687,157.946289,10.871964,85.094299
164860.827988,157.842209,10.689560,85.086334
164860.869289,157.891113,10.776047,85.190414
164860.910594,157.804962,10.926239,85.289993
164860.951903,157.919998,10.899597,85.262863
164860.993207,157.865036,11.036102,85.078430
164861.034505,157.748932,10.843018,85.442810
164861.075809,157.840790,11.110016,85.120010
164861.117113,157.935272,10.990845,85.495163
164861.158422,157.777710,11.210251,85.441269
164861.199718,157.951813,10.953949,85.587509
164861.241019,157.706924,11.414932,85.339462
164861.282322,157.733063,10.967743,85.361160
164861.323630,157.865112,11.078201,85.265854
164861.364925,157.742905,11.087936,85.071060
164861.406233,157.910538,11.050537,85.363190
164861.447526,157.877975,11.084518,85.653931
164861.488828,157.709793,11.179733,85.367508
164861.530136,157.917038,11.037781,85.225815
164861.571431,157.629761,11.137131,84.769821
164861.612732,157.836243,10.911819,85.243988
164861.654042,157.737610,11.161179,85.064377
164861.695338,157.991974,11.028748,85.011719
164861.736639,157.914551,10.889435,85.005417
164861.777942,157.898651,10.965103,84.877197
164861.819244,158.042511,10.897156,84.877487
164861.860551,157.746292,10.848938,84.772324
164861.901846,158.006805,10.950912,85.208145
164861.943156,157.806625,11.005814,85.483231
164861.984459,157.991165,10.830872,84.966599
164862.025753,157.953003,10.744415,85.229874
164862.067054,157.964172,10.791138,85.129532
164862.108356,157.975891,11.051620,85.167511
164862.149666,158.144882,10.459503,85.543915
164862.190967,158.057175,11.010101,85.504837
164862.232270,158.203934,10.949493,85.094650
164862.273571,158.200928,10.992859,84.778992
164862.314870,158.003693,10.815308,85.525330
164862.356166,158.204041,10.906174,85.329468
164862.397466,158.190552,10.840317,85.253098
164862.438774,158.086685,10.675842,85.433228
164862.480069,157.882935,10.801300,85.629211
164862.521373,157.928299,10.752792,85.552689
164862.562682,158.069321,10.852371,85.651535
164862.603984,157.988113,10.899155,85.498825
164862.645278,158.155228,10.805984,85.288574
164862.686587,158.033295,10.835419,85.428131
164862.727885,158.028961,10.947952,85.492538
164862.769193,158.226730,10.824295,85.181870
164862.810494,158.182541,10.734604,85.536072
164862.851790,157.932251,10.892151,85.360413
164862.893091,158.131027,10.935974,85.614182
164862.934394,158.143845,10.833359,85.672318
164862.975702,158.102448,10.945114,85.740387
164863.016998,157.733383,10.765884,85.808304
164863.058299,157.835434,10.904785,85.558167
164863.099602,157.892761,10.649948,85.752518
164863.140906,157.987839,10.956177,85.292328
164863.182211,158.073563,10.535355,85.147552
164863.223518,157.889191,10.926559,85.320251
164863.264821,158.048965,10.837662,85.470612
164863.306125,157.945114,10.935501,85.394333
164863.347428,157.912048,11.066803,85.363510
164863.388731,158.098526,10.684723,85.101639
164863.430041,158.098190,10.935364,85.281067
164863.471337,158.090012,10.664948,85.200958
164863.512643,158.112656,10.696060,85.329361
164863.553955,158.153122,10.691315,85.468872
164863.595255,158.107162,10.699249,85.407532
164863.636559,158.115906,10.691116,85.502991
164863.677865,157.955032,10.683151,85.251770
164863.719169,158.057556,10.686356,85.453354
164863.760475,158.132004,10.657608,85.395493
164863.801779,158.013489,10.622757,85.038055
164863.843084,157.852859,10.762253,85.181244
164863.884388,157.853256,10.672958,85.395370
164863.925693,157.848618,10.888229,85.086380
164863.966998,157.971954,10.718292,85.363678
164864.008303,157.783524,10.802505,85.177322
164864.049608,157.777786,10.750824,85.149826
164864.090912,157.774292,10.916412,85.080719
164864.132214,157.856827,10.734543,85.011581
164864.173513,157.923843,10.641479,85.164291
164864.214813,157.880493,10.749237,85.328384
164864.256116,157.697906,10.879044,85.195190
164864.297419,158.062485,10.826599,85.159027
164864.338721,158.096924,10.706589,85.378616
164864.380022,157.918640,10.689438,85.271011
164864.421326,158.009567,10.756058,85.524643
164864.462635,158.041367,10.580032,85.474854
164864.503930,157.843536,10.728302,85.368820
164864.545233,158.227417,10.779556,85.229767
164864.586538,158.133438,10.519028,85.607178
164864.627843,158.077362,10.784363,85.080582
164864.669148,158.173752,10.785309,85.495468
164864.710451,157.982025,11.050262,85.482193
164864.751755,157.975189,10.916153,85.330048
164864.793055,158.109772,10.797134,85.463699
164864.834362,157.770187,10.884109,85.263260
164864.875660,158.090332,10.803802,85.587860
164864.916963,158.024994,10.819626,85.357315
164864.958265,157.961426,11.052963,85.316772
164864.999570,158.034210,10.773605,85.403305
164865.040866,157.989517,10.797684,85.400284
164865.082158,157.942001,10.684830,85.241547
164865.123461,157.998535,10.785889,85.601517
164865.164763,157.913925,10.809631,85.135864
164865.206062,158.130447,10.740265,85.327591
164865.247371,158.070541,10.659729,85.123260
164865.288668,158.162048,10.906815,85.087448
164865.329972,157.998184,11.024429,85.404404
164865.371277,158.081406,10.782883,85.356598
164865.412581,157.898865,10.801041,85.363312
164865.453887,157.866119,10.902328,85.292725
164865.495190,157.929291,10.782806,85.541580
164865.536497,158.040726,10.865387,85.511063
164865.577795,157.996597,10.925156,85.418686
164865.619100,158.178589,10.739807,85.527039
164865.660404,158.052063,10.950516,85.428009
164865.701705,158.079391,10.824814,85.645233
164865.743009,158.126373,10.908539,85.624557
164865.784318,158.154099,10.681152,85.328125
164865.825615,157.931046,11.005173,85.627670
164865.866918,158.041809,10.728912,85.418915
164865.908220,157.864304,10.869034,85.651749
164865.949521,158.144516,10.802383,85.237808
164865.990822,158.044754,10.863205,85.379486
164866.032126,158.006683,10.879791,85.283585
164866.073436,157.863083,10.870941,85.227249
164866.114732,157.961716,10.924438,85.437256
164866.156036,157.937149,10.686203,85.283524
164866.197340,157.988449,10.739914,85.476318
164866.238643,157.843597,10.656662,85.599396
164866.279946,157.961349,10.929749,85.422729
164866.321251,157.921356,10.866745,85.357193
164866.362555,157.909821,10.828674,85.639755
164866.403860,157.989594,10.926926,85.393433
164866.445165,157.943024,11.013519,85.366623
164866.486471,158.065094,10.804611,85.484818
164866.527777,157.985733,10.918365,85.514999
164866.569081,157.985458,10.660461,85.140030
164866.610386,157.970123,10.652679,85.421341
164866.651690,158.026123,10.891251,85.551132
164866.692994,158.161911,10.701096,85.357224
164866.734296,157.928513,10.775253,85.446762
164866.775599,157.968353,10.912857,85.397156
164866.816903,157.922501,10.744827,85.368683
164866.858208,157.904449,10.648300,85.248795
164866.899514,157.809204,10.864502,85.218658
164866.940818,157.873840,10.854370,85.079773
164866.982124,157.985550,10.880920,85.414444
164867.023428,157.857239,10.817566,85.552658
164867.064732,157.846466,10.865189,85.452484
164867.106037,157.928421,10.778152,85.570038
164867.147343,157.916046,10.710526,85.630692
164867.188649,157.895416,10.681732,85.693115
164867.229955,157.985291,10.752029,85.233383
164867.271263,157.816040,10.789703,85.310822
164867.312572,157.711624,10.643051,85.435928
164867.353881,158.031448,10.552383,85.627914
164867.395187,157.866867,10.685745,85.010422
164867.436490,157.870956,10.620087,85.314560
164867.477801,157.764923,10.994308,85.306656
164867.519098,157.971481,10.791489,85.264893
164867.560409,157.841812,10.759506,85.657684
164867.601710,157.947418,10.676895,85.625885
164867.643015,157.704773,10.906921,85.750900
164867.684324,157.762894,10.781723,85.473709
164867.725622,157.781876,10.980148,85.461395
164867.766925,157.968399,10.892380,85.537323
164867.808235,157.832764,10.924927,85.447449
164867.849529,157.881958,10.657562,85.244690
164867.890832,157.755325,10.615921,85.442184
164867.932140,157.901337,10.721039,85.309494
164867.973437,157.882492,10.764816,85.463516
164868.014740,157.886627,10.733841,85.518402
164868.056046,157.864899,10.923416,85.443466
164868.097348,157.940842,10.978149,85.182220
164868.138653,157.976013,10.779282,85.376663
164868.179957,158.066711,10.938507,85.196960
