128705.422357,143.139542,10.425491,122.535858
128705.463644,143.106461,10.273895,122.845306
128705.504931,143.152374,9.922714,122.765640
128705.546220,143.011597,10.173645,122.710785
128705.587508,143.163956,10.109268,122.576340
128705.628798,143.091370,9.934280,122.907059
128705.670087,143.012238,10.119247,122.826767
128705.711375,142.849731,10.285812,122.841232
128705.752665,143.137833,9.880524,122.459000
128705.793953,143.377670,10.415970,122.630936
128705.835244,143.176010,10.300049,122.756760
128705.876534,143.154510,10.156738,122.746979
128705.917826,143.103958,10.386322,122.572388
128705.959115,143.178024,10.328888,122.702682
128706.000403,143.175537,10.090546,122.669312
128706.041690,143.237930,10.301163,122.634338
128706.082977,143.121368,10.034973,122.587509
128706.124266,143.157852,10.196259,122.756378
128706.165555,143.091125,10.065659,122.517471
128706.206844,142.883789,10.045670,122.756012
128706.248130,142.862762,9.964249,122.558701
128706.289418,143.000107,10.254547,122.605560
128706.330707,143.239304,10.078186,122.494858
128706.371993,143.061859,10.149719,122.474503
128706.413282,142.996124,10.330536,122.477325
128706.454570,143.414047,9.970367,122.881317
128706.495858,143.269897,10.095825,122.611938
128706.537147,143.576431,9.828232,122.761429
128706.578436,143.435150,10.145081,122.329102
128706.619725,143.056808,10.277115,122.625198
128706.661013,143.112778,10.253479,122.258774
128706.702301,143.289993,10.169876,122.386520
128706.743591,143.123840,10.339508,122.470352
128706.784882,143.186905,10.110809,122.421356
128706.826170,143.254257,10.066299,122.693161
128706.867459,143.081070,9.993362,122.477676
128706.908750,142.974518,10.313858,122.624924
128706.950042,143.037598,10.149475,122.747665
128706.991333,143.436111,9.940567,122.582230
128707.032624,143.378967,9.810684,122.528534
128707.073913,143.251160,9.822098,122.837631
128707.115200,143.233017,10.167358,122.678650
128707.156486,143.294464,10.137009,122.880814
128707.197774,143.289978,10.308807,123.065384
128707.239060,143.072205,10.057968,122.962433
128707.280347,143.255157,10.016663,122.630676
128707.321636,143.277664,10.155548,122.781601
128707.362926,143.224335,10.467697,122.583923
128707.404216,143.075699,10.270065,122.921814
128707.445506,143.252716,10.198761,122.653198
128707.486797,143.058289,10.206482,122.647949
128707.528089,142.925461,10.171082,122.935608
128707.569380,142.985596,10.155884,122.981995
128707.610670,143.011429,10.162140,123.001114
128707.651959,142.930130,10.158798,122.801132
128707.693251,142.870941,10.235275,122.827362
128707.734543,143.145737,10.420822,123.002045
128707.775833,143.364853,10.404312,122.996704
128707.817122,142.982697,10.451904,122.678696
128707.858413,142.832428,10.526688,122.711426
128707.899706,142.840668,10.239716,122.766876
128707.940999,142.739639,10.388397,122.830231
128707.982290,143.211929,10.340012,122.770798
128708.023583,142.976730,10.317596,122.752243
128708.064875,143.068573,10.285309,122.613373
128708.106167,142.819275,10.265366,122.921158
128708.147461,143.025650,10.044937,122.791092
128708.188751,143.098129,10.148102,122.677750
128708.230044,142.941010,10.027252,122.852325
128708.271333,143.048553,10.168121,122.830307
128708.312623,143.026642,10.184448,122.879318
128708.353914,143.171097,10.097687,122.867661
128708.395206,143.047150,10.101517,122.786530
128708.436499,143.101807,10.262115,122.989258
128708.477792,143.006485,10.444717,122.623856
128708.519087,143.131348,10.138885,122.742020
128708.560381,143.082199,10.361115,122.519806
128708.601672,142.966003,10.262924,122.726425
128708.642964,142.978058,10.212448,122.805954
128708.684254,142.967438,9.997284,122.546616
128708.725544,143.005905,10.117310,122.639893
128708.766833,142.856049,10.195938,122.539703
128708.808122,142.907059,10.009811,122.286530
128708.849409,143.034225,10.304276,122.588074
128708.890698,142.997910,10.061005,122.640320
128708.931985,143.108322,10.197678,122.343811
128708.973276,143.112640,9.989609,122.612061
128709.014567,143.077026,10.200607,122.696014
128709.055861,143.221909,10.282730,122.627808
128709.097152,143.348083,10.187119,122.675125
128709.138445,142.963486,10.114761,122.148285
128709.179736,142.928772,10.216034,122.818024
128709.221026,142.983856,10.140472,122.817719
128709.262317,143.192902,10.089920,122.456482
128709.303608,142.957184,10.009476,122.485474
128709.344900,143.201569,10.003555,122.408920
128709.386191,143.115082,10.063202,122.483398
128709.427484,143.124619,10.144333,122.332336
128709.468775,143.036301,10.100906,122.666046
128709.510065,143.087189,10.280838,122.334671
128709.551355,143.163071,10.095413,122.873932
128709.592647,143.064331,10.313736,122.853485
128709.633938,143.158524,10.184692,122.882309
128709.675229,143.048981,10.335159,122.795380
128709.716519,143.080963,10.374222,122.783646
128709.757810,143.038025,10.352707,122.320023
128709.799103,143.137024,10.241470,122.430222
128709.840393,143.027969,10.148956,122.274780
128709.881687,143.023743,10.268692,122.523239
128709.922980,143.138397,10.240005,122.259766
128709.964275,142.884232,10.194153,122.600220
128710.005567,143.189194,9.826935,122.455078
128710.046859,142.893753,10.270355,122.757462
128710.088149,142.884186,10.129913,122.677673
128710.129441,143.218933,10.012787,122.846298
128710.170731,142.930099,10.009766,122.823837
128710.212023,142.915649,10.056793,122.895203
128710.253316,143.102341,10.194321,122.511032
128710.294608,143.084076,10.004669,122.854614
128710.335898,143.129501,10.151886,122.593109
128710.377188,143.040802,10.331894,122.579330
128710.418480,143.133392,10.054886,122.337524
128710.459769,143.148636,10.002594,122.477158
128710.501060,143.028961,10.186005,122.828598
128710.542350,143.080994,9.965179,122.374207
128710.583638,143.157623,9.861038,122.667404
128710.624926,142.890457,9.627411,122.848846
128710.666216,142.976959,9.865112,122.671829
128710.707507,142.903244,9.988113,122.772888
128710.748797,142.853836,10.118851,122.566711
128710.790088,142.961746,9.992874,122.653748
128710.831378,143.059357,10.106354,122.924713
128710.872669,142.889557,10.113007,122.931961
128710.913959,143.199722,10.086639,122.884644
128710.955248,143.181839,10.257370,123.396927
128710.996538,143.055496,10.162964,122.776627
128711.037828,143.127289,10.136292,122.823471
128711.079119,143.223114,9.953781,122.769180
128711.120413,143.288681,9.894073,122.620071
128711.161707,143.189697,10.095230,122.647171
128711.202999,143.224380,9.944031,122.764725
128711.244288,143.042572,9.991409,122.689774
128711.285580,143.067703,10.105865,122.838638
128711.326870,143.101212,9.992065,122.708084
128711.368162,143.082962,9.867554,122.715958
128711.409454,142.927002,10.179611,122.647385
128711.450747,143.091461,10.197311,123.044769
128711.492039,143.147324,9.957230,122.509460
128711.533334,143.192169,10.150940,122.760498
128711.574625,143.085480,10.151245,122.760132
128711.615914,143.155167,10.082901,122.784943
128711.657206,143.169754,10.168793,122.553162
128711.698497,143.060776,10.389557,123.047958
128711.739788,143.033859,9.969955,122.425980
128711.781078,143.073715,10.349838,122.587616
128711.822369,143.036942,10.176804,122.620728
128711.863660,142.937592,10.127243,122.582596
128711.904952,143.046539,10.099823,122.707489
128711.946243,142.955704,9.942169,123.069794
128711.987535,143.115677,10.063538,122.685486
128712.028827,142.891708,10.142548,122.535339
128712.070121,142.896896,10.130020,122.846237
128712.111415,143.129211,10.054962,122.727402
128712.152706,143.143906,10.179779,122.799377
128712.193996,143.146988,10.271637,122.587662
128712.235289,143.162857,10.392899,122.582962
128712.276580,143.022919,10.273041,122.509918
128712.317872,143.273697,10.352768,122.342056
128712.359162,143.193298,10.225861,122.457840
128712.400453,143.098465,10.263672,122.176880
128712.441743,143.370346,9.806427,122.582947
128712.483034,143.215103,9.970490,122.630081
128712.524323,143.129517,10.149582,122.349182
128712.565613,142.954208,9.877106,122.248047
128712.606904,143.330856,9.856491,122.279022
128712.648198,143.219299,10.158981,122.292618
128712.689490,143.142487,10.150299,122.509491
128712.730782,143.082367,10.316895,122.520462
128712.772075,143.095779,10.156647,122.389969
128712.813366,143.183121,10.349518,122.376251
128712.854658,143.247238,9.997925,122.670624
128712.895949,143.333740,10.153671,122.496414
128712.937241,143.360764,9.932632,122.673508
128712.978532,143.311996,10.192581,122.423889
128713.019822,143.262817,10.159958,122.414688
128713.061111,143.131027,10.300171,122.533966
128713.102402,143.010727,10.191208,122.562424
128713.143691,143.090485,10.200363,122.185257
128713.184980,143.249374,10.082596,122.172379
128713.226271,143.266357,10.109558,122.031265
128713.267562,143.181641,10.164520,122.599167
128713.308854,143.180649,10.067917,122.756516
128713.350143,143.110489,10.154816,122.818054
128713.391434,143.221863,10.021973,122.804092
128713.432727,143.182159,10.289001,122.129959
128713.474021,143.137939,10.255478,122.577698
128713.515315,143.222931,10.084641,122.492203
128713.556608,143.034241,10.287338,122.332809
128713.597902,143.283173,10.186050,122.225006
128713.639199,143.236130,10.012192,122.182617
128713.680492,143.144272,10.376770,122.170334
128713.721786,143.091095,10.377167,122.277328
128713.763080,143.315887,10.010101,122.482864
128713.804375,143.216721,10.142105,122.266922
128713.845668,143.284775,10.198273,122.152924
128713.886961,143.258347,9.999359,122.253723
128713.928255,143.123978,9.957626,122.279190
128713.969551,143.186279,10.113525,122.544708
128714.010843,143.034546,10.070648,122.043961
128714.052139,142.943497,10.344498,122.289536
128714.093435,143.264526,10.190491,122.234756
128714.134727,143.049026,10.425690,122.288651
128714.176019,142.993301,10.216599,122.136078
128714.217311,143.194916,10.337479,121.958252
128714.258604,142.944077,10.260406,122.074692
128714.299899,142.882065,10.245102,121.732574
128714.341194,143.082748,10.040451,122.251572
128714.382488,142.967758,10.035446,122.170074
128714.423782,143.140610,10.069077,122.114685
128714.465076,143.046173,10.066818,122.174072
128714.506367,143.371277,10.069901,122.056732
128714.547660,143.185181,10.155090,122.459579
128714.588953,143.147232,10.407425,122.449188
128714.630245,143.053864,10.257004,122.382263
128714.671538,143.289856,10.141098,122.487808
128714.712831,143.263092,10.208588,122.322693
128714.754126,143.167175,10.089111,122.587448
128714.795420,143.161224,10.342377,122.256165
128714.836715,143.217773,10.097641,122.411057
128714.878013,142.992981,10.349289,122.376297
128714.919307,143.202667,10.198883,122.248459
128714.960603,143.050934,10.096802,122.256805
128715.001898,143.064804,9.968750,122.268738
128715.043191,143.026901,10.020523,122.547516
128715.084485,143.245590,9.871384,122.479813
128715.125778,143.100098,9.895767,122.403366
128715.167072,143.197342,9.827377,122.584183
128715.208365,143.080200,10.057541,122.656067
128715.249659,143.143051,10.337189,122.519287
128715.290955,143.153442,10.179031,122.601074
128715.332251,143.152786,9.997772,122.595291
128715.373544,143.303528,9.956985,122.388763
128715.414837,143.248978,9.862839,122.456406
128715.456132,143.341537,9.850647,122.499832
128715.497425,143.359406,9.969315,122.373840
128715.538719,143.297653,9.940048,122.588791
128715.580013,143.232468,9.899857,122.255386
128715.621307,143.039215,9.852722,122.371277
128715.662601,143.239731,10.105682,122.600128
128715.703894,143.151138,9.871582,122.436142
128715.745188,143.170547,9.928726,122.498444
128715.786485,143.211685,9.908936,122.648438
128715.827781,143.164764,9.926651,122.697937
128715.869075,143.303116,9.992783,123.009506
128715.910368,143.285187,9.928207,122.886917
128715.951663,143.361877,9.938477,122.515625
128715.992958,143.127899,10.218552,122.167130
128716.034253,143.117172,10.102539,122.534988
128716.075547,142.870270,10.222107,122.604889
128716.116842,143.207153,10.252167,122.399994
128716.158135,143.156479,10.056625,122.617279
128716.199431,142.944794,10.030762,122.392838
128716.240729,142.881485,10.118698,122.774078
128716.282025,143.074265,10.121567,122.660233
128716.323320,142.862717,10.157761,122.982559
128716.364615,143.144058,9.837189,122.633789
128716.405908,143.213379,9.816315,122.837830
128716.447200,143.051712,9.880020,122.872772
128716.488495,143.115631,9.984024,122.555344
128716.529790,143.178848,10.083328,122.747772
128716.571084,143.352936,9.916977,122.659607
128716.612379,143.141586,9.983826,122.768967
128716.653671,143.198975,9.876221,122.777100
128716.694966,143.136581,9.802750,122.623138
128716.736263,143.104874,10.082947,122.803467
128716.777557,142.904526,10.064133,122.333572
128716.818848,143.132462,10.028885,122.841568
128716.860137,143.111313,10.116287,122.352875
128716.901430,143.027420,9.827225,122.537781
128716.942720,142.992538,10.056519,122.398331
128716.984010,142.984467,10.136887,122.603851
128717.025301,143.105026,10.137924,122.719254
128717.066592,143.141037,10.079559,122.815521
128717.107884,142.944092,10.021423,122.501633
128717.149175,143.158295,9.872360,122.841980
128717.190465,143.000534,10.194687,122.781967
128717.231755,142.956924,10.141846,122.894775
128717.273046,142.925430,10.045883,122.653412
128717.314338,142.959518,10.041855,122.382156
128717.355631,143.014603,9.863815,122.280609
128717.396923,143.231476,10.025787,122.619064
128717.438214,143.203644,9.862015,122.802490
128717.479505,143.087463,10.040009,122.575119
128717.520796,143.162430,10.045029,122.622726
128717.562087,143.186111,10.069305,122.564545
128717.603377,143.109512,9.971008,122.871841
128717.644665,143.286407,9.855209,122.841110
128717.685956,143.126373,9.977509,122.631134
128717.727246,142.990402,10.120987,122.803757
128717.768534,143.304611,9.858871,122.549667
128717.809827,143.323975,10.174789,122.480484
128717.851120,143.500488,10.128265,122.140121
128717.892412,143.341522,9.909653,122.644089
128717.933702,143.308792,9.922073,122.488770
128717.974993,143.290421,9.956970,122.176071
128718.016282,143.316757,9.943481,122.262634
128718.057571,143.291748,10.048111,122.562729
128718.098858,143.187241,9.885544,122.437500
128718.140147,143.101624,9.851517,122.396637
128718.181436,143.141891,10.079041,122.496017
128718.222725,143.272934,9.756180,122.399216
128718.264017,142.999832,10.345444,122.330673
128718.305307,143.156204,10.047455,122.784424
128718.346600,143.195343,10.028610,122.705582
128718.387888,143.280869,10.026825,122.613647
128718.429176,143.304871,10.233582,122.647903
128718.470465,143.339722,9.963303,122.755905
128718.511754,143.169907,10.232712,122.598541
128718.553043,143.083710,9.871185,122.381027
128718.594333,143.088821,10.051025,122.589920
128718.635623,142.925430,10.096954,122.499680
128718.676912,143.098877,10.056992,122.369354
128718.718204,142.927612,9.982925,122.446091
128718.759496,142.959885,9.920486,122.245544
128718.800789,143.031769,9.820724,122.174484
128718.842083,142.998947,10.112595,122.460724
128718.883374,143.068130,10.081619,122.632965
128718.924665,143.175400,10.182724,122.656448
128718.965955,143.142822,10.225143,122.700424
128719.007246,143.083786,10.062668,122.750244
128719.048537,143.279739,9.979980,122.390442
128719.089828,143.154999,10.448990,122.614838
128719.131119,143.218536,10.135986,122.816116
128719.172409,142.950760,10.087585,122.569183
128719.213698,143.252335,9.827148,122.671326
128719.254989,142.887054,10.062851,122.475235
128719.296280,143.076401,10.032211,122.645752
128719.337571,143.018661,10.127686,122.813736
128719.378861,143.140121,9.962570,122.584091
128719.420156,143.100006,9.846359,122.842392
128719.461446,143.159195,9.820023,122.800064
128719.502738,143.169220,9.873642,122.863876
128719.544029,143.051346,10.030396,122.738556
128719.585319,143.166763,9.997223,122.677444
128719.626610,142.940659,10.249985,122.732315
128719.667901,143.086670,10.270554,122.696167
128719.709193,143.094818,10.080185,122.806366
128719.750484,143.336777,10.011292,122.983612
128719.791774,143.072632,10.034271,122.620789
128719.833067,143.241867,10.001236,122.625565
128719.874360,143.100967,10.037399,122.756470
128719.915654,143.123215,10.011185,122.638641
128719.956945,143.027176,10.041336,122.624451
128719.998235,142.959564,10.255661,122.811722
128720.039523,143.158585,9.999557,122.912582
128720.080813,142.968643,10.113403,123.017487
128720.122099,143.017136,10.083893,122.883133
128720.163387,143.075226,10.030563,122.646027
128720.204674,143.311630,9.874573,122.811966
128720.245964,143.289444,10.123154,122.647263
128720.287258,143.153778,10.013977,122.593903
128720.328552,143.167908,9.963181,122.875565
128720.369844,143.256866,10.081467,122.828461
128720.411136,143.312958,9.823227,122.484421
128720.452431,143.257004,9.898682,122.604721
128720.493725,143.400146,9.749954,122.633011
128720.535020,143.176819,10.148407,122.529327
128720.576312,143.183777,9.997925,122.913803
128720.617604,143.131683,9.776108,122.734161
128720.658897,143.367325,9.840683,122.807083
128720.700189,143.330032,9.768295,122.693085
128720.741482,142.903000,10.018646,122.814590
128720.782774,143.184525,10.111588,122.554596
128720.824067,143.077103,9.945404,122.622787
128720.865361,143.197006,9.927658,122.909042
128720.906654,143.380249,9.619644,122.598434
128720.947946,143.160004,10.021301,122.776138
128720.989237,143.104858,9.810684,122.658997
128721.030528,143.246674,9.858673,122.619705
128721.071822,143.067245,9.822449,122.643799
128721.113117,142.970276,10.103378,122.364319
128721.154411,142.938873,9.971878,122.454010
128721.195707,143.119568,9.808044,122.604752
128721.237000,143.257111,9.653793,122.562637
128721.278294,142.980530,9.917648,122.739349
128721.319587,143.055573,10.032349,122.561783
128721.360882,143.089905,9.716843,122.671524
128721.402177,143.216156,9.573547,122.659119
128721.443469,143.278610,9.913025,122.757034
128721.484763,143.252563,9.921585,122.813751
128721.526055,143.320312,9.818848,122.488831
128721.567350,143.217636,10.179016,122.633163
128721.608645,142.984634,10.094147,122.860016
128721.649940,143.275391,10.024963,122.623032
128721.691234,143.275955,9.880432,122.720749
128721.732525,143.238144,9.971802,122.551956
128721.773818,143.262177,9.962677,122.678757
128721.815112,143.291534,9.962631,122.540787
128721.856404,142.918854,10.132233,122.385773
128721.897697,143.018265,10.072617,122.385010
128721.938992,143.266403,10.021088,122.272659
128721.980285,143.211288,10.068146,122.148499
128722.021580,143.361816,9.825638,122.583694
128722.062872,143.162033,9.883682,122.391068
128722.104166,143.388565,9.805283,122.710190
128722.145461,143.298355,9.888718,122.502151
128722.186757,143.159012,10.058121,122.296249
128722.228050,143.364685,9.925995,122.508545
128722.269345,143.334167,9.939285,122.502243
128722.310638,143.257629,9.913116,122.453659
128722.351933,143.176758,9.957932,122.573914
128722.393227,143.220627,10.001846,122.363525
128722.434521,143.128906,9.980392,122.411194
128722.475815,143.192154,10.112946,122.103516
128722.517111,143.180420,9.890793,122.492386
128722.558406,143.147903,9.890976,122.409012
128722.599700,143.222641,10.128860,122.593384
128722.640994,143.252945,9.953018,122.541473
128722.682290,143.074646,10.088196,122.804886
128722.723586,143.205811,10.253098,122.688431
128722.764879,143.208511,10.166489,122.679306
128722.806171,143.182816,10.311096,122.641663
128722.847465,142.955872,10.489319,122.780594
128722.888759,142.979721,10.431061,122.643433
128722.930051,143.070084,10.384796,122.401016
128722.971343,142.824875,10.357681,122.597885
128723.012633,142.946167,10.083588,122.616165
128723.053922,143.000092,10.217743,122.558990
128723.095213,142.951645,10.182236,122.555756
128723.136503,143.030655,10.254730,122.459366
128723.177794,143.097107,10.089584,122.498154
128723.219085,143.037552,10.119919,122.399353
128723.260378,143.197998,10.091583,122.266312
128723.301667,142.937088,10.074234,122.349564
128723.342961,143.071136,10.289093,122.187439
128723.384251,143.147537,10.219452,122.366776
128723.425543,143.147720,10.248779,122.444946
128723.466832,143.170914,10.259140,122.395401
128723.508125,143.227753,10.340591,122.224869
128723.549414,143.217545,10.417938,122.325272
128723.590706,143.029297,10.390503,122.313705
128723.631996,143.182632,10.397491,122.230484
128723.673288,143.293976,10.004974,122.255951
128723.714581,143.050125,10.294662,122.332520
128723.755872,143.085678,10.359009,122.386719
128723.797164,143.061447,10.330399,122.430573
128723.838457,143.152634,10.292191,122.586411
128723.879751,142.991379,10.350815,122.653397
128723.921043,142.969345,10.468216,122.327789
128723.962335,143.016861,10.386307,122.246078
128724.003628,143.110229,10.224884,122.399887
128724.044918,143.087509,10.366547,122.484573
128724.086209,143.358597,10.314438,122.467224
128724.127500,143.250092,10.419357,122.070236
128724.168791,143.009201,10.450821,122.081802
128724.210083,143.244583,10.340988,122.359421
128724.251375,143.244110,10.162766,122.141541
128724.292668,143.077225,10.274124,122.129883
128724.333962,143.272629,10.191422,122.291428
128724.375257,143.204010,10.078415,122.169159
128724.416548,143.053894,10.078644,122.484833
128724.457840,142.974091,10.138199,122.601379
128724.499134,143.155350,10.238510,122.504227
128724.540428,143.023651,10.163254,122.337051
128724.581722,143.112610,10.249573,122.529785
128724.623015,143.046738,10.221405,122.596100
128724.664307,143.089905,10.412781,122.377792
128724.705598,143.245865,10.124786,122.585953
128724.746890,143.075806,10.256729,122.443665
128724.788183,143.026413,10.335449,122.533646
128724.829477,143.318695,10.358658,122.442093
128724.870769,143.348251,10.228973,122.204498
128724.912060,143.259674,10.080688,122.327682
128724.953352,143.040390,9.924759,122.481949
128724.994642,143.328934,9.925522,122.591583
128725.035933,143.085510,10.037277,122.430908
128725.077225,143.063156,10.116013,122.743729
128725.118515,143.115448,10.008240,122.762878
128725.159807,143.238464,10.061249,122.707642
128725.201097,143.245163,10.171478,122.439377
128725.242388,143.296661,10.075668,122.823502
128725.283678,143.375381,10.215317,122.387985
128725.324970,143.329361,9.933884,122.416763
128725.366263,143.188873,10.158981,122.504318
128725.407555,143.359833,10.204849,122.528885
128725.448846,143.152298,10.146957,122.619019
128725.490137,143.270294,10.380157,122.302200
128725.531427,143.116592,10.013153,122.357239
128725.572719,142.926788,10.171402,122.614197
128725.614012,143.061890,9.919830,122.404785
128725.655306,142.944199,10.137985,122.399063
128725.696597,142.866989,10.295761,122.208252
128725.737889,143.206039,10.286560,122.480637
128725.779178,143.100281,10.125046,122.505737
128725.820470,143.166397,10.098038,122.566208
128725.861763,143.008560,10.219467,122.820786
128725.903056,143.003067,10.102615,122.493332
128725.944351,143.110428,10.023926,122.600327
128725.985642,143.101791,10.135727,122.339981
128726.026935,143.333038,10.008575,122.530487
128726.068230,143.047836,9.928162,122.437088
128726.109524,143.128403,9.988037,122.607285
128726.150818,142.932663,9.964569,122.775452
128726.192112,143.017014,9.918091,122.556061
128726.233405,143.087830,9.962372,122.635330
128726.274698,143.129944,10.014282,122.543243
128726.315994,143.011978,10.032471,122.724930
128726.357286,142.921967,9.962387,122.360733
128726.398581,142.930878,10.270203,122.802231
128726.439875,143.309860,9.906952,122.811859
128726.481168,143.162949,10.288757,122.507126
128726.522461,143.017914,10.279282,122.478149
128726.563751,143.224579,10.160583,122.530441
128726.605043,143.088699,10.084579,122.533707
128726.646337,142.963379,10.053085,122.426712
128726.687628,143.200226,10.100296,122.508286
128726.728917,143.390076,10.017822,122.436798
128726.770208,143.220718,10.097900,122.457977
128726.811499,143.444672,10.065140,122.611343
128726.852789,142.933670,9.989029,122.667084
128726.894082,143.037460,10.208832,122.501083
128726.935376,143.060669,10.169693,122.383072
128726.976670,142.978439,10.056396,122.538788
128727.017963,143.067841,10.203659,122.454468
128727.059255,143.257721,10.139297,122.553253
128727.100545,143.063980,10.370331,122.668961
128727.141834,143.207031,10.221481,122.899597
128727.183124,143.328949,10.229813,122.282806
128727.224414,143.191864,10.353821,122.618088
128727.265704,143.057297,10.212769,122.498032
128727.306993,143.185104,10.128830,122.065414
128727.348282,143.334900,10.287338,122.338226
128727.389573,143.426346,10.059830,122.005737
128727.430865,143.268784,10.070770,122.361176
128727.472156,143.322754,10.196823,122.104584
128727.513444,143.206909,10.337524,122.195602
128727.554733,143.180847,10.100220,122.518387
128727.596023,143.249435,10.186768,122.445343
128727.637314,143.157928,10.217438,122.114899
128727.678604,143.168320,10.491730,122.186325
128727.719895,143.209564,10.376007,122.463028
128727.761187,143.271103,10.345825,122.258316
128727.802478,143.276123,10.382202,122.436920
128727.843771,143.209473,10.377579,122.244370
128727.885064,143.246307,10.275162,122.010635
128727.926355,143.269791,10.277100,122.169144
128727.967646,143.056198,10.306274,122.180466
128728.008938,143.092697,10.267029,122.095337
128728.050229,143.035202,10.151291,122.242966
128728.091521,143.295975,10.172043,122.121933
128728.132812,143.309189,10.306259,122.224228
128728.174102,143.190933,10.230896,121.972290
128728.215392,143.286316,10.250427,122.318451
128728.256680,143.414536,10.080933,122.182602
128728.297968,143.522491,10.187393,122.152283
128728.339257,143.542877,10.061462,122.347443
128728.380546,143.321167,10.489944,122.264801
128728.421837,143.528778,10.045105,121.871918
128728.463129,143.234894,10.261108,122.081604
128728.504420,143.117767,10.147415,122.063370
128728.545712,143.283279,10.136292,122.023056
128728.587005,143.420425,10.210541,122.139862
128728.628297,143.339630,10.061478,121.778687
128728.669587,143.289459,10.047363,122.070572
128728.710877,143.259811,10.001633,122.236725
128728.752168,143.086578,9.999222,122.018204
128728.793459,143.293228,10.066208,122.236710
128728.834750,143.453827,10.269531,122.343704
128728.876040,143.550644,9.928772,122.582382
128728.917331,143.437775,10.076782,122.422852
128728.958621,143.418182,10.113876,122.288864
128728.999910,143.451401,10.285583,122.376038
128729.041201,143.434799,10.292999,122.300812
128729.082494,143.389923,10.276413,122.099274
128729.123785,143.466415,10.065796,122.108139
128729.165077,143.524002,10.189301,122.366516
128729.206366,143.590454,9.923279,122.432007
128729.247655,143.377457,10.206192,122.291748
128729.288944,143.237167,10.125824,122.216446
128729.330232,143.194077,10.124313,122.675735
128729.371521,143.366165,9.862564,122.410187
128729.412810,143.185913,10.110916,122.428116
128729.454102,143.003754,10.257919,122.653503
128729.495392,143.308456,9.992523,122.445480
128729.536683,143.338745,9.921112,122.444016
128729.577973,143.489731,10.028992,122.365662
128729.619263,143.353012,10.054810,122.440292
128729.660551,143.186630,10.120010,122.201599
128729.701840,143.376968,10.156662,122.377869
128729.743128,143.138885,10.217651,122.520172
128729.784420,143.350830,10.228729,122.165192
128729.825709,143.155746,10.242371,122.326920
128729.866997,143.131577,10.131470,122.091507
128729.908287,143.175629,10.000687,122.260818
128729.949575,143.122803,10.164673,122.048157
128729.990869,142.988510,10.039978,122.192627
128730.032163,143.273834,10.169525,122.433655
128730.073455,143.625824,9.998123,122.066620
128730.114749,143.276306,9.943375,122.607117
128730.156042,143.510223,9.935806,122.676086
128730.197336,143.211136,10.324005,122.547379
128730.238629,143.292618,10.070541,122.873642
128730.279921,143.410812,10.101257,122.374756
128730.321214,143.304535,9.976685,122.391068
128730.362508,143.126556,9.927933,122.555038
128730.403800,143.361298,10.035583,122.674362
128730.445092,143.205139,10.392227,122.300812
128730.486384,143.310181,9.900101,122.447220
128730.527680,143.153610,10.241974,122.247635
128730.568974,143.213730,9.998322,122.351959
128730.610267,143.194809,10.184540,122.596222
128730.651559,143.060120,10.184082,122.591782
128730.692851,143.327972,10.188660,122.758774
128730.734143,143.209183,10.124725,122.555908
128730.775433,143.262527,10.189056,122.521606
128730.816726,143.037781,10.311569,122.380783
128730.858020,143.296539,10.291275,122.392670
128730.899313,143.327469,10.389236,122.617599
128730.940603,143.299530,10.189362,122.348404
128730.981895,143.296478,10.190201,122.485947
128731.023186,143.309647,10.236710,122.389114
128731.064477,143.208740,10.296097,122.202240
128731.105768,143.351715,10.232788,122.230759
128731.147061,143.270615,10.140900,122.336624
128731.188354,143.351044,9.847610,122.232056
128731.229646,143.325638,9.963287,122.394501
128731.270937,143.207733,9.941635,122.346176
128731.312228,143.263733,9.860809,122.231186
128731.353521,143.374847,10.048752,122.688980
128731.394814,143.243164,9.973328,122.352219
128731.436109,143.512772,10.078140,122.157852
128731.477401,143.641586,10.207031,122.458130
128731.518694,143.434113,10.079361,122.146851
128731.559987,143.337997,10.376236,122.286026
128731.601281,143.310745,10.222076,122.477692
128731.642575,143.270370,10.306381,122.280228
128731.683869,143.213974,10.388428,122.268951
128731.725164,143.192871,10.211197,122.406815
128731.766458,143.426697,10.249527,122.741730
128731.807754,143.256546,10.060776,122.362625
128731.849049,143.305695,10.045807,122.428986
128731.890343,143.168030,10.075577,122.566986
128731.931635,143.346146,10.172028,122.444641
128731.972926,143.329559,10.148224,122.456619
128732.014215,143.325500,9.880768,122.599777
128732.055507,143.356949,9.922989,122.774200
128732.096798,143.245590,10.141418,122.355316
128732.138090,143.359406,9.940033,122.804932
128732.179382,143.321625,10.272079,122.850250
128732.220672,143.328995,10.056046,122.494659
128732.261967,143.070175,10.171219,122.611481
128732.303266,143.469727,9.979080,122.813095
128732.344560,143.253067,10.080292,122.801193
128732.385851,143.011826,10.191223,122.616653
128732.427140,143.216644,10.040359,122.776825
128732.468430,143.082718,10.308716,122.673859
128732.509721,142.862122,10.177353,122.750427
128732.551014,142.948349,10.084335,122.243851
128732.592306,142.920273,9.989502,122.629745
128732.633598,143.176270,10.138702,122.410431
128732.674890,143.394653,10.144424,122.269257
128732.716181,143.195557,10.110992,122.590546
128732.757473,143.545563,9.927170,122.277802
128732.798766,143.422104,10.145538,122.296738
128732.840057,143.340363,10.146027,122.420563
128732.881350,143.170090,10.077164,122.276276
128732.922643,143.260452,10.016602,122.211441
128732.963935,143.428650,10.122360,122.198837
128733.005230,143.294128,10.071259,122.153305
128733.046522,143.436401,9.892853,122.531342
128733.087814,143.255554,9.900238,122.416916
128733.129107,143.176315,10.043640,122.582047
128733.170399,143.136612,9.966095,122.651978
128733.211692,143.345749,9.939926,122.718811
128733.252986,143.293716,9.951111,122.768616
128733.294280,143.445450,9.898407,122.800262
128733.335575,143.197281,10.258194,122.854965
128733.376869,143.518417,10.200851,122.364380
128733.418161,143.440826,10.140884,122.454849
128733.459454,143.282837,10.091003,122.609497
128733.500747,143.395508,10.025726,122.886154
128733.542041,143.119858,9.982559,122.543015
128733.583331,143.287247,10.005554,122.327347
128733.624623,143.252945,9.921799,122.709625
128733.665918,143.273849,9.711884,122.531555
128733.707210,143.329514,9.860840,122.582748
128733.748502,143.389862,9.868073,122.580109
128733.789795,143.307098,10.009796,122.589233
128733.831085,143.288223,9.663376,122.470016
128733.872376,143.243530,9.975922,122.580521
128733.913668,143.171280,10.261444,122.722244
128733.954959,143.381882,10.026581,122.390259
128733.996249,143.518600,10.009644,122.330322
128734.037538,143.293213,10.021576,122.648422
128734.078826,143.250870,9.970505,122.231705
128734.120116,143.387009,9.899719,122.702332
128734.161405,143.330597,9.801880,122.499908
128734.202693,143.129044,10.015259,122.349594
128734.243982,143.306656,9.962234,122.697495
128734.285273,143.159317,10.047928,122.278290
128734.326562,143.294754,9.931717,122.240875
128734.367851,143.299850,9.832138,122.293152
128734.409143,143.298645,9.762634,122.348099
128734.450431,143.462311,9.961761,122.525558
128734.491719,143.400589,9.803131,122.469833
128734.533008,143.323318,9.866196,122.415741
128734.574300,143.473221,9.878235,122.476852
128734.615588,143.421875,10.029297,122.352631
128734.656878,143.457779,9.896545,122.625290
128734.698166,143.446106,9.898239,122.407120
128734.739455,143.562683,9.803848,122.631638
128734.780743,143.509644,9.857773,122.771423
128734.822031,143.251007,9.992630,122.510788
128734.863320,143.563614,9.879196,122.627090
128734.904611,143.077408,9.989899,122.776337
128734.945903,143.304657,9.854111,122.217697
128734.987194,143.558517,9.896988,121.780243
128735.028485,143.478287,9.946884,122.439911
128735.069775,143.384384,9.897049,122.597000
128735.111067,143.499619,9.988007,121.971313
128735.152363,143.248245,10.134827,122.681793
128735.193656,143.380707,10.039185,122.455933
128735.234950,143.323624,10.255676,122.685684
128735.276243,143.429764,10.096085,122.265869
128735.317535,143.448807,9.931763,122.492401
128735.358830,143.499969,10.069473,122.344727
128735.400124,143.520416,10.173615,122.187271
128735.441419,143.361923,10.038681,122.477798
128735.482712,143.435394,10.068130,122.351776
128735.524008,143.173004,10.100784,122.617966
128735.565301,143.315750,10.012192,122.557892
128735.606597,143.345230,9.818619,122.597015
128735.647888,143.356979,9.926285,122.512817
128735.689180,143.430161,10.035858,122.688370
128735.730475,143.380920,10.245178,122.997604
128735.771768,143.481812,10.005463,122.849533
128735.813060,143.465820,9.863892,122.790863
128735.854351,143.580521,10.104904,122.982605
128735.895644,143.492371,10.353226,122.861740
128735.936935,143.502014,10.128372,122.819107
128735.978226,143.438644,10.162262,122.617126
128736.019516,143.149460,10.284973,122.792664
128736.060806,143.289902,10.156570,122.647141
128736.102094,143.232285,10.154984,122.453598
128736.143383,143.365723,9.964706,122.663849
128736.184673,143.197006,10.084824,122.530502
128736.225964,143.195847,10.018677,122.406784
128736.267253,143.097961,9.979553,122.506302
128736.308543,143.299500,9.845322,122.558304
128736.349837,143.249725,9.898499,122.673843
128736.391131,143.020386,10.110550,122.632126
128736.432425,143.306854,10.044510,122.755096
128736.473715,143.270142,10.000717,122.830963
128736.515007,143.027817,10.260620,122.373795
128736.556302,143.393860,10.099091,122.369812
128736.597592,143.423523,10.060257,122.409637
128736.638882,143.407745,9.906006,122.285736
128736.680173,143.265442,10.021301,122.384491
128736.721465,143.153641,10.357880,122.313766
128736.762758,143.137039,10.011475,122.525528
128736.804052,143.208069,10.129715,122.550278
128736.845346,143.247147,10.024323,122.188705
128736.886639,143.098373,10.011780,122.398788
128736.927932,143.272583,10.099136,122.395325
128736.969224,143.221878,10.071381,122.760986
128737.010517,143.190186,10.119003,122.509659
128737.051808,143.119522,10.267654,122.416977
128737.093101,143.252960,10.151276,122.479019
128737.134394,143.204483,10.277634,122.590286
128737.175687,143.165710,10.263123,122.449631
128737.216977,143.223999,10.084015,122.442307
128737.258266,143.282883,10.075211,122.379776
128737.299557,143.031662,10.206711,122.320618
128737.340847,143.170578,10.114517,122.296463
128737.382135,142.942261,10.103180,121.835922
128737.423424,143.037277,10.312286,122.075958
128737.464712,143.060699,10.170639,122.517029
128737.506000,143.014526,10.139450,122.638931
128737.547288,143.184723,10.253189,122.502747
128737.588575,143.175461,10.236160,122.372192
128737.629864,143.190872,10.167786,122.402435
128737.671155,143.180923,10.267670,122.765152
128737.712445,143.221146,10.068268,122.832138
128737.753735,143.221436,10.304901,122.585831
128737.795026,143.238022,10.148209,122.384842
128737.836317,143.226715,10.097961,122.638580
128737.877609,143.110535,10.000961,122.690399
128737.918903,143.371445,10.003220,122.780777
128737.960195,143.259201,9.955154,122.557571
128738.001490,143.121429,10.143143,122.650940
128738.042784,143.251816,9.994583,122.758224
128738.084078,143.084808,9.962158,122.418564
128738.125373,143.167511,10.028214,122.669693
128738.166668,143.165665,10.005219,122.380814
128738.207962,143.245773,9.986832,122.621689
128738.249254,143.290665,9.948959,122.771683
128738.290544,143.195221,10.042496,122.647263
128738.331832,143.185150,10.011429,122.735718
128738.373121,143.353836,10.001907,122.608215
128738.414411,143.163315,10.228256,122.275757
128738.455702,143.293304,10.061707,122.328522
128738.496993,143.250626,10.099258,122.334305
128738.538283,143.231537,9.864548,122.463089
128738.579574,143.129501,9.705597,122.453461
128738.620864,143.155014,10.155472,122.264801
128738.662154,142.925613,10.004974,122.579437
128738.703445,142.886154,10.083908,122.290070
128738.744737,142.959549,10.048904,122.012726
128738.786029,143.119461,10.073059,122.550461
128738.827321,143.016922,10.225006,122.651596
128738.868612,143.009857,10.200165,122.533798
128738.909902,143.266098,10.026825,122.656357
128738.951192,143.368637,9.983429,122.779816
128738.992484,143.367233,10.186111,122.723251
128739.033777,143.321869,10.147217,122.427261
128739.075070,143.527740,9.797836,122.576477
128739.116365,143.344971,10.046890,122.454697
128739.157659,143.295761,10.064026,122.647263
128739.198952,143.347260,10.248978,122.402695
128739.240245,143.159088,10.064972,122.756317
128739.281540,143.172485,10.109268,122.452286
128739.322828,143.345139,10.238785,122.273376
128739.364119,143.262726,9.932175,122.397491
128739.405406,143.497223,9.982605,122.180435
128739.446695,143.397308,10.095688,122.347870
128739.487984,143.354279,10.200150,122.451904
128739.529272,143.511505,10.216324,122.530975
128739.570559,143.438751,10.140945,122.622482
128739.611847,143.475037,10.309708,122.344299
128739.653133,143.433273,10.256699,122.502014
128739.694422,143.448364,10.072281,122.422546
128739.735712,143.447098,10.100204,122.335312
128739.777003,143.410263,10.004272,122.556259
128739.818292,143.501663,10.039169,122.486542
128739.859581,143.540649,9.959885,122.133026
128739.900871,143.676865,9.729507,122.216232
128739.942161,143.522110,9.781082,122.541443
128739.983452,143.423599,9.740417,122.545914
128740.024739,143.577682,9.719208,122.620026
128740.066030,143.396820,9.893555,122.707001
128740.107321,143.335159,9.828644,122.208282
128740.148611,143.456818,9.739532,122.762039
128740.189897,143.510590,9.836105,122.654816
128740.231185,143.462616,9.879852,122.549728
128740.272473,143.558838,10.073288,122.713257
128740.313761,143.434738,10.025314,122.776871
128740.355049,143.482346,9.970581,122.728683
128740.396336,143.419769,9.887619,122.579376
128740.437625,143.456253,10.139252,122.078171
128740.478914,143.365509,10.062912,122.187012
128740.520203,143.118851,10.030655,122.372559
128740.561493,143.227539,9.687180,122.520309
128740.602782,143.493271,9.894211,122.264725
128740.644072,143.249908,9.851990,122.304626
128740.685362,143.409637,9.903030,122.582565
128740.726651,143.321594,9.885910,122.406143
128740.767937,143.437271,10.065201,122.640640
128740.809225,143.543335,9.835526,122.557571
128740.850514,143.478195,9.993729,122.522446
128740.891804,143.471344,10.034882,122.348495
128740.933094,143.469330,9.984451,122.690491
128740.974385,143.560364,10.065979,122.469849
128741.015677,143.394928,9.844025,122.541489
128741.056969,143.487305,10.012604,122.503189
128741.098261,143.420258,10.077148,122.190048
128741.139549,143.425385,10.114578,122.283463
128741.180839,143.295853,10.207596,122.147049
128741.222130,143.208313,10.168320,122.253632
128741.263420,143.395737,10.086670,122.288437
128741.304709,143.428757,10.091934,122.279175
128741.345999,143.551514,10.016754,122.492630
128741.387288,143.322906,9.989075,122.608536
128741.428579,143.270081,10.125458,122.592987
128741.469872,143.192307,10.073196,122.462921
128741.511163,143.448654,10.239151,122.420898
128741.552454,143.508392,10.167267,122.420975
128741.593744,143.563858,10.157806,122.426392
128741.635036,143.500488,10.067535,122.354752
128741.676326,143.446625,10.215164,122.294128
128741.717612,143.561035,10.206924,122.128250
128741.758902,143.540482,10.063156,122.280762
128741.800192,143.562485,9.805969,122.189987
128741.841482,143.488144,9.991699,122.490921
128741.882772,143.470459,9.863144,122.608841
128741.924062,143.504593,9.814102,122.661469
128741.965355,143.398422,10.021530,122.431885
128742.006650,143.550018,9.738342,122.639267
128742.047940,143.695618,9.738037,122.621460
128742.089231,143.646423,9.973450,122.217422
128742.130520,143.554733,10.057114,122.823624
128742.171812,143.380219,10.221313,122.245514
128742.213101,143.463348,10.161224,122.500458
128742.254390,143.351135,10.165329,122.682190
128742.295678,143.244400,10.189346,122.577805
128742.336968,143.267380,10.215683,122.258438
128742.378257,143.326935,10.269073,122.237320
128742.419545,143.489365,10.116211,122.305328
128742.460835,143.343658,9.914734,122.579391
128742.502123,143.163818,9.834518,122.542068
128742.543412,143.171509,9.982361,122.545517
128742.584700,143.221817,10.263290,122.599014
128742.625989,143.231049,10.151154,122.538376
128742.667279,143.334000,9.946274,122.829483
128742.708568,143.245819,10.247849,122.822861
128742.749860,143.474808,9.867905,122.468887
128742.791151,143.409332,9.880585,122.896576
128742.832442,143.228378,9.913986,122.458359
128742.873733,143.169250,10.111755,122.721100
128742.915025,143.357269,10.233414,122.614349
128742.956317,143.352173,9.951797,122.741837
128742.997609,143.369385,10.045654,122.057129
128743.038900,143.158310,10.062225,122.718155
128743.080189,143.102875,10.080780,122.426697
128743.121479,143.277054,9.930435,122.591110
128743.162770,143.193970,10.077179,122.663803
128743.204061,142.929947,10.113846,122.724228
128743.245353,143.085922,10.136810,122.727448
128743.286643,143.186722,10.308105,122.566818
128743.327934,143.280228,10.146393,122.793503
128743.369227,143.180771,10.122879,122.739349
128743.410517,143.165833,10.090012,122.821045
128743.451806,143.276474,10.026367,122.654877
128743.493096,143.211914,10.059448,122.972107
128743.534386,143.286240,9.971481,122.771149
128743.575674,143.309525,10.199448,122.357208
128743.616960,143.297333,9.812469,122.484802
128743.658249,143.164276,10.112762,122.756409
128743.699537,143.325729,9.836578,122.398788
128743.740827,143.285965,9.985413,122.444504
128743.782115,143.085709,10.101578,122.621979
128743.823403,143.198425,10.051590,122.276428
128743.864692,143.129242,9.920059,122.582199
128743.905981,143.334061,9.975891,122.743103
128743.947271,143.363327,9.858322,122.764069
128743.988562,143.506241,9.937012,122.644012
128744.029851,143.307373,10.152008,122.623993
128744.071140,143.201614,10.306213,122.565720
128744.112430,143.325836,9.932648,122.759613
128744.153717,143.185577,10.138855,122.455688
128744.195005,143.052933,10.276138,122.365387
128744.236291,143.155899,10.086746,122.464447
128744.277578,143.080383,10.067688,122.260666
128744.318869,143.219345,10.014252,122.670868
128744.360159,143.113861,10.210297,122.511734
128744.401451,143.142181,9.996292,122.658035
128744.442739,143.146957,10.121353,122.617203
128744.484028,143.228867,10.115097,122.609009
128744.525315,143.303345,9.922882,122.432892
128744.566603,143.260651,10.137787,122.533279
128744.607890,143.219040,10.084213,122.332687
128744.649180,143.369797,10.281403,122.821320
128744.690468,143.271240,10.142319,122.386414
128744.731755,143.299377,10.110260,122.792206
128744.773044,143.098145,10.188889,122.615692
128744.814331,143.227448,10.114838,122.417068
128744.855618,143.136017,10.102432,122.526047
128744.896905,143.065887,10.172119,122.762054
128744.938193,143.090027,10.297485,122.862595
128744.979483,142.975479,10.014236,123.018845
128745.020772,143.027435,10.037521,122.958298
128745.062061,143.132584,10.186356,122.772278
128745.103349,143.081451,10.281815,122.428879
128745.144635,143.366150,9.917633,122.653854
128745.185924,143.153229,10.158905,122.632889
128745.227215,143.335037,10.222534,122.742157
128745.268506,143.097549,10.195847,122.555099
128745.309797,143.173019,10.055923,122.689606
128745.351089,143.200790,10.200333,122.456543
128745.392379,143.147568,9.897369,122.669556
128745.433668,143.216522,9.998795,122.260178
128745.474956,143.354691,10.080231,122.202988
128745.516245,143.159576,10.180939,122.753143
128745.557532,143.302658,10.059341,122.511383
128745.598819,143.127594,10.028870,122.606293
128745.640108,143.265518,10.046829,122.747345
128745.681395,143.168915,10.109192,122.388977
128745.722683,143.161942,10.179886,122.762924
128745.763971,143.287674,10.200241,122.741241
128745.805258,143.227509,10.176117,123.157272
128745.846546,143.265961,10.005341,123.039734
128745.887835,143.313187,10.366150,122.957367
128745.929123,143.186996,10.316315,122.793259
128745.970410,143.129990,10.295547,122.876648
128746.011699,143.255722,10.069321,122.590332
128746.052986,143.102509,10.014908,122.534760
128746.094274,143.150253,10.033340,122.547073
128746.135561,143.191086,9.871979,122.213852
128746.176849,143.278122,10.159561,122.509186
128746.218138,143.184006,10.077118,122.692841
128746.259428,143.369614,9.873093,122.848236
128746.300717,143.175354,10.031158,122.500259
128746.342005,143.354462,10.123199,122.633057
128746.383292,143.353775,10.097900,122.482086
128746.424579,143.215729,10.064697,122.684647
128746.465868,143.317322,9.835190,122.640503
128746.507157,143.136993,10.135742,122.753296
128746.548448,143.402359,10.081772,122.461945
128746.589736,143.509613,10.158554,122.582184
128746.631025,143.311996,9.874878,122.357727
128746.672314,143.334076,10.125153,122.356308
128746.713605,143.351486,9.918045,122.282410
128746.754893,143.168655,10.120499,122.283340
128746.796183,143.359222,10.129395,122.198547
128746.837475,143.250351,10.039276,122.466568
128746.878765,143.106781,10.055573,122.469498
128746.920054,143.286850,9.864304,122.619766
128746.961342,143.281570,10.008240,122.585526
128747.002630,143.407501,9.893646,122.654968
128747.043918,143.275421,9.949997,122.306366
128747.085207,143.365417,10.010788,122.462326
128747.126494,143.504089,9.957108,122.570007
128747.167782,143.274734,10.011551,122.635254
128747.209072,143.453201,9.987946,122.507965
128747.250359,143.320526,9.833969,122.209091
128747.291645,143.159180,9.933151,122.266800
128747.332933,143.172577,10.151810,122.373154
128747.374217,143.175262,10.126266,122.238205
128747.415504,143.105255,10.066833,122.068863
128747.456794,143.140991,10.294876,122.259766
128747.498083,143.064224,10.187210,122.390533
128747.539373,143.073593,10.179657,122.406952
128747.580664,142.945206,10.408600,122.716858
128747.621954,142.707443,10.169312,123.099808
128747.663243,143.207901,10.076981,122.785553
128747.704532,142.954956,10.102859,122.984756
128747.745820,143.017853,10.312485,122.636261
128747.787108,143.060669,9.983978,122.538910
128747.828396,143.166153,10.092743,122.633301
128747.869683,142.971832,10.161591,122.694580
128747.910971,142.945602,10.012589,122.543625
128747.952259,142.894272,10.015213,122.519012
128747.993547,142.999298,10.143280,122.247803
128748.034835,143.226532,10.142410,122.282440
128748.076121,143.000870,10.020370,122.472931
128748.117410,143.039505,9.988037,122.434052
128748.158702,143.139252,9.874680,122.487671
128748.199991,143.045563,10.162247,122.446594
128748.241281,143.050629,9.973846,122.491867
128748.282571,143.182480,10.051926,122.652298
128748.323863,143.189438,10.083694,122.484772
128748.365155,143.197006,10.306931,122.472733
128748.406446,143.361893,10.112717,122.758118
128748.447736,143.151932,10.453781,122.374817
128748.489028,143.025848,10.145020,122.356857
128748.530320,143.045288,10.175278,122.553207
128748.571612,143.218582,9.984085,122.461105
128748.612903,143.307312,10.053040,122.471405
128748.654194,143.353455,10.120789,122.497406
128748.695484,143.294739,10.181961,122.566650
128748.736778,143.360931,10.100906,122.187836
128748.778070,143.195969,10.074112,122.512222
128748.819361,143.305771,9.883728,122.572861
128748.860652,143.104599,10.093109,122.676178
128748.901944,143.219666,10.407410,122.487854
128748.943236,143.327835,10.119675,122.475128
128748.984528,143.207321,10.345337,122.520432
128749.025819,143.101593,10.234360,122.757904
128749.067110,143.252335,10.465317,122.355133
128749.108399,143.159256,10.149475,122.342178
128749.149690,143.098282,10.261398,122.401550
128749.190982,143.109283,10.498428,122.116013
128749.232274,143.212875,10.319290,122.412888
128749.273565,143.128448,10.304138,122.408997
128749.314857,143.167572,10.136337,122.605621
128749.356150,142.935486,10.150803,122.357056
128749.397442,143.110535,10.218445,122.451004
128749.438734,142.950974,10.334457,122.602722
128749.480024,143.183029,10.217331,122.643372
128749.521315,143.233139,10.000885,122.558502
128749.562608,143.300064,10.203644,122.514877
128749.603901,143.193726,10.134109,122.541794
128749.645195,143.360931,10.330414,122.525375
128749.686487,143.263062,10.213058,122.457397
128749.727778,143.100952,10.243057,122.437622
128749.769072,143.164917,10.138702,122.628525
128749.810368,143.228149,10.061279,122.313965
128749.851663,143.235352,10.262360,122.113022
128749.892957,143.395706,9.928619,122.065598
128749.934250,143.017288,9.956955,122.125397
128749.975543,143.092560,9.791138,122.255997
128750.016835,143.199844,10.098175,122.465576
128750.058127,143.269821,10.202499,122.421265
128750.099416,143.028641,10.153122,122.169312
128750.140704,143.123749,10.212418,122.311111
128750.181995,143.180695,10.129105,122.366653
128750.223290,143.278152,10.173737,122.506027
128750.264581,143.243713,10.176880,122.493942
128750.305873,143.348251,10.163239,122.252243
128750.347166,143.311005,10.046661,122.450546
128750.388456,143.097748,10.184174,122.579681
128750.429747,143.412033,10.144333,122.620377
128750.471039,143.422623,10.079773,122.608109
128750.512332,143.091797,10.199844,122.610870
128750.553624,143.265610,10.043304,122.437500
128750.594916,143.189484,9.922379,122.575333
128750.636207,143.266388,10.198288,122.309402
128750.677499,143.119629,10.163315,122.285004
128750.718793,143.247833,10.051834,122.436920
128750.760085,143.332428,10.046951,122.668396
128750.801377,143.110046,10.105606,122.852219
128750.842670,143.309769,10.074127,122.733902
128750.883961,143.299057,10.044098,122.716751
128750.925250,143.006073,10.182892,122.598343
128750.966542,143.234558,9.992264,122.644791
128751.007835,143.342285,10.166321,122.461700
128751.049125,143.150681,9.996750,122.492462
128751.090415,143.131882,9.998459,122.411438
128751.131706,143.049011,10.167694,122.340225
128751.172999,142.999496,10.277664,122.367218
128751.214290,143.079834,10.324814,122.174911
128751.255582,143.166199,10.083801,122.447403
128751.296876,143.231110,10.068634,122.434952
128751.338169,143.121231,9.988876,122.362076
128751.379463,142.855652,10.204468,122.590637
128751.420758,142.991562,10.342560,122.371124
128751.462052,143.056290,10.140961,122.412918
128751.503345,143.041519,10.197495,122.546555
128751.544639,143.057465,10.299377,122.500488
128751.585930,142.866714,10.368896,122.798309
128751.627223,142.962997,10.450165,122.320190
128751.668516,142.915054,10.253830,122.286316
128751.709810,143.054810,10.239624,122.257065
128751.751104,142.795532,10.357178,122.529877
128751.792397,142.906342,10.241287,122.325607
128751.833690,143.141342,10.311508,122.335587
128751.874984,142.910568,10.350647,122.379227
128751.916279,143.115570,10.176880,122.403030
128751.957573,143.084030,10.272491,122.296539
128751.998867,143.286972,9.921494,122.424332
128752.040158,143.138107,10.136765,122.521408
128752.081451,143.228333,10.199036,122.631027
128752.122745,143.106018,10.322632,122.608566
128752.164036,143.126846,10.428833,122.283600
128752.205329,143.009918,10.311996,122.532684
128752.246621,143.240356,10.318329,122.671036
128752.287913,143.147369,10.366333,122.606949
128752.329204,143.205566,10.337311,122.348724
128752.370494,143.173538,10.274994,122.034393
128752.411787,143.085876,10.360382,122.401428
128752.453080,143.153168,10.275345,122.176117
128752.494373,143.146179,10.337463,122.502640
128752.535665,142.740723,10.232147,122.415863
128752.576956,143.214859,10.168823,122.487915
128752.618248,143.290863,10.019730,122.348801
128752.659541,143.351791,10.275116,122.272308
128752.700831,143.097443,10.337891,122.368866
128752.742126,143.165329,10.316254,122.214615
128752.783418,143.248047,10.217728,122.455002
128752.824711,143.070877,10.379242,122.379028
128752.866004,143.364304,10.157349,122.444412
128752.907296,143.240341,10.216385,122.113983
128752.948588,143.107819,10.457474,122.282990
128752.989880,143.119003,10.082642,122.364090
128753.031171,143.101135,10.318710,122.611679
128753.072465,143.073105,10.164810,122.449570
128753.113757,143.213379,10.307770,122.353470
128753.155049,143.168427,10.131714,122.403503
128753.196337,143.270096,10.173218,122.650055
128753.237627,143.098160,10.217773,122.564316
128753.278915,143.064941,10.189407,122.456558
128753.320207,143.170059,10.122849,122.742813
128753.361496,143.187180,10.021591,122.676361
128753.402786,143.502747,9.990234,122.716125
128753.444075,143.430023,10.091476,122.611038
128753.485367,143.093048,10.144623,122.254517
128753.526657,143.211349,10.104568,122.373703
128753.567949,143.320816,10.071472,122.177307
128753.609240,143.316177,10.023422,122.201508
128753.650530,142.860550,10.158295,122.457291
128753.691822,143.172089,10.153961,122.232864
128753.733115,142.992325,10.167603,122.343658
128753.774407,143.252182,10.110001,122.412521
128753.815697,143.243759,10.128342,122.429779
128753.856987,143.088699,10.230469,122.493744
128753.898276,143.290390,10.206314,122.588150
128753.939566,143.136429,10.332184,122.552734
128753.980857,143.128342,10.242920,122.910995
128754.022147,143.210907,10.087692,122.654022
128754.063435,142.936081,10.232437,122.685471
128754.104724,142.900223,10.251968,122.841324
128754.146018,143.047211,10.336105,122.630829
128754.187306,142.995972,10.186951,122.175827
128754.228596,143.055328,9.994583,122.392349
128754.269887,143.274155,10.203583,122.551361
128754.311177,143.274567,10.041840,122.533722
128754.352468,143.292480,10.053909,122.769318
128754.393758,143.129669,10.186615,122.427292
128754.435047,143.339355,9.855408,122.360077
128754.476338,143.387924,9.950638,122.547119
128754.517630,143.293411,10.152725,122.429199
128754.558920,143.220535,10.333679,122.465744
128754.600209,143.090836,10.318909,122.652832
128754.641499,143.034729,10.392151,122.684555
128754.682790,143.177460,10.333694,122.660324
128754.724080,142.935898,10.211258,122.314880
128754.765371,143.095139,10.440659,122.437302
128754.806659,143.041458,10.289246,122.017853
128754.847951,143.170853,10.173874,122.457870
128754.889244,142.928101,10.128662,122.229584
128754.930538,142.936249,10.085876,122.519272
128754.971830,142.824432,10.272202,122.448395
128755.013125,142.990189,10.264450,122.397049
128755.054421,142.944412,10.222488,122.445709
128755.095717,142.979614,10.258972,122.585510
128755.137011,142.992691,10.133743,122.469284
128755.178303,143.135284,10.257309,122.394928
128755.219597,142.755096,10.275650,122.618256
128755.260890,143.018631,10.437378,122.731995
128755.302184,143.173645,10.175674,122.290970
128755.343478,143.179916,10.332748,122.568253
128755.384770,143.194092,10.281982,122.577972
128755.426066,143.185349,10.089813,122.733658
128755.467361,143.275864,10.212433,122.659714
128755.508655,143.048004,10.185501,122.746140
128755.549947,143.186203,10.065048,122.589096
128755.591242,142.952209,10.092285,122.576096
128755.632534,143.117249,10.093552,122.673767
128755.673829,143.040436,10.215073,122.600479
128755.715121,143.088577,10.285263,122.677811
128755.756414,143.086746,10.483749,122.545624
128755.797704,143.322662,10.283173,122.764603
128755.838997,143.120865,10.467758,122.497559
128755.880289,143.121429,10.478256,122.753265
128755.921580,142.994370,10.441803,122.453278
128755.962872,143.190094,10.275574,122.312164
128756.004164,143.143631,10.356857,122.141602
128756.045456,143.147186,10.094116,122.462723
128756.086746,142.980576,10.186905,122.195709
128756.128034,143.079834,10.227539,122.344131
128756.169323,142.946243,10.273010,122.281342
128756.210611,142.952057,10.079254,122.474945
128756.251899,143.136597,10.069214,122.591293
128756.293187,143.287918,10.090759,122.544388
128756.334476,143.295029,10.416824,122.780670
128756.375766,143.442963,10.067017,122.772705
128756.417057,143.214890,10.242508,122.752747
128756.458347,143.461182,10.360641,122.515640
128756.499633,143.485565,10.213287,122.790115
128756.540920,143.344193,10.404907,122.330917
128756.582208,143.523148,10.349594,122.436066
128756.623495,143.529709,10.310837,122.441025
128756.664786,143.408142,10.125763,122.355133
128756.706075,143.413834,10.359802,122.602585
128756.747364,143.190536,10.231491,122.422287
128756.788653,143.418137,10.054962,122.433380
128756.829942,143.283112,10.242981,122.651108
128756.871226,143.433777,10.030319,122.566116
128756.912515,143.249084,10.083359,122.522018
128756.953804,143.356491,10.015488,122.518158
128756.995093,143.206787,10.336548,122.503250
128757.036383,143.337006,10.257629,122.729446
128757.077669,143.356613,10.336365,122.667648
128757.118959,143.365265,10.439529,122.286392
128757.160251,143.269257,10.352554,122.556076
128757.201543,143.368668,9.997833,122.548950
128757.242832,143.343216,10.372681,122.358185
128757.284125,143.290695,10.383682,122.507126
128757.325416,143.096024,10.214523,122.435303
128757.366709,143.050781,10.354996,122.015335
128757.408002,143.078751,10.417892,122.216995
128757.449295,143.024124,10.367554,122.587814
128757.490587,142.991013,10.315582,122.562515
128757.531879,143.154892,10.225769,122.462204
128757.573171,143.416702,10.211044,122.256882
128757.614464,143.212265,10.181183,122.833237
