160567.217538,140.656891,6.293152,121.280991
160567.258844,140.482864,6.110504,121.389587
160567.300154,140.518875,6.372284,121.332413
160567.341451,140.552094,6.447296,121.521790
160567.382762,140.571899,6.322418,121.578339
160567.424064,140.524490,6.482162,121.395447
160567.465361,140.533112,6.693054,121.567825
160567.506666,140.535385,6.430817,121.528320
160567.547976,140.609940,6.578033,121.577972
160567.589274,140.651123,6.473419,121.523575
160567.630585,140.550385,6.320969,121.550842
160567.671884,140.423111,6.549896,121.422577
160567.713189,140.389023,6.365646,121.408081
160567.754495,140.526138,6.257187,121.327744
160567.795799,140.478287,6.807373,121.366013
160567.837103,140.529022,6.700256,121.302307
160567.878405,140.454559,6.491287,121.667526
160567.919706,140.525650,6.718567,121.240112
160567.961013,140.471588,6.487518,121.348236
160568.002318,140.503418,6.485916,121.150543
160568.043624,140.571182,6.528244,121.161285
160568.084937,140.699783,6.304184,121.354370
160568.126237,140.619293,6.500565,121.216202
160568.167546,140.672653,6.359665,121.238541
160568.208854,140.603653,6.304520,121.349503
160568.250162,140.364304,6.405701,121.268127
160568.291470,140.638321,6.398697,121.357361
160568.332778,140.576126,6.343658,121.614700
160568.374085,140.415680,6.393173,121.404282
160568.415393,140.547104,6.334869,121.435333
160568.456697,140.614059,6.340271,121.465881
160568.498003,140.344925,6.346283,121.394272
160568.539310,140.457169,6.392258,121.328003
160568.580613,140.418320,6.341171,121.419540
160568.621921,140.285248,6.661591,121.663559
160568.663223,140.517258,6.437866,121.285126
160568.704520,140.435867,6.290451,121.399536
160568.745825,140.366837,6.339157,121.529053
160568.787135,140.405869,6.495148,121.590866
160568.828434,140.170517,6.374664,121.440506
160568.869737,140.279953,6.532410,121.640030
160568.911042,140.291397,6.452515,121.544968
160568.952347,140.251114,6.553513,121.656784
160568.993656,140.320557,6.713486,121.510345
160569.034953,140.274261,6.456116,121.517761
160569.076257,140.156418,6.509064,121.649719
160569.117561,140.243469,6.822891,121.431458
160569.158865,140.006866,6.601471,121.708282
160569.200171,140.121124,6.505920,121.283310
160569.241473,140.347488,6.370468,121.553284
160569.282782,140.105438,6.471619,121.836395
160569.324080,140.366501,6.465347,121.323212
160569.365383,140.374512,6.525681,121.304214
160569.406687,140.211044,6.574570,121.436478
160569.447990,140.316528,6.487610,121.354752
160569.489300,140.157822,6.641861,121.441254
160569.530598,140.044479,6.655579,121.200958
160569.571908,140.245712,6.384293,121.194168
160569.613213,140.282639,6.483231,121.368637
160569.654511,140.412888,6.270782,121.226212
160569.695815,140.381149,6.422638,121.120285
160569.737129,140.334885,6.326645,121.251068
160569.778433,140.428192,6.389572,121.398911
160569.819731,140.475555,6.484726,121.165909
160569.861041,140.582047,6.254166,121.447113
160569.902345,140.468414,6.369202,121.326904
160569.943642,140.278915,6.501373,121.228592
160569.984945,140.652023,6.361465,121.531677
160570.026250,140.543289,6.644363,121.224289
160570.067555,140.622849,6.380035,121.050964
160570.108860,140.644562,6.292877,121.270538
160570.150166,140.412842,6.444885,121.047531
160570.191473,140.509766,6.463470,121.216110
160570.232781,140.596176,6.452469,121.166000
160570.274089,140.498428,6.290451,120.963058
160570.315397,140.464783,6.472580,121.048599
160570.356704,140.244873,6.495667,121.235291
160570.398011,140.440353,6.358063,121.284103
160570.439318,140.448395,6.577133,121.070465
160570.480627,140.608383,6.574615,121.009338
160570.521935,140.308105,6.711548,121.488174
160570.563244,140.389145,6.488815,121.101822
160570.604552,140.373383,6.537567,121.036301
160570.645859,140.274139,6.656296,121.344345
160570.687166,140.453979,6.498169,121.166275
160570.728474,140.590790,6.296967,121.020584
160570.769782,140.422958,6.383209,121.422256
160570.811093,140.519379,6.432510,121.554031
160570.852401,140.420944,6.421936,121.453629
160570.893706,140.533920,6.403625,121.348389
160570.935012,140.525757,6.281372,121.333389
160570.976323,140.393204,6.293915,121.580063
160571.017619,140.556488,6.484344,121.176071
160571.058923,140.531921,6.339493,121.621506
160571.100235,140.565887,6.572479,121.611359
160571.141537,140.465073,6.288055,121.890045
160571.182835,140.361588,6.326050,121.598755
160571.224139,140.601120,6.216110,121.547256
160571.265448,140.561798,6.469467,121.674301
160571.306745,140.663330,6.234009,121.521378
160571.348057,140.782043,6.428787,121.182510
160571.389359,140.689957,6.553192,121.544144
160571.430653,140.476837,6.180450,121.374130
160571.471954,140.409637,6.140778,121.362610
160571.513260,140.456421,6.461227,121.186111
160571.554560,140.338791,6.485504,121.174103
160571.595859,140.279358,6.394806,120.872894
160571.637157,140.754868,6.347031,121.099213
160571.678450,140.519455,6.477188,121.285614
160571.719759,140.204514,6.362518,120.714844
160571.761056,140.209274,6.438202,121.367874
160571.802365,140.486450,6.238937,121.416794
160571.843668,140.410934,6.188644,121.433670
160571.884967,140.453491,6.358353,121.427658
160571.926267,140.603729,6.289825,121.419205
160571.967561,140.581528,6.243851,121.272675
160572.008870,140.575226,6.145493,121.241852
160572.050172,140.291855,6.280609,121.388199
160572.091470,140.593658,6.428848,120.866257
160572.132778,140.329819,6.325012,121.019089
160572.174075,140.341080,6.319962,120.664520
160572.215383,140.467606,6.163315,121.366074
160572.256679,140.523376,6.150452,121.358734
160572.297983,140.431458,6.259583,121.302765
160572.339292,140.490356,6.163391,121.638046
160572.380588,140.351593,6.364853,121.423553
160572.421897,140.469635,6.099884,121.685471
160572.463191,140.416702,6.389679,121.593658
160572.504492,140.214157,6.439484,121.334488
160572.545796,140.368942,6.517502,121.348572
160572.587105,140.384506,6.463531,121.246567
160572.628409,140.302673,6.748627,121.177521
160572.669711,140.229523,6.608826,121.573853
160572.711008,140.329483,6.527206,121.404129
160572.752310,140.199799,6.274384,121.625412
160572.793618,140.342178,6.322723,121.597870
160572.834914,140.380005,6.317978,121.413971
160572.876222,140.516068,6.261368,121.545151
160572.917519,140.456085,6.385345,121.276199
160572.958822,140.507477,6.214401,121.520477
160573.000128,140.459213,6.213120,121.396622
160573.041432,140.296768,6.340607,121.710236
160573.082742,140.478378,6.104034,120.999268
160573.124036,140.292404,6.252960,121.519714
160573.165346,140.292709,6.245728,121.862427
160573.206648,140.377335,6.317780,121.562653
160573.247947,140.382828,6.236908,121.532166
160573.289249,140.318893,6.552994,121.652466
160573.330555,140.272156,6.425964,121.587173
160573.371861,140.364334,6.562912,121.473404
160573.413165,140.368973,6.498474,121.561569
160573.454465,140.353073,6.477127,121.180191
160573.495768,140.403717,6.402603,121.270889
160573.537071,140.293320,6.283554,121.133194
160573.578368,140.212036,6.327286,121.352768
160573.619676,140.181580,6.359879,121.300537
160573.660978,140.157211,6.526657,121.531815
160573.702278,140.121277,6.520020,121.520630
160573.743578,140.182602,6.425385,121.361832
160573.784878,140.138199,6.419968,121.585281
160573.826172,140.444870,6.446121,121.476166
160573.867481,140.275543,6.523163,121.423264
160573.908780,140.410614,6.564346,121.371246
160573.950081,140.415100,6.641296,121.340805
160573.991376,140.532944,6.252975,121.519775
160574.032684,140.320053,6.360550,121.580643
160574.073985,140.297867,6.486145,121.558716
160574.115287,140.320984,6.535049,121.392822
160574.156587,140.369598,6.508209,121.379608
160574.197888,140.330978,6.293045,121.696365
160574.239187,140.326630,6.352997,121.298584
160574.280483,140.348419,6.553680,121.223770
160574.321786,140.362091,6.538269,121.591522
160574.363088,140.151077,6.922119,121.822067
160574.404398,140.281509,6.570053,121.497803
160574.445698,140.331345,6.587250,121.529358
160574.486991,140.461884,6.535202,121.382263
160574.528298,140.486145,6.439163,121.496582
160574.569597,140.585907,6.450409,121.677048
160574.610899,140.299637,6.561768,121.380844
160574.652197,140.216400,6.595596,121.614059
160574.693500,140.534851,6.570999,121.460190
160574.734807,140.193085,6.548691,121.738922
160574.776103,140.331055,6.510193,121.480316
160574.817411,140.318192,6.484131,121.603363
160574.858713,140.301773,6.313293,121.890823
160574.900007,140.337723,6.404327,121.542358
160574.941309,140.276855,6.486588,121.322891
160574.982611,140.265427,6.483658,121.412476
160575.023913,140.334839,6.540237,121.222565
160575.065215,140.276001,6.443161,121.387604
160575.106519,140.292374,6.319275,121.583130
160575.147827,140.464493,6.510559,121.229843
160575.189121,140.447327,6.685547,121.235153
160575.230428,140.369537,6.712112,121.364365
160575.271726,140.348404,6.755127,121.358948
160575.313037,140.058304,6.916092,121.278580
160575.354338,140.283157,6.586823,121.189972
160575.395640,140.486053,6.568741,121.053192
160575.436942,140.359528,6.547424,121.000153
160575.478240,140.304291,6.440002,120.997101
160575.519548,140.573059,6.551147,121.030304
160575.560845,140.420792,6.436768,120.473953
160575.602153,140.536789,6.421967,120.774734
160575.643449,140.304779,6.488968,120.700836
160575.684751,140.611389,6.567154,120.731003
160575.726061,140.169693,6.505859,120.966034
160575.767365,140.448883,6.572601,121.232544
160575.808669,140.416977,6.569229,120.936264
160575.849964,140.509430,6.455688,121.192200
160575.891269,140.386795,6.399429,121.141296
160575.932572,140.312241,6.460632,121.106232
160575.973880,140.417511,6.368896,121.252686
160576.015183,140.369415,6.553268,121.094604
160576.056480,140.324051,6.559769,121.427444
160576.097786,140.523224,6.485458,121.215775
160576.139082,140.386917,6.406494,121.093414
160576.180390,140.310165,6.488358,120.942780
160576.221690,140.581726,6.251343,120.695557
160576.262984,140.353699,6.438538,121.331726
160576.304292,140.236557,6.418243,120.981918
160576.345593,140.338120,6.458130,120.931915
160576.386894,140.316589,6.478561,121.142792
160576.428196,140.452240,6.448425,121.153488
160576.469494,140.458008,6.520584,121.097549
160576.510804,140.318207,6.291290,121.256851
160576.552101,140.287537,6.233994,120.862366
160576.593406,140.457184,6.116486,120.942322
160576.634718,140.316010,6.175079,120.717300
160576.676016,140.331360,6.108932,120.913193
160576.717326,140.267197,6.145828,120.925797
160576.758629,140.376450,6.258362,120.560928
160576.799931,140.515106,6.006561,120.902298
160576.841228,140.545013,6.115189,121.299576
160576.882536,140.499496,6.031067,120.823730
160576.923837,140.592331,6.302902,121.054398
160576.965134,140.387131,6.285934,121.240280
160577.006444,140.495728,6.111832,120.844894
160577.047741,140.295746,6.322159,121.263412
160577.089051,140.586868,6.185272,120.694244
160577.130346,140.469009,6.607910,120.893158
160577.171657,140.425262,6.418930,120.632202
160577.212954,140.525436,6.498337,120.694870
160577.254263,140.497223,6.487900,121.191925
160577.295567,140.428635,6.457245,120.827682
160577.336866,140.278854,6.331482,120.710892
160577.378171,140.374146,6.305084,121.103699
160577.419478,140.367493,6.189514,121.192535
160577.460790,140.605026,6.282898,121.228470
160577.502086,140.277954,6.365768,121.181625
160577.543395,140.376923,6.340042,121.006775
160577.584698,140.327576,6.373657,121.281616
160577.626001,140.379898,6.138718,120.860046
160577.667297,140.461121,6.249023,121.060669
160577.708601,140.613297,6.336334,121.428482
160577.749910,140.669144,6.237732,121.306793
160577.791214,140.653076,6.340302,121.034225
160577.832515,140.569687,6.173859,121.214844
160577.873818,140.643204,6.282471,121.369705
160577.915121,140.475800,6.244324,121.446365
160577.956421,140.549377,6.223267,121.424500
160577.997725,140.370316,6.370346,121.100861
160578.039029,140.496292,6.200470,121.458832
160578.080329,140.327789,6.479889,121.337891
160578.121636,140.412033,6.230911,121.259308
160578.162939,140.258316,6.295120,121.422668
160578.204239,140.314728,6.331863,121.529190
160578.245551,140.370834,6.237701,121.397995
160578.286850,140.448486,6.486237,121.346771
160578.328163,140.254425,6.283966,121.427170
160578.369463,140.285751,6.309891,121.101303
160578.410773,140.305573,6.499329,121.330276
160578.452074,140.388657,6.333603,121.470612
160578.493375,140.301453,6.223541,121.237244
160578.534677,140.509689,6.229691,121.061890
160578.575980,140.431549,6.376709,121.004822
160578.617284,140.584503,6.163910,121.301208
160578.658587,140.313080,6.333557,121.382797
160578.699886,140.176849,6.337326,121.284790
160578.741192,140.310730,6.260284,121.009766
160578.782498,140.126541,6.296402,120.936218
160578.823804,140.205109,6.507614,121.389877
160578.865109,140.402008,6.577652,121.253738
160578.906418,140.300354,6.355652,121.294174
160578.947720,140.254105,6.495193,121.267014
160578.989023,140.417206,6.391479,121.083969
160579.030319,140.398682,6.406113,121.115540
160579.071629,140.478821,6.350693,121.446579
160579.112927,140.431519,6.617416,121.243256
160579.154228,140.456024,6.117599,121.339523
160579.195536,140.435394,6.174332,121.278732
160579.236839,140.246017,6.503387,121.325897
160579.278141,140.347107,6.350082,121.122406
160579.319440,140.203308,6.380402,121.268860
160579.360741,140.253983,6.263428,121.394897
160579.402037,140.212646,6.204102,121.267899
160579.443345,140.321152,6.343506,121.463684
160579.484638,140.345734,6.290497,121.289856
160579.525945,140.217941,6.309067,121.098633
160579.567246,140.575333,6.201370,121.269547
160579.608548,140.367096,6.339813,120.973831
160579.649847,140.366440,6.281433,120.948929
160579.691148,140.357056,6.083496,120.900085
160579.732448,140.425552,6.369705,120.980087
160579.773747,140.570221,6.148911,121.362442
160579.815048,140.438156,6.379257,121.409576
160579.856343,140.377319,6.283325,121.520721
160579.897645,140.637833,6.251511,121.590271
160579.938946,140.480713,6.304230,121.521774
160579.980249,140.324448,6.317520,121.545135
160580.021557,140.571289,6.198578,121.406372
160580.062857,140.406479,6.387146,121.568588
160580.104152,140.347549,6.557800,121.499374
160580.145452,140.533569,6.274399,121.848450
160580.186754,140.503159,6.353821,121.517654
160580.228060,140.617508,6.309036,121.581238
160580.269362,140.552643,6.137146,121.545731
160580.310665,140.440826,6.303650,121.442398
160580.351960,140.621613,6.252655,121.341980
160580.393268,140.373535,6.480911,121.512314
160580.434569,140.365204,6.305130,121.532516
160580.475872,140.430313,6.271149,121.786484
160580.517167,140.603821,6.192429,121.627182
160580.558476,140.299820,6.394333,121.501923
160580.599779,140.499634,6.293365,121.490387
160580.641080,140.607361,6.160706,121.593994
160580.682384,140.362137,6.458038,121.325714
160580.723681,140.343857,6.285660,121.363083
160580.764990,140.391357,6.432480,121.606628
160580.806290,140.385529,6.505447,121.714081
160580.847583,140.304901,6.575455,121.458908
160580.888890,140.421768,6.454880,121.472595
160580.930190,140.357483,6.509933,121.904572
160580.971486,140.422440,6.439697,121.685837
160581.012787,140.232620,6.511124,121.748459
160581.054096,140.412216,6.465607,121.519821
160581.095397,140.469498,6.481140,121.667969
160581.136691,140.493576,6.304001,121.719543
160581.177999,140.499969,6.190125,121.502029
160581.219301,140.551575,6.141022,121.683319
160581.260596,140.544296,6.162338,121.574295
160581.301899,140.411118,6.153580,121.680878
160581.343208,140.198120,6.695160,121.412338
160581.384511,140.507675,6.364044,121.300812
160581.425813,140.253586,6.451538,121.631088
160581.467109,140.333252,6.476562,121.520050
160581.508416,140.224792,6.171585,121.473221
160581.549730,140.314697,6.246277,121.697876
160581.591027,140.607529,6.183380,121.421051
160581.632337,140.317505,6.070129,121.740372
160581.673635,140.333496,6.409805,121.553467
160581.714946,140.316284,6.329041,121.695847
160581.756244,140.427094,6.293518,121.401306
160581.797551,140.428162,6.509918,121.396667
160581.838864,140.445663,6.376022,121.240845
160581.880161,140.600388,6.330643,121.275635
160581.921464,140.586029,6.125656,121.631973
160581.962767,140.572311,6.211288,121.455276
160582.004072,140.643845,6.247375,121.560196
160582.045376,140.658951,5.957138,121.644592
160582.086682,140.655350,6.253632,121.795456
160582.127987,140.595490,6.201614,121.879288
160582.169292,140.588531,6.210922,121.869583
160582.210596,140.669449,6.189590,121.543106
160582.251908,140.582306,6.213898,121.719772
160582.293208,140.662827,6.208038,121.892944
160582.334518,140.609116,6.106613,121.658157
160582.375821,140.263123,6.331680,122.025787
160582.417118,140.519135,6.049438,121.904404
160582.458422,140.569046,6.081635,122.076584
160582.499732,140.663879,6.284119,121.886444
160582.541033,140.690674,5.931488,121.803574
160582.582331,140.330750,6.122665,122.034393
160582.623635,140.430710,5.972458,121.710220
160582.664938,140.281631,6.292557,121.689301
160582.706250,140.471756,6.273560,121.690125
160582.747548,140.608643,6.145493,121.554092
160582.788852,140.540390,6.093277,121.716278
160582.830165,140.363297,6.333817,121.720154
160582.871463,140.607056,6.207596,121.648270
160582.912771,140.379868,6.298233,121.855240
160582.954069,140.345001,6.285950,121.541382
160582.995373,140.494675,6.178940,121.473221
160583.036677,140.602264,6.155731,121.590759
160583.077990,140.331482,6.331863,121.600571
160583.119289,140.601837,6.180710,121.587173
160583.160595,140.452103,5.967407,121.639496
160583.201901,140.403336,5.978928,121.533524
160583.243206,140.373901,6.064499,121.841217
160583.284513,140.501541,6.062561,121.776764
160583.325819,140.501175,6.187500,121.811920
160583.367125,140.619217,5.999008,121.244812
160583.408430,140.645813,6.207016,121.715469
160583.449736,140.472580,6.057480,121.481293
160583.491042,140.605972,6.178467,121.287155
160583.532347,140.482391,6.306686,121.454193
160583.573653,140.541534,6.145599,121.489594
160583.614960,140.408096,6.187256,121.406540
160583.656265,140.479294,6.181198,121.527359
160583.697569,140.484406,6.264297,121.657333
160583.738873,140.550552,6.073395,121.362045
160583.780178,140.612442,6.165726,121.576279
160583.821489,140.779816,5.983276,121.467010
160583.862793,140.832153,5.935226,121.494080
160583.904096,140.564438,5.818619,121.118179
160583.945399,140.515823,6.063385,121.572815
160583.986701,140.521927,6.200195,121.677505
160584.027999,140.495636,6.074478,121.448853
160584.069308,140.553314,6.149948,121.475418
160584.110616,140.431625,6.133667,121.935699
160584.151920,140.797089,5.978088,121.502838
160584.193231,140.634521,6.274780,121.687729
160584.234530,140.635849,6.263611,121.566666
160584.275837,140.717041,6.092941,121.578110
160584.317149,140.519394,6.161957,121.507202
160584.358449,140.603668,6.080597,121.615311
160584.399756,140.589935,6.490494,121.502625
160584.441063,140.532608,6.210480,121.623856
160584.482368,140.406052,6.497086,121.501907
160584.523674,140.323914,6.346100,121.351135
160584.564981,140.503281,6.097366,121.725311
160584.606288,140.610550,6.144135,121.548630
160584.647594,140.644577,6.178223,121.476761
160584.688901,140.359955,6.282974,121.406418
160584.730208,140.560898,6.152054,121.316391
160584.771516,140.673645,6.184570,121.369354
160584.812828,140.341843,6.487808,121.444763
160584.854134,140.645416,6.363144,121.400970
160584.895433,140.573441,6.171234,121.426056
160584.936739,140.442764,6.103897,121.179550
160584.978043,140.439270,6.503525,121.163574
160585.019350,140.455368,6.009583,121.417404
160585.060655,140.345230,6.412796,121.408371
160585.101966,140.051682,6.480988,121.858963
160585.143271,140.392410,6.033401,121.475098
160585.184565,140.538483,6.175293,121.278244
160585.225869,140.251541,6.468140,121.504791
160585.267175,140.204605,6.418335,121.388260
160585.308478,140.410019,6.422913,121.122650
160585.349790,140.297791,6.211014,121.517380
160585.391089,140.480301,6.136765,121.412476
160585.432393,140.178268,6.349533,121.492569
160585.473699,140.406342,6.417908,121.581741
160585.515006,140.382568,6.391495,121.434036
160585.556311,140.568298,6.204849,121.199219
160585.597617,140.563141,6.172714,121.244202
160585.638930,140.365433,6.298584,121.493515
160585.680226,140.366058,6.285309,121.280380
160585.721530,140.385986,6.486725,121.331711
160585.762835,140.399765,6.202560,121.156891
160585.804139,140.354691,6.316711,121.643524
160585.845442,140.178818,6.329605,121.466690
160585.886752,140.389053,6.521912,121.258835
160585.928056,140.447632,6.370346,121.406754
160585.969352,140.529938,6.257477,121.746368
160586.010658,140.285583,6.226715,121.644287
160586.051968,140.503723,6.126953,121.561783
160586.093266,140.467834,6.453568,121.459732
160586.134570,140.526688,6.467026,121.670929
160586.175883,140.224228,6.592804,121.108490
160586.217182,140.087112,6.640350,121.232986
160586.258486,140.165314,6.529175,121.479507
160586.299794,140.157944,6.599564,121.413300
160586.341097,140.089142,6.403824,121.267883
160586.382407,140.153687,6.544205,121.120224
160586.423706,140.185760,6.170288,121.346405
160586.465010,140.265030,6.361130,121.143860
160586.506321,140.332886,6.391937,121.414993
160586.547621,140.495560,6.256058,121.434235
160586.588927,140.183701,6.551544,121.421295
160586.630232,140.036377,6.541794,121.420914
160586.671544,140.288940,6.398590,121.620865
160586.712843,140.360092,6.412384,121.284531
160586.754152,140.185989,6.605530,121.296112
160586.795450,140.257874,6.266815,121.647629
160586.836762,140.276596,6.468811,121.659317
160586.878059,140.373795,6.341812,121.197922
160586.919363,140.281372,6.477356,121.504181
160586.960669,140.227417,6.339188,121.262131
160587.001975,139.971558,6.385559,121.450409
160587.043279,140.174072,6.508652,121.400345
160587.084587,140.284714,6.353806,121.485229
160587.125892,140.355576,6.349121,121.444321
160587.167196,140.199341,6.359772,120.914825
160587.208502,140.189362,6.415909,120.853287
160587.249808,140.124023,6.564178,121.241211
160587.291114,140.163284,6.550888,121.158279
160587.332418,140.207291,6.382217,121.322586
160587.373725,140.272766,6.364441,121.477493
160587.415029,140.194458,6.550629,121.286026
160587.456341,140.384888,6.564392,121.222504
160587.497640,140.282257,6.548538,121.356094
160587.538944,140.310120,6.315613,121.428284
160587.580246,140.033661,6.426559,121.145889
160587.621557,140.029282,6.308853,120.773560
160587.662856,139.973557,6.438889,120.996918
160587.704161,139.972519,6.277161,120.929504
160587.745469,140.069855,6.136627,121.118942
160587.786782,140.177567,6.348083,120.974289
160587.828082,140.373581,6.500519,121.204285
160587.869395,140.244019,6.525757,121.252350
160587.910695,140.385361,6.398209,121.263779
160587.952001,140.169388,6.196548,121.497253
160587.993307,140.136841,6.401886,121.338409
160588.034614,140.143982,6.737076,121.279633
160588.075922,140.058594,6.670197,121.209732
160588.117230,140.043808,6.684799,121.027649
160588.158537,140.060745,6.319290,121.121719
160588.199850,140.039551,6.429138,121.127533
160588.241155,139.956711,6.514389,120.949524
160588.282456,140.090805,6.438904,121.071320
160588.323770,139.903458,6.231277,121.034515
160588.365070,140.105087,6.307159,121.432663
160588.406376,140.026810,6.249207,121.184616
160588.447683,140.364502,6.287933,121.266739
160588.488991,140.381454,6.393631,121.263626
160588.530297,140.306183,6.475052,121.231232
160588.571602,140.204681,6.191910,121.238052
160588.612907,140.115540,6.287094,121.457474
160588.654214,140.325073,6.285675,121.558090
160588.695521,140.213318,6.578781,121.295151
160588.736831,140.372910,6.484100,121.321609
160588.778140,140.196503,6.408905,121.595352
160588.819448,140.166214,6.482605,121.371552
160588.860757,140.246597,6.493927,121.282486
160588.902066,140.108566,6.711365,121.362503
160588.943373,140.021301,6.515930,121.399231
160588.984679,140.256287,6.496078,121.483673
160589.025986,139.908432,6.697449,121.269760
160589.067290,140.107758,6.544846,121.271866
160589.108596,140.296021,6.373276,121.450974
160589.149908,140.195206,6.484863,121.311676
160589.191206,140.288315,6.290192,121.598877
160589.232511,140.243225,6.447174,121.468903
160589.273817,140.246078,6.247925,121.512512
160589.315129,140.441360,6.094925,121.208038
160589.356433,140.175156,6.285675,121.469223
160589.397731,140.250732,6.080643,121.445831
160589.439043,140.036255,6.432404,121.316437
160589.480347,140.302856,6.245560,121.355087
160589.521645,140.297302,6.414124,121.484756
160589.562950,139.949646,6.624863,121.652222
160589.604260,140.051193,6.376877,121.218781
160589.645559,139.968094,6.410416,121.281067
160589.686863,140.051529,6.358154,121.364426
160589.728166,140.203735,6.374802,121.586990
160589.769477,140.529572,6.051971,121.432083
160589.810774,140.357437,6.283554,121.489441
160589.852077,140.579941,6.189682,121.168213
160589.893384,140.454407,5.928391,121.529694
160589.934697,140.266647,6.248520,121.390015
160589.975994,140.449631,6.161224,121.340530
160590.017300,140.526413,6.576187,121.252411
160590.058607,140.334518,6.352921,121.533447
160590.099911,140.230560,6.413696,121.334274
160590.141221,140.275879,6.211044,121.231842
160590.182520,140.281570,6.392288,121.210693
160590.223825,140.498795,6.322632,121.346634
160590.265132,140.111938,6.328766,121.414566
160590.306439,140.129532,6.287689,121.162003
160590.347744,140.413910,6.127975,121.338486
160590.389050,140.181839,6.200134,121.161514
160590.430354,140.480560,6.310776,121.150726
160590.471660,140.284241,6.266632,121.453186
160590.512965,140.352509,6.335739,121.497757
160590.554269,140.350388,6.347229,121.148315
160590.595574,140.595291,6.183197,121.534897
160590.636879,140.506180,6.493011,121.316879
160590.678182,140.390503,6.371262,121.389954
160590.719485,140.323349,6.232285,121.405273
160590.760789,140.449234,6.200027,121.265106
160590.802092,140.239365,6.478149,121.512054
160590.843394,140.280090,6.414627,121.337173
160590.884697,140.239639,6.581940,121.309418
160590.926000,140.264206,6.321289,120.952850
160590.967304,140.210678,6.140839,121.434784
160591.008607,140.315262,6.116379,121.151047
160591.049916,140.258102,6.234909,121.445404
160591.091212,140.173340,6.354843,121.168976
160591.132516,140.337936,6.077728,121.332443
160591.173825,140.181839,6.221481,120.993561
160591.215125,140.247162,6.381744,121.308868
160591.256438,140.450562,6.376160,121.467453
160591.297738,140.676514,6.169632,121.469574
160591.339044,140.402344,6.176239,121.321487
160591.380349,140.197006,6.289749,121.294159
160591.421655,140.606323,6.211258,121.292023
160591.462954,140.734970,6.217804,121.101807
160591.504248,140.272812,6.244095,121.113464
160591.545554,140.462311,6.036987,120.856598
160591.586847,140.501724,6.025406,120.783478
160591.628149,140.567215,6.172089,121.041397
160591.669455,140.512146,6.012817,120.880035
160591.710763,140.653717,6.233017,121.114716
160591.752063,140.513062,6.314117,121.247437
160591.793364,140.485550,6.069565,120.901413
160591.834660,140.542099,6.248810,121.022949
160591.875969,140.523544,6.226257,120.659302
160591.917265,140.597916,6.171692,121.207642
160591.958568,140.739532,6.086365,120.906342
160591.999872,140.650375,6.038177,121.070969
160592.041174,140.462601,6.406433,121.089020
160592.082482,140.405060,6.168869,120.696350
160592.123776,140.563232,6.150787,120.784592
160592.165079,140.388168,6.122177,120.953979
160592.206385,140.313461,6.281845,121.093704
160592.247687,140.472885,6.006638,120.803116
160592.288997,140.435257,6.057480,121.214310
160592.330294,140.489517,6.054153,121.155304
160592.371597,140.418869,5.984131,121.081970
160592.412899,140.329224,5.958786,120.697433
160592.454206,140.326889,6.108749,121.143158
160592.495506,140.722183,6.173996,121.133209
160592.536801,140.540894,6.116470,120.666916
160592.578108,140.561096,6.209076,121.273041
160592.619407,140.499954,6.118286,121.274368
160592.660706,140.611938,5.811737,121.221893
160592.702007,140.432190,6.104279,120.932373
160592.743303,140.443176,6.160233,120.769211
160592.784604,140.191605,6.390091,121.059448
160592.825911,140.292480,6.237091,120.921982
160592.867214,140.303192,6.278641,120.539383
160592.908516,140.324570,6.183426,120.642181
160592.949812,140.373550,6.148239,120.543259
160592.991115,140.499435,6.047256,121.110596
160593.032419,140.228119,6.141159,120.902939
160593.073730,140.402863,6.212906,120.908188
160593.115033,140.410828,6.207596,121.193817
160593.156329,140.461380,6.129608,120.960281
160593.197633,140.542770,6.287216,121.241486
160593.238939,140.495621,6.475571,121.278732
160593.280243,140.500412,6.260498,121.333862
160593.321549,140.433853,6.262253,121.314545
160593.362859,140.289139,6.071777,121.180206
160593.404162,140.261490,6.188858,121.144867
160593.445466,140.454666,6.179947,121.328140
160593.486768,140.464127,6.234619,121.171478
160593.528066,140.109772,6.098465,121.351501
160593.569369,140.398163,6.266159,121.176895
160593.610674,140.419876,5.941528,121.157928
160593.651979,140.425705,6.362946,121.109009
160593.693290,140.292511,6.262817,121.124084
160593.734584,140.260986,6.306656,121.070480
160593.775892,140.279404,6.241913,121.352280
160593.817187,140.449921,6.213806,121.218643
160593.858496,140.406555,6.422379,121.335190
160593.899799,140.428467,6.357971,121.252716
160593.941096,140.561722,6.216873,121.043625
160593.982406,140.391907,6.260406,121.107071
160594.023708,140.651169,6.302444,121.294754
160594.065010,140.485870,6.161652,121.198669
160594.106306,140.463364,6.374802,121.225143
160594.147609,140.379333,6.279541,121.250198
160594.188911,140.303848,6.228226,121.260086
160594.230214,140.460693,6.257706,120.874588
160594.271522,140.423370,6.179688,121.060699
160594.312821,140.479202,6.347610,121.033875
160594.354120,140.336426,6.360199,121.282349
160594.395412,140.391937,6.229019,121.131180
160594.436715,140.555817,6.191483,121.029144
160594.478012,140.583572,6.241898,121.294830
160594.519310,140.495087,6.502243,121.322647
160594.560609,140.379807,6.457993,121.500854
160594.601901,140.463287,6.416382,121.151138
160594.643202,140.540695,6.332916,121.316650
160594.684508,140.473312,6.220993,120.904953
160594.725801,140.281082,6.324509,120.973114
160594.767107,140.363022,6.151932,121.217407
160594.808406,140.546585,6.211151,121.300735
160594.849704,140.475388,6.028687,121.270584
160594.891002,140.531891,6.169342,121.181427
160594.932301,140.462967,6.182465,121.479294
160594.973598,140.436478,6.160339,121.368515
160595.014889,140.460373,6.140869,121.572281
160595.056196,140.610077,6.208145,121.389847
160595.097499,140.603149,6.242889,121.433868
160595.138801,140.659927,6.190857,121.442078
160595.180101,140.402130,6.397995,121.572479
160595.221401,140.281174,6.454681,121.299225
160595.262695,140.441071,6.263702,121.468018
160595.304003,140.304398,6.439133,121.173294
160595.345305,140.317932,6.468460,121.263229
160595.386601,140.325516,6.671906,121.193039
160595.427913,140.386505,6.467270,121.237289
160595.469220,140.247665,6.298447,121.090698
160595.510517,140.370667,6.103958,121.398376
160595.551826,140.332962,6.316620,121.397400
160595.593128,140.389648,6.420364,121.291046
160595.634422,140.556870,6.272125,121.288757
160595.675732,140.671829,6.154663,121.132233
160595.717030,140.323914,6.284470,121.309204
160595.758340,140.689697,6.156815,121.007446
160595.799643,140.506454,6.470169,121.318619
160595.840944,140.542679,6.268967,121.248810
160595.882246,140.748810,6.204132,121.104279
160595.923544,140.642883,6.254990,120.969147
160595.964846,140.457855,6.414719,121.275101
160596.006149,140.370255,6.448578,121.279724
160596.047453,140.429901,6.389297,121.403900
160596.088759,140.400330,6.383286,121.371140
160596.130065,140.575500,6.139481,121.083511
160596.171371,140.357956,6.457962,121.365570
160596.212676,140.567123,6.205841,121.425613
160596.253981,140.478531,6.232391,121.013031
160596.295284,140.565994,6.135605,121.158203
160596.336592,140.545609,6.476791,121.210770
160596.377894,140.596222,6.221542,121.061707
160596.419196,140.559235,6.222336,121.240311
160596.460496,140.365189,6.704437,121.322464
160596.501791,140.514786,6.363892,121.161041
160596.543093,140.572189,6.400436,121.246597
160596.584397,140.583038,6.117554,121.275696
160596.625705,140.502304,6.264267,121.259827
160596.667005,140.585938,6.172241,121.273941
160596.708307,140.538467,6.137360,121.188507
160596.749603,140.495224,6.236755,121.270828
160596.790912,140.532471,6.005997,121.534058
160596.832213,140.389954,5.949753,121.476212
160596.873515,140.536011,6.490494,121.382355
160596.914817,140.444244,6.237518,121.526810
160596.956113,140.519440,6.358032,121.269409
160596.997423,140.566025,6.170425,121.311844
160597.038719,140.600555,6.160492,121.537735
160597.080029,140.411713,6.189590,121.218109
160597.121332,140.763321,6.359619,121.232101
160597.162635,140.671021,6.396744,121.133865
160597.203935,140.518875,6.350296,121.274612
160597.245234,140.348251,6.289871,121.355713
160597.286540,140.561478,6.185196,121.276611
160597.327850,140.472000,6.228119,121.148895
160597.369149,140.565628,6.091110,120.911743
160597.410460,140.505615,6.246597,120.838745
160597.451758,140.606415,6.175552,121.284897
160597.493060,140.324829,6.353745,121.247040
160597.534369,140.598770,6.190506,121.218842
160597.575664,140.626938,6.183167,121.100952
160597.616973,140.622070,6.168045,121.330444
160597.658276,140.551743,6.208221,121.232498
160597.699577,140.439850,6.204620,121.448090
160597.740879,140.688858,6.317505,121.566559
160597.782177,140.651596,6.208359,120.961624
160597.823487,140.547852,6.331650,121.447067
160597.864784,140.629120,6.160355,121.299255
160597.906096,140.322784,6.329788,121.315155
160597.947396,140.586136,6.206451,121.471924
160597.988700,140.368561,6.467010,121.037506
160598.030006,140.756516,6.267532,121.000000
160598.071310,140.415436,6.520691,121.229095
160598.112616,140.712799,6.190323,121.100784
160598.153927,140.543930,6.501801,120.927277
160598.195233,140.313248,6.464249,121.343369
160598.236528,140.580353,6.308060,121.499374
160598.277832,140.612045,6.419861,121.241852
160598.319134,140.632797,6.275650,120.980438
160598.360446,140.679550,6.236938,121.084442
160598.401750,140.540619,6.442368,121.275269
160598.443048,140.420654,6.357254,121.236313
160598.484357,140.660477,6.314362,121.384857
160598.525662,140.413727,6.377335,121.237381
160598.566958,140.672363,6.428833,120.951385
160598.608263,140.538773,6.431763,121.206268
160598.649573,140.463272,6.422241,121.074692
160598.690875,140.664047,6.042130,121.053162
160598.732177,140.438522,6.107742,120.669830
160598.773476,140.258728,6.346848,121.120224
160598.814775,140.447906,6.059052,121.242599
160598.856073,140.428650,6.229874,121.188004
160598.897372,140.314163,6.336624,121.229950
160598.938671,140.331314,6.294739,121.207870
160598.979968,140.301147,6.255859,120.842590
160599.021268,140.378296,6.441116,120.930710
160599.062567,140.613632,6.478622,121.147858
160599.103859,140.342285,6.431946,121.250458
160599.145166,140.413239,6.418579,121.052063
160599.186459,140.294281,6.298325,120.753418
160599.227767,140.554123,6.332001,120.653198
160599.269064,140.336945,6.347260,120.320267
160599.310365,140.425156,6.152161,120.984436
160599.351674,140.462509,6.194321,120.793335
160599.392975,140.259842,6.403198,120.900223
160599.434271,140.686478,6.355850,121.031784
160599.475575,140.498734,6.251572,121.161865
160599.516882,140.248001,6.264343,121.319290
160599.558180,140.515015,6.289185,121.171600
160599.599489,140.365845,6.306641,121.194046
160599.640791,140.619766,6.064362,120.813629
160599.682093,140.546921,6.238525,121.429565
160599.723388,140.537369,6.387390,121.206192
160599.764697,140.621185,6.223618,121.109619
160599.805999,140.548645,6.329620,121.238190
160599.847299,140.605606,6.115982,121.185989
160599.888594,140.705566,6.310135,121.074142
160599.929901,140.370880,6.246674,121.087280
160599.971206,140.451660,6.100037,120.524536
160600.012503,140.555588,6.025421,120.737640
160600.053813,140.551163,5.968033,120.979874
160600.095116,140.466675,6.070221,120.721130
160600.136419,140.502899,6.161575,121.159531
160600.177713,140.427795,6.129547,120.935486
160600.219019,140.548798,6.148224,121.246201
160600.260316,140.410812,6.177826,121.308853
160600.301617,140.487244,6.200333,121.517105
160600.342918,140.440552,6.145508,121.196808
160600.384212,140.689453,6.242523,120.933212
160600.425514,140.647568,6.326523,121.229477
160600.466824,140.459869,6.230988,120.668182
160600.508125,140.549591,6.321472,120.861237
160600.549425,140.464828,6.041992,120.923370
160600.590725,140.469009,6.278961,120.709274
160600.632028,140.475693,5.946045,120.718719
160600.673330,140.567749,6.115738,121.036499
160600.714630,140.587784,6.146729,121.099213
160600.755930,140.682007,5.947357,121.097656
160600.797231,140.503296,6.260941,120.955643
160600.838531,140.492767,6.299301,121.063171
160600.879829,140.397446,6.381836,121.224670
160600.921127,140.524719,6.361084,120.930984
160600.962426,140.524460,6.159958,121.212616
160601.003725,140.591507,6.261353,121.225708
160601.045016,140.417542,6.411926,121.395828
160601.086322,140.602737,6.537613,121.197617
160601.127622,140.329666,6.297119,121.003845
160601.168924,140.351486,6.523636,121.218292
160601.210225,140.248047,6.494247,121.251801
160601.251528,140.500122,6.472656,121.030746
160601.292829,140.420135,6.151016,120.999969
160601.334130,140.515594,6.252792,121.303253
160601.375430,140.297058,6.423889,121.037460
160601.416733,140.342911,6.289749,121.083130
160601.458027,140.272034,6.553543,121.112625
160601.499335,140.212540,6.433792,120.715973
160601.540635,140.122986,6.587296,121.285110
160601.581936,140.287415,6.468384,120.801239
160601.623237,140.041550,6.624268,121.331207
160601.664539,140.478745,6.471939,121.360947
160601.705840,140.209137,6.515228,120.816513
160601.747139,140.367584,6.568375,121.050888
160601.788440,140.122009,6.694763,121.173035
160601.829740,140.311630,6.441376,121.208099
160601.871040,140.263519,6.355164,121.077911
160601.912340,140.412537,6.361893,121.298050
160601.953635,140.513763,6.321671,121.219955
160601.994944,140.501572,6.301804,121.023132
160602.036246,140.305725,6.252472,121.234573
160602.077546,140.286011,6.240829,121.360672
160602.118845,140.429855,6.411392,121.315094
160602.160144,140.052200,6.409714,121.242920
160602.201446,140.192383,6.317993,120.947845
160602.242743,140.605469,6.329849,120.857224
160602.284047,140.349640,6.417923,121.110519
160602.325350,140.319351,6.421707,121.262878
160602.366657,140.241119,6.615204,121.222321
160602.407958,140.375061,6.556442,121.418701
160602.449256,140.226151,6.420914,120.992035
160602.490547,140.240448,6.242905,121.223785
160602.531853,140.095505,6.377548,121.582489
160602.573154,140.228760,6.395767,121.080276
160602.614454,140.267197,6.509888,121.258194
160602.655753,140.288223,6.444229,121.513565
160602.697054,140.121124,6.427277,120.991486
160602.738355,140.167252,6.616226,121.425842
160602.779649,140.167984,6.597610,121.416809
160602.820952,140.177887,6.597702,121.243378
160602.862254,140.259872,6.337158,121.413254
160602.903563,140.163162,6.417435,121.326080
160602.944866,140.386429,6.292389,121.396805
160602.986169,140.106903,6.497253,121.339966
160603.027470,140.515137,6.173874,121.368866
160603.068772,140.401917,6.334305,121.440323
160603.110066,140.457077,6.176224,121.281937
160603.151374,140.438446,6.192139,121.203674
160603.192667,140.261810,6.248535,121.296890
160603.233976,140.166412,6.421707,121.492554
160603.275271,140.262726,6.268723,120.957779
160603.316577,140.221924,6.277130,121.014755
160603.357886,140.305038,6.268234,121.271576
160603.399182,140.297836,6.069595,121.008667
160603.440485,140.440430,5.972107,121.505325
160603.481788,140.376678,6.117279,120.913177
160603.523098,140.577133,6.360748,121.398224
160603.564399,140.648941,5.934113,121.260391
160603.605700,140.295639,6.221832,120.817032
160603.647000,140.529831,6.195908,121.155060
160603.688295,140.418167,6.421402,121.327362
160603.729598,140.474167,6.161011,121.462830
160603.770907,140.315842,6.419632,121.348206
160603.812209,140.641190,6.182007,121.324478
160603.853509,140.791336,5.990875,121.400116
160603.894804,140.587616,6.114563,121.051788
160603.936112,140.404037,6.153442,121.246643
160603.977415,140.409973,6.124146,121.328506
160604.018718,140.396072,6.110825,120.951813
160604.060014,140.503784,6.359360,121.289322
160604.101316,140.578842,6.216690,121.042603
160604.142623,140.467041,6.118011,120.871292
160604.183924,140.542938,6.322250,121.231445
160604.225222,140.483521,6.209793,121.211746
160604.266530,140.510651,6.173874,121.377838
160604.307831,140.627090,6.209122,121.414230
160604.349124,140.359360,6.347336,121.240036
160604.390426,140.280121,6.264053,121.175186
160604.431734,140.260300,6.339920,121.258377
160604.473033,140.284500,6.244507,121.283875
160604.514330,140.599106,6.315903,121.026611
160604.555636,140.281509,6.495499,121.319885
160604.596948,140.221069,6.142883,121.088287
160604.638251,140.411118,6.088455,121.340591
160604.679548,140.220505,6.184113,121.513718
160604.720857,140.216125,6.198792,121.351593
160604.762155,140.324265,6.310699,121.593445
160604.803463,140.253235,6.483383,121.511917
160604.844765,140.242218,6.209274,121.482208
160604.886067,140.484940,6.172760,121.462311
160604.927370,140.540833,6.189148,121.661713
160604.968666,140.422012,6.155945,121.342056
160605.009975,140.500351,6.448624,121.329956
160605.051275,140.473465,6.461304,121.269623
160605.092569,140.380142,6.607559,121.231430
160605.133874,140.459579,6.370346,121.267181
160605.175174,140.453781,6.384201,121.088333
160605.216477,140.286591,6.443497,121.223114
160605.257776,140.604156,6.434402,121.139038
160605.299074,140.460495,6.233414,121.513397
160605.340372,140.532272,6.448792,121.184845
160605.381671,140.558853,6.124847,121.587296
160605.422969,140.477081,6.234421,121.347778
160605.464269,140.661346,6.305008,121.410294
160605.505562,140.501801,6.483765,121.033707
160605.546862,140.378067,6.442551,121.298706
160605.588170,140.424500,6.360031,121.369019
160605.629470,140.723434,6.312988,121.138412
160605.670770,140.583145,6.247787,121.230042
160605.712064,140.511658,6.119965,121.449722
160605.753372,140.559433,6.147003,121.291809
160605.794673,140.579926,6.183929,121.534988
160605.835973,140.802826,5.888718,121.264160
160605.877269,140.651031,6.201096,121.349075
160605.918570,140.461975,6.154617,121.037903
160605.959879,140.463409,6.033249,121.283554
160606.001174,140.473129,6.202286,121.349289
160606.042481,140.647995,6.202728,121.089737
160606.083780,140.792786,6.067123,121.350693
160606.125072,140.638077,6.262329,121.322632
160606.166377,140.512131,6.319504,121.446732
160606.207671,140.498795,6.450714,121.314194
160606.248981,140.655609,6.340118,121.602814
160606.290282,140.550385,6.191681,121.465210
160606.331586,140.340088,6.341507,121.585938
160606.372884,140.267807,6.274384,121.407349
160606.414186,140.610977,6.213623,121.487823
160606.455482,140.624496,6.215179,121.551941
160606.496793,140.462494,6.194946,121.623947
160606.538095,140.556778,6.288132,121.439392
160606.579397,140.460083,6.015442,121.411819
160606.620699,140.517212,6.152176,121.460297
160606.661995,140.523941,6.255066,121.663742
160606.703303,140.307816,6.262543,121.322708
160606.744604,140.354416,6.336990,121.740433
160606.785900,140.590515,6.208084,121.409561
160606.827199,140.302383,6.339752,121.440353
160606.868500,140.496109,6.232315,121.343796
160606.909808,140.213593,6.330948,121.332275
160606.951108,140.506317,6.318115,121.475311
160606.992408,140.524567,6.311264,121.454849
160607.033707,140.512939,6.313858,121.494507
160607.075005,140.494522,6.312393,121.029556
160607.116304,140.324356,6.491531,121.147858
160607.157604,140.381454,6.404083,121.248962
160607.198899,140.448776,6.556427,121.137512
160607.240206,140.584320,6.312622,121.049545
160607.281504,140.256378,6.385941,121.330002
160607.322803,140.488541,6.234070,120.960037
160607.364095,140.524353,6.251266,121.199295
160607.405403,140.529022,6.273193,120.695312
160607.446698,140.284698,6.384659,121.025345
160607.487996,140.285995,6.488708,121.577744
160607.529295,140.555435,6.215927,121.287354
160607.570593,140.592743,6.174591,121.415466
160607.611891,140.586960,6.343903,121.388168
160607.653189,140.622818,6.013763,121.449570
160607.694484,140.580322,6.131119,121.563721
160607.735781,140.396088,6.390060,121.275848
160607.777079,140.677002,6.151794,121.372620
160607.818378,140.421555,6.405731,121.528168
160607.859676,140.331635,6.312683,121.331116
160607.900971,140.460464,6.057022,121.476837
160607.942268,140.581543,6.161575,121.314682
160607.983562,140.584885,6.319397,121.421082
160608.024860,140.510864,6.472427,121.632660
160608.066152,140.492004,6.433258,121.414078
160608.107456,140.674484,6.258469,121.602249
160608.148756,140.685333,6.260529,121.457458
160608.190054,140.433151,6.569153,121.437073
160608.231354,140.486191,6.422653,121.456207
160608.272645,140.524017,6.467010,121.465210
160608.313950,140.726425,6.192871,121.463333
160608.355250,140.728729,6.294342,121.272583
160608.396547,140.571747,6.195404,121.400955
160608.437839,140.608734,6.259048,121.267395
160608.479138,140.540482,6.452881,121.192032
160608.520438,140.656296,6.384415,121.126129
160608.561739,140.519150,6.440018,121.176239
160608.603044,140.584854,6.227844,121.291656
160608.644343,140.893387,6.288208,121.133591
160608.685644,140.894302,6.064087,121.109009
160608.726944,140.703629,6.171677,121.341461
160608.768243,140.716812,6.151474,121.328430
160608.809542,140.648163,6.056015,121.092087
160608.850840,140.552383,6.204788,120.944534
160608.892132,140.821335,6.117935,121.109802
160608.933437,140.642334,6.287781,121.588974
160608.974730,140.568741,6.199158,121.158463
160609.016036,140.683929,6.156631,121.056854
160609.057337,140.817200,6.102463,121.018143
160609.098637,140.512695,6.235199,121.000824
160609.139936,140.518723,6.056137,121.474091
160609.181228,140.737183,6.221100,121.337891
160609.222535,140.644363,6.219482,121.337280
160609.263835,140.822769,5.991150,121.760071
160609.305134,140.632538,6.283096,121.482651
160609.346433,140.608032,6.191422,121.481567
160609.387726,140.826035,6.156342,121.454529
160609.429030,140.662201,6.028061,121.419510
160609.470326,140.785767,6.154770,121.580582
160609.511623,140.763428,6.205338,121.589035
160609.552918,140.772232,6.130188,121.702881
160609.594212,140.703598,6.210220,121.083862
160609.635508,140.615509,6.204987,121.139771
160609.676805,140.868332,5.823669,121.170410
160609.718093,140.799042,6.136185,121.262177
160609.759396,140.643600,6.263824,121.099503
160609.800694,140.749466,6.044739,121.287125
160609.841990,140.550308,6.177750,121.522736
160609.883287,140.511322,6.066879,121.233307
160609.924585,140.714035,6.078644,121.228577
160609.965884,140.622467,6.202606,121.338806
160610.007181,140.476242,6.027786,121.004990
160610.048479,140.583069,6.090454,121.230988
160610.089777,140.618057,5.952957,121.303040
160610.131075,140.574020,5.930588,121.248444
160610.172372,140.499908,6.299225,121.360046
160610.213664,140.598251,6.110031,121.520859
160610.254971,140.521423,6.093307,121.381424
160610.296272,140.795578,6.011322,121.157547
160610.337569,140.670898,5.970779,121.372208
160610.378868,140.539825,6.060043,121.031326
160610.420165,140.611542,6.039871,121.409073
160610.461463,140.683334,6.213745,121.571609
160610.502762,140.651947,5.989975,121.243637
160610.544060,140.736313,5.843948,121.004654
160610.585356,140.572556,5.922165,120.794800
160610.626653,140.515579,6.076279,120.876587
160610.667949,140.472626,6.141129,120.919052
160610.709246,140.677185,6.261093,121.094131
160610.750546,140.512726,6.277267,121.244598
160610.791845,140.659668,6.271347,121.080322
160610.833143,140.470566,6.309860,121.227478
160610.874441,140.554886,6.476807,121.314743
160610.915734,140.764191,6.465118,120.951538
160610.957041,140.585709,6.307663,120.950607
160610.998341,140.346146,6.428955,121.200241
160611.039638,140.509171,6.449982,120.961243
160611.080937,140.592682,6.263779,120.901077
160611.122235,140.661682,6.178513,120.848740
160611.163526,140.264420,6.338058,120.978165
160611.204832,140.518036,6.210632,120.796936
160611.246131,140.363281,6.447098,121.210297
160611.287425,140.594528,6.180984,121.447906
160611.328731,140.534286,6.567749,121.142410
160611.370024,140.483429,6.344406,121.029785
160611.411329,140.402527,6.385757,121.126816
160611.452626,140.399506,6.404938,121.190872
160611.493921,140.256180,6.230728,120.873306
160611.535220,140.256744,6.280151,121.416336
160611.576519,140.452896,6.168228,121.165085
160611.617824,140.461517,6.162354,121.215393
160611.659121,140.272125,6.454636,121.076340
160611.700417,140.411774,6.421600,121.323364
160611.741714,140.401596,6.426285,121.207855
160611.783011,140.526779,6.465378,121.215729
160611.824308,140.543671,6.486786,121.160187
160611.865606,140.257675,6.246460,121.333603
160611.906903,140.263168,6.438034,121.391953
160611.948192,140.595627,6.220245,121.429245
160611.989495,140.406219,6.088882,121.304565
160612.030792,140.445938,6.089767,121.517761
160612.072089,140.286728,6.256668,121.411179
160612.113387,140.192398,6.426590,121.153000
160612.154681,140.390549,6.449051,121.261658
160612.195985,140.650665,6.322388,121.263123
160612.237283,140.621368,6.203110,121.318024
160612.278579,140.389648,6.000977,121.393021
160612.319877,140.556122,6.128448,121.606201
160612.361173,140.710922,5.933060,121.278839
160612.402471,140.596222,6.095306,121.060715
160612.443770,140.676651,5.988541,121.582214
160612.485068,140.369507,6.270569,121.095825
160612.526366,140.430603,6.218658,121.116348
160612.567664,140.512497,6.266830,121.194260
160612.608961,140.536240,6.219589,121.351273
160612.650253,140.442947,6.049591,121.098038
160612.691552,140.592987,6.183029,121.183014
160612.732853,140.514954,6.074600,121.084991
160612.774160,140.326797,6.440842,121.329102
160612.815453,140.453903,6.479218,121.171799
160612.856761,140.687759,6.261703,120.979568
160612.898055,140.348389,6.495514,121.085663
160612.939355,140.266083,6.566299,120.931915
160612.980662,140.274582,6.332031,120.755249
160613.021964,140.357697,6.291611,121.221786
160613.063266,140.470291,6.501663,121.195618
160613.104566,140.546738,6.162537,120.735580
160613.145863,140.537842,6.225876,121.010742
160613.187165,140.449173,6.009735,121.174164
160613.228472,140.439301,6.149857,120.987122
160613.269773,140.626801,6.195709,121.001511
160613.311066,140.549484,6.160309,121.196091
160613.352367,140.548340,6.336731,121.434814
160613.393674,140.500763,6.436890,121.214493
160613.434973,140.661240,6.375275,121.143066
160613.476266,140.653091,6.411209,121.134338
160613.517567,140.588058,6.165466,121.017776
160613.558868,140.448578,6.410110,120.939804
160613.600175,140.462524,6.411240,121.245865
160613.641477,140.548141,6.237732,121.254349
160613.682777,140.632507,6.323837,121.297546
160613.724078,140.403122,6.522842,121.080154
160613.765377,140.348541,6.453232,121.093536
160613.806675,140.271469,6.471390,121.264633
160613.847970,140.371689,6.391968,121.116638
160613.889260,140.635574,6.182190,120.952667
160613.930563,140.381332,6.536087,121.111008
160613.971860,140.270508,6.286835,120.975327
160614.013159,140.369659,6.438766,121.354523
160614.054456,140.369110,6.489227,121.445709
160614.095754,140.457428,6.157593,121.596481
160614.137051,140.187927,6.493515,121.518967
160614.178347,140.105194,6.634964,121.268539
160614.219646,140.354538,6.452896,121.333282
160614.260946,140.357483,6.427017,121.298172
160614.302245,140.321014,6.445053,121.306107
160614.343542,140.132080,6.707413,121.324448
160614.384834,140.554276,6.339203,120.996231
160614.426138,140.430405,6.424133,120.977448
160614.467438,140.295898,6.266617,120.920273
160614.508737,140.309677,6.253098,121.059586
160614.550029,140.196777,6.418137,120.874268
160614.591334,140.209930,6.412720,121.235184
160614.632632,140.249039,6.328217,121.267624
160614.673931,140.309433,6.283081,121.384705
160614.715228,140.292435,6.214264,121.131760
160614.756526,140.460403,6.176025,120.817230
160614.797823,140.465408,6.197037,121.189377
160614.839122,140.249969,6.077560,121.008957
160614.880419,140.297745,6.334473,120.984741
160614.921718,140.351364,6.123322,120.792953
160614.963015,140.174698,6.173615,121.026596
160615.004312,140.333267,6.232529,120.948380
160615.045611,140.450043,6.106552,121.158173
160615.086908,140.509323,6.119751,121.017151
160615.128208,140.378952,6.117981,120.926086
160615.169509,140.500839,6.256973,121.182678
160615.210809,140.456924,6.165833,120.822708
160615.252109,140.288239,6.212570,121.192627
160615.293409,140.288437,6.376953,121.191345
160615.334707,140.252045,6.296478,121.069580
160615.376006,140.254410,6.252396,120.955887
160615.417305,140.111404,6.459091,120.978439
160615.458603,140.297455,6.333984,121.227829
160615.499901,140.520798,6.263794,120.933273
160615.541198,140.221954,6.419907,121.036453
160615.582496,140.402695,6.150848,120.819855
160615.623795,140.440140,6.250290,120.829498
160615.665092,140.503082,6.248322,120.874435
160615.706390,140.514542,6.104019,120.856567
160615.747689,140.670395,6.030807,121.050903
160615.788988,140.282257,6.302963,121.292694
160615.830287,140.300446,6.057907,121.112244
160615.871586,140.273560,6.392700,121.473358
160615.912880,140.137894,6.429077,121.717606
160615.954185,140.204544,6.280548,121.659302
160615.995481,140.353348,6.480438,121.407303
160616.036786,140.310806,5.958359,121.325394
160616.078086,140.282974,6.272308,121.395370
160616.119386,140.219894,6.514191,121.275925
160616.160683,140.343338,6.316711,121.568497
160616.201983,140.403061,6.238495,121.333939
160616.243280,140.270218,6.383209,121.494186
160616.284578,140.174179,6.354355,121.584106
160616.325868,140.305191,6.439651,121.269608
160616.367173,140.179764,6.607376,121.358627
160616.408464,140.082123,6.495605,121.417969
160616.449766,139.967987,6.598022,121.311050
160616.491063,139.995712,6.531265,121.253052
160616.532360,140.310608,6.253662,121.319992
160616.573652,140.135315,6.252136,121.239120
160616.614957,140.204941,6.395584,121.263840
160616.656254,140.311996,6.404312,121.617691
160616.697550,140.292480,6.242844,121.383377
160616.738847,140.135773,6.457748,121.535461
160616.780138,140.356415,6.266876,121.411789
160616.821438,140.533371,6.116486,121.588531
160616.862743,140.394470,6.188828,121.324234
160616.904044,140.325974,6.202621,121.643723
160616.945342,140.451660,6.188278,121.247864
160616.986636,140.066376,6.347870,121.456024
160617.027942,140.241653,6.267578,121.209915
160617.069240,140.243546,6.246429,121.522369
160617.110533,140.052933,6.267990,121.240433
160617.151838,140.121368,6.359650,121.517853
160617.193129,140.087357,6.392395,121.113678
160617.234431,140.024826,6.271408,120.870270
160617.275724,140.286072,6.458206,121.503555
160617.317029,140.510330,6.155579,121.468018
160617.358330,140.516693,6.447678,121.336334
160617.399626,140.435196,6.249496,121.208969
160617.440933,140.577087,6.171661,121.287827
160617.482232,140.406326,6.044037,121.323135
160617.523528,140.197800,6.454803,121.303391
160617.564825,140.303040,6.281265,121.432251
160617.606124,140.190430,6.176285,121.501480
160617.647422,140.202988,6.368256,121.280930
160617.688719,140.489456,6.142868,121.014771
160617.730019,140.345139,6.268631,121.229858
160617.771312,140.299164,6.200806,121.420364
160617.812617,140.397537,6.071289,121.101166
160617.853918,140.513947,6.197815,121.320099
160617.895220,140.344315,6.311005,121.295074
160617.936515,140.594727,6.219650,120.984741
160617.977819,140.313629,6.115173,121.678329
160618.019118,140.375031,6.097534,121.583405
160618.060416,140.334213,6.303467,121.493408
160618.101715,140.351486,6.097778,121.592865
160618.143009,140.521530,6.174057,121.332336
160618.184316,140.330414,6.216614,121.236984
160618.225616,140.533127,6.189850,121.614746
160618.266916,140.480225,6.195877,121.667175
160618.308212,140.523102,6.112213,121.438095
160618.349520,140.186081,5.993713,121.388123
160618.390818,140.174911,6.209137,121.049744
160618.432116,140.400406,5.996490,121.552155
160618.473415,140.419464,5.998413,121.531631
160618.514717,140.246231,6.000748,121.734390
160618.556020,140.251434,6.311325,121.531235
160618.597316,140.048920,6.561234,121.744781
160618.638624,140.101959,6.203140,121.151276
160618.679926,140.130676,6.255600,121.240585
160618.721229,140.061752,6.635315,121.512177
160618.762529,140.159683,6.328445,121.354599
160618.803829,140.104538,6.380798,121.549438
160618.845131,140.226334,6.258728,121.465027
160618.886432,140.179565,6.366501,121.372437
160618.927734,140.173248,6.185486,121.169998
160618.969035,140.362503,6.193970,121.304520
160619.010335,140.202942,6.392349,121.387390
160619.051636,140.384766,6.196106,121.549408
160619.092936,140.022507,6.449844,121.364731
160619.134227,140.096710,6.320328,121.619614
160619.175530,140.123505,6.268021,121.282593
160619.216826,140.364746,6.263107,121.588745
160619.258123,140.099243,6.240875,121.894623
160619.299419,140.369812,6.440903,121.652863
160619.340719,140.381485,6.276749,121.702560
160619.382012,140.345581,6.350937,121.721558
160619.423318,140.512009,6.129852,121.747589
160619.464619,140.428604,6.494202,121.574051
160619.505918,140.258057,6.270157,121.770935
160619.547215,140.585953,6.187912,121.510086
160619.588517,140.407837,6.150177,121.529251
160619.629820,140.364899,6.199997,121.527939
160619.671130,140.525055,6.131760,121.444946
160619.712430,140.319595,5.928314,121.330322
160619.753725,140.394135,6.215988,121.185623
160619.795026,140.297455,6.234726,121.309204
160619.836333,140.308411,6.356812,121.246613
160619.877633,140.453659,6.486664,121.462540
160619.918934,140.157272,6.414337,121.309769
160619.960230,140.334091,6.549225,121.429367
160620.001538,140.511017,6.238892,121.614395
160620.042839,140.389084,6.427231,121.673431
160620.084139,140.441208,6.368362,121.184677
160620.125438,140.666458,6.318054,121.281570
160620.166737,140.480881,6.236908,121.464951
160620.208038,140.514587,6.060364,121.435211
160620.249337,140.537155,6.224091,121.588547
160620.290634,140.388504,6.020081,121.550247
160620.331930,140.345642,5.940872,121.642334
160620.373230,140.275604,6.135727,121.508331
160620.414529,140.523117,6.118378,121.419357
160620.455829,140.191116,6.398071,121.352295
160620.497120,140.535156,6.214096,121.359177
160620.538424,140.201218,6.201874,121.463852
160620.579724,140.506546,6.094177,121.251938
160620.621023,140.241455,6.252151,121.286118
160620.662319,140.463577,6.429520,121.063095
160620.703613,140.511093,6.310028,121.017410
160620.744912,140.496964,6.454788,121.271667
160620.786216,140.588501,6.174561,121.209976
160620.827519,140.469803,6.276749,121.349579
160620.868821,140.286438,6.261230,121.235458
160620.910121,140.418564,5.948288,120.823120
160620.951429,140.419312,6.200623,120.947556
160620.992731,140.346527,6.302444,121.290726
160621.034028,140.414581,6.142517,121.151596
160621.075327,140.525497,6.172989,121.370407
160621.116624,140.400940,6.087891,121.355728
160621.157920,140.516708,6.097595,120.998428
160621.199217,140.441605,6.235428,121.185532
160621.240511,140.393570,6.392212,121.321609
160621.281815,140.416306,6.230515,121.092941
160621.323116,140.473419,6.521774,121.038696
160621.364408,140.474365,6.448502,121.298599
160621.405714,140.334717,6.516556,121.259689
160621.447012,140.287170,6.548645,120.968185
160621.488311,140.382980,6.543884,121.160538
160621.529607,140.372971,6.451782,121.403854
160621.570912,140.324326,6.560364,121.098465
160621.612211,140.512466,6.474854,121.262360
160621.653508,140.264343,6.267563,120.942261
160621.694807,140.390915,6.355621,121.281006
160621.736102,140.235779,6.442581,120.905182
160621.777399,140.240662,6.419266,120.875824
160621.818696,139.961609,6.389816,120.931976
160621.859993,140.026077,6.594177,121.208298
160621.901290,139.971695,6.399673,121.287598
160621.942583,140.239288,6.360580,121.311081
160621.983891,140.222702,6.255371,121.349670
160622.025187,140.089081,6.624802,121.306992
160622.066490,140.201660,6.441284,121.489059
160622.107791,140.244675,6.282379,121.279129
160622.149098,140.287308,6.253494,121.269547
160622.190389,140.058624,6.464996,121.236053
160622.231695,140.025024,6.227997,121.258270
160622.272996,140.076355,6.469254,121.805008
160622.314295,140.029739,6.365036,121.297714
160622.355590,140.014359,6.232910,121.616165
160622.396890,140.085480,6.252579,121.666245
160622.438200,140.233856,6.416199,121.495804
160622.479497,140.218552,6.282166,121.187592
160622.520805,140.153702,6.382141,121.551086
160622.562105,139.933716,6.370163,121.156540
160622.603406,140.202881,6.153671,121.570862
160622.644705,140.258224,6.235504,121.586731
160622.686006,140.220078,6.213974,121.611511
160622.727307,140.296844,6.409531,121.451370
160622.768611,140.136688,6.429153,121.423553
160622.809905,140.136032,6.303284,121.789246
160622.851213,140.472229,6.208252,121.520782
160622.892506,140.331299,6.116180,121.433945
160622.933807,140.210678,6.142639,121.261627
160622.975109,140.038071,6.245224,121.684433
160623.016409,140.209076,6.109436,121.493988
160623.057715,139.993103,6.136017,121.438919
160623.099009,140.124420,6.472198,121.650925
160623.140315,139.871460,6.549377,121.542267
160623.181617,139.907440,6.500854,121.462036
160623.222913,139.940933,6.535629,121.442017
160623.264220,139.907166,6.540207,121.846466
160623.305520,139.958496,6.387161,121.747833
160623.346813,139.934250,6.491486,121.529083
160623.388118,140.054291,6.605530,121.750824
160623.429418,140.139114,6.514297,121.266388
160623.470719,140.199417,6.352814,121.333664
160623.512020,140.156128,6.531387,121.447418
160623.553321,140.136185,6.456970,121.529755
160623.594613,140.141800,6.564697,121.670303
160623.635918,140.183136,6.386230,121.279694
160623.677218,140.204819,6.374268,121.555786
160623.718516,140.164520,6.288971,121.549133
160623.759810,140.061218,6.237396,121.600494
160623.801117,140.032867,6.656113,121.735306
160623.842417,139.984787,6.385239,121.896194
160623.883712,140.094955,6.336334,121.534714
160623.925021,140.166489,6.543076,121.436600
160623.966322,140.016098,6.610107,121.232056
160624.007623,140.006851,6.557709,121.312592
160624.048924,140.256805,6.494308,121.661743
160624.090219,140.232681,6.364380,121.439346
160624.131524,140.107132,6.465485,121.571747
160624.172822,140.011871,6.213608,121.281052
160624.214119,139.997482,6.561752,120.919998
160624.255417,140.122864,6.553375,121.422684
160624.296714,140.149567,6.431503,121.380402
160624.338014,140.241852,6.397827,121.218307
160624.379311,140.246033,6.528687,121.516800
160624.420607,140.159744,6.561066,121.358414
160624.461904,140.175903,6.597717,121.353821
160624.503201,140.053604,6.503845,121.546295
160624.544499,140.088669,6.622009,121.308975
160624.585801,139.960358,6.631699,121.774063
160624.627102,140.037949,6.657715,121.697937
160624.668401,140.205856,6.522400,121.420227
160624.709694,140.292084,6.435287,121.405090
160624.751001,140.103668,6.489639,121.533203
160624.792299,140.325974,6.377777,121.272842
160624.833599,140.112595,6.516296,121.487564
160624.874892,140.174377,6.468475,121.460617
160624.916194,140.203110,6.544937,121.374008
160624.957496,140.182938,6.412415,121.433716
160624.998804,140.140060,6.506927,121.495911
160625.040098,140.269791,6.240677,121.403717
160625.081401,140.230850,6.462845,121.363586
160625.122703,140.094315,6.384720,121.499283
160625.164012,140.375839,6.463928,121.362564
160625.205306,140.319443,6.351303,121.602127
160625.246612,140.339828,6.368622,121.579391
160625.287907,140.562408,6.314865,121.462341
160625.329211,140.180634,6.556335,121.375061
160625.370517,140.349457,6.572464,121.408737
160625.411818,140.201523,6.731598,121.440094
160625.453120,140.359222,6.381500,121.442276
160625.494423,140.455566,6.401199,121.248520
160625.535726,140.376343,5.999832,121.261597
160625.577021,140.298447,6.035965,121.073853
160625.618329,140.137680,6.293793,120.941711
160625.659621,140.459778,6.283813,121.331406
160625.700919,139.943893,6.159561,121.204956
160625.742226,140.334579,6.399536,121.396530
160625.783527,140.369110,6.334869,121.321533
160625.824827,140.302094,6.262009,121.157928
160625.866126,140.298538,6.443161,121.207321
160625.907421,140.222107,6.443344,121.449158
160625.948729,140.257294,6.226425,121.240540
160625.990023,140.559540,6.327499,121.228989
160626.031325,140.461792,6.430832,121.261887
160626.072632,140.480835,6.470963,121.454208
160626.113930,140.204620,6.395874,121.259827
160626.155229,140.423569,6.114853,120.987732
160626.196523,140.309174,6.391037,121.180405
160626.237829,140.387650,6.291901,121.138031
160626.279125,140.221756,6.539017,121.212189
160626.320432,140.403778,6.400757,121.140717
160626.361733,140.260849,6.699234,121.061249
160626.403027,140.280762,6.458954,121.027908
160626.444334,140.201447,6.400009,120.817535
160626.485632,140.429230,6.417816,121.117584
160626.526941,140.396378,6.394669,121.163422
160626.568237,140.518555,6.212265,121.198380
160626.609541,140.328827,6.563385,121.056168
160626.650843,140.468597,6.390930,120.997238
160626.692148,140.395981,6.404587,121.128220
160626.733442,140.323318,6.351547,121.248138
160626.774749,140.390167,6.358292,121.101562
160626.816044,140.204132,6.642242,120.975952
160626.857342,140.080307,6.499359,121.098419
160626.898647,140.157181,6.687180,120.992203
160626.939940,140.361801,6.570694,121.212296
160626.981241,140.380478,6.470108,121.389267
160627.022547,140.436722,6.449921,121.023849
160627.063847,140.452805,6.571304,121.286972
160627.105145,140.533386,6.535843,121.331543
160627.146444,140.402328,6.507614,121.269363
160627.187744,140.489014,6.492233,121.324341
160627.229044,140.430832,6.531387,121.418716
160627.270342,140.447433,6.481644,121.555099
160627.311638,140.500641,6.607376,121.258636
160627.352936,140.608963,6.502914,121.444901
160627.394231,140.465500,6.420258,121.326782
160627.435532,140.365692,6.353622,121.150787
160627.476832,140.340363,6.460678,121.200668
160627.518132,140.383820,6.476471,120.931824
160627.559439,140.340622,6.372513,121.247177
160627.600742,140.337280,6.427261,121.298584
160627.642036,140.119385,6.523849,121.142426
160627.683342,140.382385,6.333038,121.409363
160627.724635,140.402786,6.408691,121.381363
160627.765935,140.323685,6.344299,121.430496
160627.807235,140.148880,6.548080,121.547928
160627.848538,140.228485,6.434113,121.312180
160627.889841,140.293793,6.429214,121.244186
160627.931151,140.233490,6.581024,121.153854
160627.972447,140.268829,6.655563,121.140915
160628.013747,140.324081,6.608337,120.929443
160628.055054,140.533966,6.305130,121.396530
160628.096348,140.397308,6.594086,121.257248
160628.137653,140.415451,6.468750,120.773453
160628.178954,140.425858,6.465744,121.345963
160628.220252,140.374420,6.456818,121.358185
160628.261555,140.330338,6.348572,121.376221
160628.302857,140.478455,6.480652,121.595795
160628.344155,140.369354,6.098450,121.267929
160628.385464,140.389450,6.284515,121.353622
160628.426764,140.395035,6.228333,121.256470
160628.468065,140.315643,6.471756,121.309158
160628.509358,140.339310,6.368942,121.286011
160628.550664,140.418243,6.473633,121.323914
160628.591957,140.199417,6.513550,121.019196
160628.633258,140.231903,6.753769,121.275009
160628.674557,140.144684,6.609024,121.259720
160628.715857,140.142090,6.623596,121.424484
160628.757166,140.141403,6.560303,121.118988
160628.798469,140.238754,6.743851,121.122787
160628.839763,140.392914,6.570709,120.863480
160628.881073,140.050354,6.741455,121.177139
160628.922368,140.059723,6.453033,120.950714
160628.963672,140.215744,6.573959,121.310257
160629.004979,140.255035,6.403168,120.860825
160629.046273,140.238739,6.570480,121.154617
160629.087580,140.103394,6.450577,120.782074
160629.128880,140.081421,6.794327,121.113602
160629.170173,140.237610,6.660553,121.128784
160629.211471,140.211914,6.521194,121.219513
160629.252775,140.173615,6.501144,120.977844
160629.294071,140.267853,6.708450,121.026886
160629.335363,140.277832,6.674820,121.033920
160629.376665,139.822800,6.698166,121.297653
160629.417956,139.724487,6.564850,121.103165
160629.459262,139.731812,6.638611,120.992676
160629.500559,139.817123,6.478271,120.895828
160629.541858,139.806656,6.626221,120.815155
160629.583152,139.931030,6.499985,120.962006
160629.624457,139.853989,6.578918,120.856186
160629.665759,139.873352,6.693085,121.169479
160629.707053,139.887390,6.753296,120.944092
160629.748353,139.942383,6.790115,121.287582
160629.789658,139.955948,6.512512,121.104950
160629.830967,139.789062,6.832550,121.183533
160629.872261,139.826614,6.762650,120.909485
160629.913568,139.967484,6.643677,121.195816
160629.954864,140.101440,6.593277,121.122925
160629.996165,139.927902,6.777969,121.352615
160630.037471,139.916138,6.772247,121.173492
160630.078768,140.058289,6.625122,121.194016
160630.120067,140.138718,6.502945,121.256714
160630.161367,140.069870,6.629791,121.338928
160630.202669,140.128967,6.375320,121.363922
160630.243969,140.107452,6.538452,121.117859
160630.285262,140.073318,6.429016,121.237656
160630.326570,140.102600,6.684219,121.311020
160630.367871,140.280151,6.693588,121.341141
160630.409163,139.965912,6.709076,121.142670
160630.450465,139.950638,6.691864,121.527481
160630.491767,139.920212,6.751114,121.563553
160630.533070,139.945923,6.515778,121.124710
160630.574372,139.938126,6.619736,121.561310
160630.615679,139.965942,6.709839,121.450317
160630.656980,139.976105,6.775772,121.076889
160630.698277,139.897568,6.818863,121.441040
160630.739581,139.916946,6.729828,121.134430
160630.780882,140.093048,6.560120,121.234833
160630.822185,140.031204,6.514709,121.096680
160630.863488,140.048035,6.647537,121.359726
160630.904795,140.031967,6.821259,121.371445
160630.946091,139.950760,6.717056,121.502106
160630.987394,139.882568,6.662872,121.428970
160631.028700,140.131683,6.739044,121.632385
160631.070005,140.084396,6.426971,121.313293
160631.111310,139.993164,6.501678,121.334778
160631.152613,140.310059,6.446915,121.485992
160631.193915,140.109650,6.427109,121.226547
160631.235223,140.148682,6.376083,121.524857
160631.276518,140.306076,6.475159,121.378174
160631.317820,140.135193,6.700790,121.304184
160631.359127,140.272003,6.408890,121.510590
160631.400428,140.341599,6.492188,121.383041
160631.441729,140.067932,6.491882,121.324997
160631.483023,140.310196,6.527985,121.387756
160631.524331,140.115982,6.554062,121.277664
160631.565625,140.234100,6.214325,121.204025
160631.606926,139.972137,6.486221,121.510513
160631.648228,140.217743,6.431396,121.621872
160631.689529,140.083496,6.447952,121.398300
160631.730837,140.223999,6.560410,121.553558
160631.772132,140.167313,6.399933,121.400497
160631.813440,139.889877,6.469498,121.129807
160631.854742,139.971466,6.309860,121.360840
160631.896038,139.782593,6.600174,121.629227
160631.937341,139.950470,6.596710,121.375534
160631.978648,140.045105,6.504318,121.394135
160632.019942,140.138504,6.529480,121.527145
160632.061250,140.178360,6.378967,121.309082
160632.102545,140.035507,6.476700,121.434738
160632.143849,139.892288,6.293564,121.564026
160632.185156,140.041443,6.159164,121.244324
160632.226450,140.234680,6.392380,121.314285
160632.267758,139.903870,6.531189,121.237885
160632.309059,140.117905,6.561066,121.292038
160632.350355,140.052277,6.383148,121.109360
160632.391665,140.016037,6.414597,121.086243
160632.432959,140.000687,6.499527,121.505569
160632.474269,140.158875,6.351242,121.339172
160632.515565,140.175201,6.719528,121.348846
160632.556871,140.340576,6.563339,121.290573
160632.598163,140.251694,6.654282,121.199890
160632.639465,140.280258,6.452682,120.790009
160632.680765,140.277451,6.323212,121.263412
160632.722072,140.263855,6.461212,120.999268
160632.763365,140.404678,6.112213,120.659134
160632.804673,140.290451,6.264389,121.111191
160632.845967,140.271378,6.308578,121.081299
160632.887272,140.201950,6.371277,120.998749
160632.928580,140.301453,6.249466,121.391037
160632.969876,140.237976,6.358749,121.209579
160633.011181,140.277740,6.299011,121.258163
160633.052475,140.299164,6.390778,121.214630
160633.093775,140.157349,6.296188,120.913712
160633.135077,140.110428,6.396194,121.040939
160633.176384,140.368103,6.370239,121.103836
160633.217683,140.256012,6.710938,121.185654
160633.258977,140.124741,6.335098,120.917618
160633.300286,140.130493,6.527313,120.827896
160633.341587,140.014313,6.408768,120.946548
160633.382883,140.168976,6.175522,120.843445
160633.424190,140.316238,6.341354,120.930145
160633.465494,140.272507,6.283401,121.293823
160633.506791,140.203217,6.181412,121.348282
160633.548094,139.970688,6.445984,120.872833
160633.589398,140.318512,6.336105,120.960571
160633.630700,140.370255,6.318039,121.159393
160633.672000,140.300888,6.245377,121.279984
160633.713300,140.259583,6.220703,121.270630
160633.754608,140.209702,6.534378,121.280853
160633.795906,140.170502,6.294739,121.427368
160633.837218,140.104050,6.458923,121.240585
160633.878515,140.167542,6.724335,121.186264
160633.919820,140.175293,6.424179,121.300797
160633.961124,140.391296,6.397400,121.413040
160634.002429,140.272812,6.330704,121.433182
160634.043733,140.301712,6.431213,121.024536
160634.085037,140.603058,6.256287,121.430161
160634.126340,140.439896,6.414215,121.055328
160634.167642,140.388672,6.401794,121.287537
160634.208943,140.209747,6.326004,121.064285
160634.250246,140.406189,6.180786,121.335251
160634.291548,140.258194,6.240158,121.109863
160634.332850,140.339020,6.450577,121.145874
160634.374153,140.187805,6.405228,121.298630
160634.415457,140.287338,6.512421,121.358810
160634.456761,140.370422,6.449631,121.317719
160634.498063,140.142532,6.706116,121.507614
160634.539365,140.344498,6.428329,121.485092
160634.580669,140.369827,6.470840,120.929810
160634.621972,140.524139,6.503860,121.147842
160634.663274,140.391220,6.433929,121.346329
160634.704581,140.274887,6.572830,121.094589
160634.745880,140.373367,6.439636,121.443359
160634.787174,140.180664,6.534714,121.228638
160634.828478,140.264069,6.264435,121.418350
160634.869773,140.493713,6.243591,120.966110
160634.911080,140.426758,6.382706,121.317139
160634.952379,140.306503,6.536453,121.222092
160634.993670,140.097076,6.694138,120.894730
160635.034970,140.367401,6.408661,121.113693
160635.076270,140.259277,6.438400,121.016968
160635.117577,140.350281,6.397049,121.240845
160635.158869,140.185043,6.699677,121.410538
160635.200171,140.532837,6.316620,121.049484
160635.241478,140.286896,6.648239,121.509674
160635.282775,140.102310,6.506439,121.416794
160635.324078,140.188873,6.517120,121.222946
160635.365381,140.158859,6.570648,121.235336
160635.406691,139.957123,6.607376,120.946198
160635.447991,140.087753,6.533737,121.391022
160635.489295,140.112045,6.115097,121.327850
160635.530597,140.363815,6.496338,121.305679
160635.571900,140.228531,6.563721,121.548615
160635.613203,140.190857,6.491562,121.338043
160635.654506,140.127289,6.469269,121.379166
160635.695809,140.288681,6.444061,121.149246
160635.737112,140.262619,6.395920,121.304733
160635.778415,140.413681,6.381470,121.324432
160635.819719,140.283417,6.652435,121.654312
160635.861030,140.363770,6.425980,121.625504
160635.902325,140.400970,6.359161,121.496323
160635.943634,140.479584,6.303177,121.365768
160635.984928,140.248718,6.491302,121.428589
160636.026231,140.368744,6.195114,121.321365
160636.067533,140.488007,6.444046,121.274567
160636.108840,140.303314,6.450317,121.159393
160636.150138,140.372559,6.482513,121.366638
160636.191440,140.287338,6.216858,121.149567
160636.232740,140.505249,6.298080,121.391174
160636.274042,140.506348,6.440216,121.246918
160636.315343,140.398773,6.582077,121.487488
160636.356643,140.494827,6.502899,121.169510
160636.397949,140.241547,6.673187,121.411469
160636.439251,140.089005,6.639267,121.840714
160636.480547,140.209320,6.578171,121.474274
160636.521851,140.059311,6.597931,121.884460
160636.563160,140.181824,6.467896,121.645004
160636.604453,140.128067,6.564087,121.822998
160636.645754,140.375458,6.513840,121.557785
160636.687055,140.292694,6.625854,121.808273
160636.728356,140.188431,6.631104,121.520203
160636.769658,140.237076,6.551697,121.684311
160636.810958,140.459183,6.462830,121.491135
160636.852260,140.150604,6.556824,121.483002
160636.893566,140.137024,6.556274,121.370087
160636.934866,140.040649,6.460205,121.207748
160636.976163,140.271103,6.492538,121.604401
160637.017470,140.298523,6.425644,121.423019
160637.058768,140.363007,6.489716,121.406281
160637.100066,140.541412,6.476532,121.430679
160637.141358,140.366913,6.487427,121.520981
160637.182659,140.315613,6.684708,121.495071
160637.223965,140.382355,6.511246,121.178101
160637.265265,140.292496,6.657883,121.264648
160637.306558,140.398026,6.397720,121.744278
160637.347857,140.269836,6.598511,121.208801
160637.389164,140.349670,6.299713,121.342499
160637.430465,140.168060,6.384186,121.318146
160637.471767,140.260056,6.476456,121.484879
160637.513061,140.532547,6.454559,121.360550
160637.554366,140.408051,6.468582,121.481003
160637.595657,140.490646,6.467178,121.515320
160637.636963,140.366241,6.384415,121.529816
160637.678257,140.123566,6.476929,121.724564
160637.719564,140.129913,6.691559,121.612030
160637.760863,140.299240,6.695572,121.170441
160637.802156,140.059616,6.905533,121.743286
160637.843461,140.061951,6.672012,121.603439
160637.884760,140.095535,6.421875,121.429428
160637.926053,140.037476,6.524017,121.523499
160637.967351,140.075562,6.693024,121.809769
160638.008657,140.026794,6.767715,121.291016
160638.049956,140.151764,6.809219,121.239075
160638.091247,139.973755,6.762558,121.639465
160638.132554,139.947983,6.806442,121.079071
160638.173851,140.048630,6.710968,121.565628
160638.215144,140.138718,6.585785,121.557892
160638.256443,139.978745,6.660141,121.149399
160638.297742,139.890182,6.679077,121.425140
160638.339048,139.874603,6.493286,121.453079
160638.380342,140.059845,6.586273,121.289932
160638.421648,140.149750,6.848373,121.382751
160638.462941,140.034958,6.661179,121.560547
160638.504245,139.983749,6.773422,121.480606
160638.545543,140.001678,6.619812,121.357224
160638.586843,140.103714,6.389679,121.457779
160638.628135,140.088989,6.432312,121.266220
160638.669433,140.086975,6.443436,121.508255
160638.710730,139.977188,6.579987,121.462158
160638.752031,140.112701,6.123032,121.335052
160638.793337,140.150436,6.416367,121.584808
160638.834630,140.214157,6.396469,121.324722
160638.875934,140.055420,6.451324,121.504120
160638.917230,140.276718,6.502350,121.460251
160638.958531,140.172806,6.293259,121.317352
160638.999833,140.116409,6.209030,121.226639
160639.041134,140.275085,6.325592,121.418091
160639.082442,140.368347,6.311951,121.644836
160639.123739,140.280823,6.623459,121.356644
160639.165048,140.142578,6.541855,121.497635
160639.206344,140.319687,6.241028,121.406418
160639.247644,140.125107,6.119217,121.259659
160639.288951,140.232788,6.345383,121.353912
160639.330247,140.293930,6.472015,121.629196
160639.371548,140.050751,6.531769,121.392593
160639.412850,140.125839,6.498871,121.388458
160639.454153,140.203369,6.446838,121.800873
160639.495456,140.185135,6.606705,121.703903
160639.536757,140.324585,6.540253,121.428879
160639.578058,140.204422,6.604416,121.532028
160639.619362,140.264862,6.706436,121.504211
160639.660664,140.207275,6.312531,121.352814
160639.701966,140.211121,6.439331,121.635544
160639.743270,140.387222,6.370316,121.382416
160639.784571,140.252838,6.456848,121.510696
160639.825873,140.116501,6.306473,121.817490
160639.867182,140.128525,6.534714,121.474243
160639.908476,140.102219,6.517014,121.497253
160639.949779,139.953201,6.534256,121.969437
160639.991082,140.283142,6.211197,121.425583
160640.032384,140.356339,6.314148,121.303375
160640.073687,140.188751,6.306122,121.571960
160640.114991,140.289612,6.267624,121.500015
160640.156294,140.302460,6.368835,121.615204
160640.197597,140.300125,6.279129,121.304199
160640.238901,140.300629,6.286209,121.549911
160640.280205,140.355804,6.476898,121.332550
160640.321509,140.495834,6.138046,121.416992
160640.362812,140.429871,6.419266,121.200836
160640.404113,140.379974,6.346375,121.283997
160640.445415,140.391769,6.444427,120.995041
160640.486719,140.197937,6.377625,121.368362
160640.528020,139.953323,6.391174,120.844559
160640.569321,140.092239,6.401413,121.233261
160640.610623,140.273148,6.237381,121.506790
160640.651925,140.213150,6.261765,121.192505
160640.693225,140.223679,5.968704,120.902985
160640.734529,139.961914,6.120407,120.911880
160640.775831,140.203918,6.211792,121.152664
160640.817132,140.215042,6.428665,121.318039
160640.858433,140.133453,6.315292,121.237579
160640.899733,140.041656,6.601242,121.009033
160640.941037,140.116470,6.358490,121.309830
160640.982345,140.001953,6.397034,121.114731
160641.023642,140.272400,6.501480,121.335434
160641.064945,140.310699,6.528412,121.327759
160641.106249,140.391556,6.464188,121.259109
160641.147554,140.374207,6.464081,121.328476
160641.188858,139.966995,6.377426,121.020142
160641.230163,140.241364,6.638733,121.277008
160641.271466,140.226593,6.381607,120.791168
160641.312769,140.209000,6.379807,121.214294
160641.354072,139.997864,6.513565,121.409134
160641.395377,140.197937,6.312439,121.078781
160641.436680,140.139755,6.507950,121.225662
160641.477985,139.991760,6.462112,121.027191
160641.519294,140.218353,6.365921,121.252426
160641.560591,140.096451,6.511917,121.646225
160641.601893,140.108887,6.457077,121.343857
160641.643197,139.950623,6.548462,120.925842
160641.684501,140.047363,6.712051,121.027039
160641.725806,140.136414,6.581833,121.245163
160641.767108,140.060394,6.639175,121.068085
160641.808412,140.200623,6.576782,121.242752
160641.849716,139.993652,6.564438,121.229599
160641.891018,140.192902,6.636139,121.101776
160641.932320,140.031723,6.410889,121.140350
160641.973625,140.214478,6.527313,121.285736
160642.014929,140.068161,6.466339,121.082550
160642.056233,140.164627,6.339981,121.147369
160642.097537,140.183105,6.439957,121.382233
160642.138840,140.232208,6.607574,121.243622
160642.180141,140.188263,6.537857,121.233978
160642.221441,140.153320,6.276764,121.671539
160642.262744,140.336700,6.368668,121.512665
160642.304046,140.163605,6.611725,121.605011
160642.345349,140.349152,6.533676,121.404633
160642.386654,140.465729,6.214996,121.511414
160642.427959,140.235764,6.457596,121.556061
160642.469262,140.318039,6.498581,121.500580
160642.510568,140.233047,6.482986,121.224014
160642.551873,140.204407,6.605560,121.323273
160642.593175,140.346390,6.294693,121.614380
160642.634480,140.187256,6.562653,121.447754
160642.675783,140.180527,6.219498,121.691223
160642.717089,140.097275,6.545731,121.305283
160642.758394,139.971405,6.464050,121.480530
160642.799702,140.028076,6.627319,121.396759
160642.841010,140.098465,6.621643,121.202530
160642.882320,140.229401,6.238129,121.020081
160642.923615,140.056076,6.483551,121.056076
160642.964917,140.184616,6.462875,121.388092
160643.006218,140.275009,6.467789,121.324188
160643.047520,140.177460,6.730301,121.202805
160643.088826,140.219833,6.561417,121.222549
160643.130131,140.237991,6.333847,121.080734
160643.171434,140.087021,6.458466,121.048920
160643.212738,140.073349,6.578430,121.060715
160643.254041,140.330750,6.309998,121.103363
160643.295345,140.195694,6.500153,121.270386
160643.336650,140.365417,6.520203,121.198563
160643.377954,140.383453,6.317047,121.650848
160643.419263,140.261124,6.471512,121.516983
160643.460564,140.468246,6.457352,121.258362
160643.501859,140.246216,6.743668,121.300522
160643.543161,140.235291,6.436142,121.328476
160643.584464,140.119766,6.742661,121.583038
160643.625767,140.282150,6.654556,121.366531
160643.667069,140.175705,6.593231,121.623459
160643.708371,140.011353,6.626495,121.542557
160643.749673,139.865051,6.581161,121.971451
160643.790978,140.021164,6.445114,121.566483
160643.832273,140.130035,6.556381,121.490784
160643.873576,140.238770,6.544601,121.602371
160643.914866,140.335693,6.542679,121.798050
160643.956168,140.253403,6.563324,121.658707
160643.997472,140.295639,6.504486,121.589050
160644.038774,140.107529,6.384293,121.420761
160644.080075,139.926224,6.647293,121.649109
160644.121378,139.985703,6.722549,121.395279
160644.162679,140.180191,6.509598,121.462769
160644.203979,140.160294,6.471329,121.481033
160644.245280,140.196228,6.355530,121.331696
160644.286581,140.319885,6.479248,121.343704
160644.327882,140.287598,6.284393,121.334579
160644.369187,139.973450,6.666336,121.540359
160644.410483,140.219131,6.541595,121.659668
160644.451790,140.166290,6.435501,121.503159
160644.493083,140.039536,6.620895,121.384933
160644.534383,140.222549,6.603195,121.347397
160644.575688,140.029633,6.435455,121.175613
160644.616987,140.059158,6.581390,121.370621
160644.658282,140.048843,6.503036,121.208847
160644.699581,140.309570,6.371094,121.262680
160644.740883,139.966705,6.506119,121.218353
160644.782184,140.299683,6.424301,121.422867
160644.823484,140.308899,6.409866,121.430511
160644.864787,140.372055,6.363434,121.339767
160644.906085,140.333237,6.379807,121.714157
160644.947386,140.178192,6.475784,121.411041
160644.988692,140.479782,6.290009,121.547928
160645.029989,140.299637,6.375061,121.432205
160645.071287,140.273956,6.448853,121.157715
160645.112582,140.428070,6.485718,121.432480
160645.153888,140.408096,6.428360,121.555786
160645.195182,140.432480,6.537201,121.186005
160645.236483,140.434372,6.373550,121.375015
160645.277782,140.356949,6.385849,121.217972
160645.319086,140.288940,6.788147,121.228317
160645.360377,140.280106,6.453751,121.306473
160645.401677,140.356720,6.369385,121.595490
160645.442978,140.301407,6.407211,121.562210
160645.484280,140.392471,6.495773,121.635071
160645.525583,140.234650,6.253189,121.670746
160645.566886,140.382248,6.547897,121.491699
160645.608189,140.157532,6.529221,121.390106
160645.649492,140.365738,6.518036,121.501770
160645.690796,140.371780,6.533875,121.459976
160645.732104,140.171494,6.313721,121.575638
160645.773401,140.172775,6.357590,121.418488
160645.814704,140.363708,6.389175,121.276825
160645.856013,140.305740,6.497284,121.431778
160645.897309,140.233490,6.409683,121.336090
160645.938613,140.302353,6.240417,121.076233
160645.979918,140.144836,6.064850,121.079666
160646.021218,140.075867,6.228012,120.997559
160646.062520,140.374222,6.263123,121.364594
160646.103824,140.087463,6.274765,121.157471
160646.145126,140.298584,6.106277,121.138351
160646.186428,140.237549,6.608673,121.404449
160646.227730,140.369095,6.336838,121.385422
160646.269030,140.195770,6.422928,121.488617
160646.310340,140.286285,6.467682,121.513947
160646.351636,140.195221,6.502853,121.068512
160646.392938,140.247696,6.488113,121.168365
160646.434239,140.270126,6.404495,121.428604
160646.475547,140.305984,5.981995,121.309662
160646.516841,140.212860,6.416626,121.438385
160646.558142,140.258957,6.056686,121.389526
160646.599445,140.340759,5.924667,121.258759
160646.640745,140.360611,6.224030,121.354370
160646.682045,140.065140,6.150085,120.901291
160646.723344,140.431351,6.215897,121.279938
160646.764644,140.126343,6.077454,121.456619
160646.805948,140.106216,6.285782,121.512680
160646.847252,140.050385,6.280563,121.664139
160646.888555,140.120117,6.339050,121.493301
160646.929857,140.021057,6.241379,121.340302
160646.971160,140.159973,6.129242,121.363098
160647.012462,140.138565,6.351334,121.393082
160647.053769,140.268890,6.316193,121.364624
160647.095070,140.232117,6.298431,121.276001
160647.136363,140.066040,6.307129,121.542999
160647.177663,140.167770,6.196152,121.313156
160647.218970,140.225143,6.251617,121.609940
160647.260263,140.165787,6.165146,121.349380
160647.301564,140.092468,6.312744,121.182266
160647.342865,140.307999,5.999298,121.639236
160647.384169,140.098679,6.316254,121.612488
160647.425473,140.212708,6.308441,121.280060
160647.466776,140.236633,6.259903,121.498840
160647.508077,140.230667,6.254913,121.643555
160647.549377,140.007538,6.329285,121.981750
160647.590680,140.025665,6.454437,121.633102
160647.631973,140.258301,6.251953,121.579224
160647.673275,140.181503,6.143524,121.592911
160647.714575,140.184906,6.363876,121.372665
160647.755876,140.452545,6.007431,121.696411
160647.797179,140.228928,6.205811,121.073227
160647.838481,140.439590,6.109283,121.414276
160647.879782,140.298187,6.009308,121.080902
160647.921083,140.253098,6.098892,121.199677
160647.962390,140.306503,6.113983,121.363693
160648.003685,140.433441,6.176697,121.162766
160648.044989,140.497330,6.218002,121.071716
160648.086292,140.454575,6.251938,121.354630
160648.127597,140.365540,6.499390,121.458328
160648.168901,140.351852,6.333344,120.976730
160648.210205,140.612595,6.279388,121.089630
160648.251506,140.205856,6.456772,121.008514
160648.292809,140.464523,6.419662,121.165497
160648.334112,140.384171,6.029236,121.254623
160648.375422,140.055771,6.322937,121.083740
160648.416724,140.382095,6.327057,121.036224
160648.458019,140.284882,6.248489,121.328186
160648.499321,140.549957,6.212967,121.002869
160648.540623,140.607376,6.155991,121.027954
160648.581930,140.457184,6.174789,121.043503
160648.623223,140.571014,6.148270,121.010071
160648.664522,140.491318,6.073837,121.340012
160648.705823,140.300903,6.243301,120.635773
160648.747125,140.465912,6.246338,120.979721
160648.788428,140.508255,6.136063,120.990219
160648.829730,140.288483,6.306427,121.052368
160648.871037,140.303696,6.264603,121.191986
160648.912331,140.528564,6.170486,121.330597
160648.953631,140.282349,6.232758,121.299118
160648.994934,140.395508,6.106827,121.257675
160649.036236,140.506195,6.127197,121.532227
160649.077536,140.517349,6.086761,121.480759
160649.118838,140.504913,6.001129,121.128815
160649.160142,140.557358,6.155899,121.506287
160649.201447,140.331055,5.944290,121.346237
160649.242741,140.428101,6.035416,121.356110
160649.284041,140.537247,6.107040,121.016113
160649.325346,140.573761,6.177856,121.380630
160649.366638,140.511230,5.956116,121.285110
160649.407943,140.345642,6.117966,121.458374
160649.449242,140.401138,6.175293,121.597015
160649.490535,140.645203,6.224655,121.545013
160649.531834,140.593643,6.217407,121.257141
160649.573134,140.557358,6.281036,121.475357
160649.614434,140.524704,6.368347,121.417419
160649.655736,140.570648,6.109161,121.303818
160649.697037,140.427155,6.330887,121.290527
160649.738338,140.417755,6.160233,121.331161
160649.779640,140.580475,6.209412,121.593338
160649.820941,140.516678,6.076355,120.948898
160649.862244,140.402374,6.004669,121.192810
160649.903546,140.423996,5.942566,121.049942
160649.944856,140.463821,6.107422,121.349304
160649.986151,140.382523,6.079178,121.230957
160650.027454,140.484894,6.014954,121.544357
160650.068759,140.190002,6.455582,121.383377
160650.110058,140.585297,5.857224,121.213821
160650.151362,140.571503,6.287949,121.075684
160650.192663,140.460480,6.177505,121.421875
160650.233965,140.411743,6.455139,121.071777
160650.275266,140.376297,6.436783,121.214737
160650.316566,140.383026,6.345200,121.368179
160650.357868,140.341370,6.071136,121.187851
160650.399172,140.315277,6.453949,121.197876
160650.440472,140.609299,6.225708,121.109467
160650.481774,140.411819,6.356903,121.053619
160650.523076,140.231308,6.351562,121.221313
160650.564379,140.032593,6.242203,121.117767
160650.605685,140.432404,6.094376,121.283417
160650.646979,140.159515,6.264633,121.344467
160650.688280,140.187592,6.240677,121.171539
160650.729583,140.306488,6.047729,121.198914
160650.770885,140.310608,6.327286,121.365540
160650.812188,140.251923,6.276794,121.301758
160650.853491,140.236328,6.475235,121.324997
160650.894793,140.206253,6.341324,120.965332
160650.936096,140.012039,6.388382,121.149307
160650.977398,140.273438,6.248383,121.308334
160651.018701,140.287323,6.320633,121.048431
160651.060008,140.189255,6.074844,121.255341
160651.101303,140.140472,6.117386,121.289536
160651.142605,140.056793,6.102936,121.284271
160651.183908,140.320084,5.960846,120.952667
160651.225209,140.145966,5.922592,121.189651
160651.266511,140.101471,6.208847,121.342484
160651.307813,140.095810,6.131317,121.175720
160651.349114,140.187332,5.960220,121.051682
160651.390416,140.327286,6.078552,121.103867
160651.431720,140.152649,6.219208,121.160690
160651.473022,140.037064,6.231430,121.020142
160651.514324,140.212006,6.249954,121.207703
160651.555626,140.359802,6.262131,120.969650
160651.596928,140.310959,6.216980,120.932068
160651.638231,139.969589,6.170319,120.920059
160651.679536,140.205322,6.412277,120.923447
160651.720838,140.343597,6.392090,121.210022
160651.762143,140.201004,6.311340,121.111435
160651.803448,140.164474,6.286499,121.104721
160651.844753,139.900375,6.203995,121.156052
160651.886059,140.031815,6.216232,121.026123
160651.927365,140.305405,6.259949,121.359283
160651.968670,140.128677,6.306091,121.244919
160652.009975,140.210861,6.479874,121.249924
160652.051278,140.290039,6.016190,121.313751
160652.092582,140.224731,6.367477,121.427063
160652.133886,140.291504,6.350296,121.322845
160652.175189,140.105530,6.247284,121.193069
160652.216493,140.256439,6.211227,121.211945
160652.257795,140.050049,6.027542,121.207489
160652.299098,140.189804,6.140533,121.009003
160652.340400,140.145279,6.349411,120.882462
160652.381701,140.059814,6.474854,120.895767
160652.423003,140.207596,6.373352,121.058151
160652.464305,140.052338,6.225357,120.943710
160652.505607,140.046021,6.270813,121.243805
160652.546910,140.096161,6.423355,120.939941
160652.588210,139.889908,6.445480,121.186539
160652.629509,139.987564,6.571793,121.049179
160652.670809,140.068329,6.488541,121.008820
160652.712109,140.155380,6.398895,121.260193
160652.753414,140.069275,6.457458,120.963837
160652.794707,140.176926,6.568359,121.089996
160652.836005,140.149429,6.758896,121.229980
160652.877301,140.375977,6.319000,121.131027
160652.918603,140.198624,6.628464,121.297379
160652.959904,139.963852,6.269196,121.008179
160653.001205,140.198318,6.624542,121.515045
160653.042507,140.029144,6.659210,121.650070
160653.083813,140.135712,6.523819,121.263504
160653.125117,140.227982,6.140594,121.081543
160653.166423,140.316437,6.122437,121.357803
160653.207733,140.126480,6.038666,121.295319
160653.249033,140.028732,5.979385,121.282944
160653.290333,140.601364,6.194336,121.396713
160653.331627,140.449524,6.171555,121.529266
160653.372935,140.358383,6.290848,121.427032
160653.414230,140.292450,6.161667,121.620010
160653.455533,140.180359,6.205017,121.433319
160653.496836,140.162048,6.097000,121.251709
