160830.445682,140.282379,6.516006,121.270966
160830.486992,140.112762,6.557831,121.171677
160830.528300,140.210678,6.472137,121.378265
160830.569607,140.172470,6.693665,121.069763
160830.610914,140.344543,6.310074,121.359970
160830.652219,140.348434,6.422974,120.926682
160830.693523,140.398941,6.519302,121.385040
160830.734828,140.431137,6.332550,121.081131
160830.776135,140.356583,6.386871,121.508392
160830.817444,140.252579,6.450668,121.443619
160830.858751,140.486542,6.387802,121.584167
160830.900061,140.780746,6.271866,121.247925
160830.941370,140.752579,6.239151,121.172958
160830.982679,140.662796,6.162170,121.361984
160831.023986,140.738983,6.051208,121.270065
160831.065291,140.528778,6.492065,121.641479
160831.106599,140.477539,6.346970,121.035889
160831.147907,140.349106,6.556488,121.105316
160831.189217,140.250397,6.472534,121.306488
160831.230526,140.328796,6.567215,121.100143
160831.271835,140.393753,6.461990,120.877930
160831.313142,140.197876,6.551102,120.942322
160831.354449,140.462128,6.243622,120.551056
160831.395758,140.446381,6.331375,120.801193
160831.437067,140.451401,6.218658,120.716324
160831.478377,140.638428,6.579514,121.203537
160831.519685,140.705551,6.556305,121.355972
160831.560992,140.349777,6.567734,120.988785
160831.602297,140.629929,6.256973,121.029007
160831.643603,140.283005,6.437057,121.057693
160831.684910,140.594604,6.210770,120.913132
160831.726219,140.563629,6.284546,121.294342
160831.767526,140.465790,6.440918,120.735367
160831.808831,140.629074,6.292175,121.046341
160831.850137,140.762329,6.244598,121.215546
160831.891444,140.799225,6.514908,120.876984
160831.932751,140.654358,6.455154,120.774368
160831.974058,140.621399,6.184555,120.692123
160832.015364,140.763306,6.288055,120.750687
160832.056673,140.722198,6.287369,120.824677
160832.097981,140.501328,6.342545,120.638885
160832.139290,140.619720,6.254654,121.029388
160832.180598,140.664108,6.359512,120.768799
160832.221905,140.582565,6.490509,121.199356
160832.263210,140.581543,6.486588,120.838531
160832.304515,140.730194,6.338760,120.898407
160832.345822,140.588196,6.431595,120.616058
160832.387124,140.567444,6.494217,120.685989
160832.428430,140.499634,6.698013,120.634338
160832.469737,140.399612,6.568527,120.816650
160832.511042,140.300415,6.624588,121.084000
160832.552348,140.379868,6.446152,120.576996
160832.593656,140.393768,6.351685,120.784073
160832.634966,140.436737,6.342941,120.869980
160832.676275,140.353592,6.308914,120.642365
160832.717582,140.594696,6.330948,120.898499
160832.758890,140.554001,6.315094,120.946320
160832.800198,140.558762,6.633743,121.039276
160832.841503,140.377029,6.535294,120.868759
160832.882808,140.496124,6.435684,121.368790
160832.924117,140.512360,6.297913,120.969940
160832.965425,140.589920,6.628403,121.198456
160833.006732,140.711624,6.546967,121.040451
160833.048042,140.449738,6.784515,121.242249
160833.089351,140.747009,6.316040,121.060333
160833.130661,140.576294,6.366669,120.950317
160833.171970,140.802979,6.438583,121.110703
160833.213280,140.622360,6.148468,121.141953
160833.254589,140.483887,6.359467,120.631378
160833.295898,140.457825,6.290192,120.857834
160833.337205,140.565216,6.291061,121.032455
160833.378511,140.542999,6.323914,120.966171
160833.419820,140.615417,6.511749,121.009109
160833.461128,140.558990,6.560272,121.035156
160833.502435,140.479538,6.297531,120.952606
160833.543741,140.457138,6.381744,121.131180
160833.585050,140.433105,6.377899,121.445007
160833.626358,140.604248,6.518570,121.317795
160833.667669,140.609589,6.594833,121.155777
160833.708979,140.368591,6.608948,121.194168
160833.750287,140.430145,6.510696,121.111176
160833.791594,140.381256,6.527176,121.052429
160833.832899,140.414368,6.572098,121.515152
160833.874203,140.457474,6.502106,121.039703
160833.915508,140.400406,6.412094,121.058746
160833.956812,140.317032,6.455780,121.340683
160833.998115,140.378723,6.515396,121.055466
160834.039420,140.504913,6.316238,121.023895
160834.080725,140.254120,6.572983,120.925232
160834.122029,140.487793,6.397171,121.179214
160834.163336,140.375168,6.435394,120.907272
160834.204643,140.407104,6.485809,120.885483
160834.245951,140.379639,6.448929,120.810669
160834.287261,140.527481,6.304077,121.179504
160834.328572,140.472641,6.496597,121.108368
160834.369880,140.587601,6.450714,121.167725
160834.411190,140.262115,6.712967,121.170349
160834.452499,140.325287,6.522415,121.101181
160834.493806,140.198486,6.559540,121.039688
160834.535114,140.363205,6.666748,121.070877
160834.576420,140.446747,6.272141,120.866882
160834.617723,140.450897,6.505722,120.940613
160834.659028,140.354233,6.455490,120.982254
160834.700333,140.387436,6.547089,121.081268
160834.741641,140.449448,6.541504,120.917877
160834.782945,140.404053,6.736389,121.174133
160834.824249,140.338165,6.648163,120.870651
160834.865552,140.387466,6.633942,120.794830
160834.906858,140.097427,6.497330,121.196823
160834.948163,140.254440,6.793869,120.817764
160834.989470,140.573883,6.615601,120.852402
160835.030777,140.268463,6.780777,121.089172
160835.072086,140.562592,6.308853,120.700165
160835.113395,140.407257,6.497742,120.849396
160835.154705,140.557159,6.502411,120.890732
160835.196012,140.472336,6.573151,120.615723
160835.237322,140.395294,6.383911,120.888763
160835.278631,140.581863,6.124222,121.083466
160835.319938,140.498444,6.214523,120.756577
160835.361246,140.398117,6.289154,120.860352
160835.402555,140.687469,6.163559,120.933594
160835.443863,140.686020,6.167297,120.857437
160835.485172,140.690811,6.316818,121.256256
160835.526480,140.820236,6.399811,121.444672
160835.567788,140.555130,6.425156,121.634277
160835.609096,140.454361,6.590881,121.043686
160835.650405,140.519241,6.580261,121.782455
160835.691711,140.702026,6.450958,121.026871
160835.733018,140.633026,6.462860,121.278152
160835.774323,140.499786,6.436386,120.893677
160835.815630,140.496826,6.854538,121.079407
160835.856938,140.559738,6.712082,121.004135
160835.898248,140.624863,6.364624,120.991364
160835.939559,140.502121,6.363419,121.065796
160835.980870,140.647018,6.514496,121.179916
160836.022181,140.645599,6.259048,121.354294
160836.063492,140.730591,6.560074,121.322617
160836.104803,140.546402,6.458206,121.513168
160836.146114,140.601334,6.575348,121.405869
160836.187423,140.656876,6.547211,121.572784
160836.228734,140.438049,6.641129,121.653610
160836.270045,140.381760,6.344254,121.089386
160836.311354,140.595169,6.593201,121.344193
160836.352661,140.524673,6.495163,120.874130
160836.393969,140.645874,6.491989,120.807236
160836.435277,140.408218,6.400970,120.931610
160836.476584,140.287567,6.648727,120.717621
160836.517890,140.721115,6.354813,120.917175
160836.559197,140.625839,6.499374,121.407715
160836.600502,140.408569,6.372513,120.978790
160836.641807,140.666031,6.224609,120.856049
160836.683113,140.580399,6.428009,121.268280
160836.724421,140.578125,6.151016,121.261169
160836.765728,140.440994,6.405838,121.048233
160836.807037,140.548172,6.283096,120.964722
160836.848348,140.467712,6.353180,121.247726
160836.889659,140.649734,6.346848,121.129028
160836.930968,140.445404,6.373245,120.628784
160836.972278,140.382202,6.566238,121.024063
160837.013583,140.477173,6.582886,120.796707
160837.054891,140.536804,6.581070,120.921188
160837.096200,140.616989,6.408661,121.096756
160837.137513,140.657898,6.206635,121.343079
160837.178824,140.751938,6.081711,120.930435
160837.220134,140.587738,6.380234,121.121902
160837.261442,140.709335,6.247803,121.568634
160837.302749,140.761932,6.282089,121.613022
160837.344058,140.740265,6.356262,121.512634
160837.385367,140.484283,6.189590,121.151855
160837.426678,140.668701,6.196121,121.392075
160837.467984,140.910065,6.167572,120.851089
160837.509292,140.767410,6.279984,120.984528
160837.550600,140.665527,6.324875,121.380219
160837.591907,140.767303,6.336777,121.451004
160837.633215,140.649597,6.531906,121.492035
160837.674523,140.711823,6.281647,121.636093
160837.715831,140.556091,6.334473,121.279831
160837.757140,140.778885,6.330505,121.168823
160837.798448,140.739258,6.317047,121.171341
160837.839757,140.825546,6.297455,120.652847
160837.881066,140.942429,6.058105,121.291107
160837.922375,140.565765,6.473236,120.996475
160837.963685,140.796906,6.188309,121.120575
160838.004995,140.700333,6.225464,121.159729
160838.046305,140.524765,6.532944,121.026871
160838.087616,140.648621,6.273209,121.019424
160838.128927,140.728271,6.227051,121.172577
160838.170236,140.755310,6.210541,120.919968
160838.211546,140.897781,5.854370,120.894379
160838.252856,140.627075,6.144073,120.740402
160838.294166,140.752792,6.226364,121.056610
160838.335476,140.687119,6.217560,120.929840
160838.376787,140.793823,6.299454,120.715393
160838.418095,140.761505,6.044296,120.941193
160838.459402,140.546967,6.062714,121.098679
160838.500711,140.316711,6.244247,121.282471
160838.542018,140.532913,6.122177,121.401779
160838.583325,140.480469,6.323608,121.055695
160838.624632,140.599884,6.053772,121.280670
160838.665940,140.378723,6.167969,120.896667
160838.707248,140.662613,6.005692,121.182648
160838.748556,140.519958,6.116516,121.116776
160838.789866,140.590469,6.145737,121.070663
160838.831174,140.806442,5.928497,121.293442
160838.872483,140.895477,5.868073,121.334412
160838.913790,140.563843,6.085434,121.117569
160838.955102,140.592178,6.102264,121.117950
160838.996413,140.678711,6.156250,120.913925
160839.037724,140.611588,6.190491,120.859070
160839.079034,140.380859,6.224045,121.138718
160839.120344,140.503540,6.236115,120.825897
160839.161656,140.553024,6.078918,120.816528
160839.202966,140.616165,6.202820,120.884048
160839.244275,140.676178,6.078903,120.731628
160839.285582,140.589340,5.937927,120.873779
160839.326890,140.744385,6.110886,121.143555
160839.368199,140.628967,6.092178,121.010742
160839.409505,140.677139,6.086655,120.965790
160839.450812,140.554916,6.064041,121.437210
160839.492117,140.738693,6.106537,120.925873
160839.533422,140.543518,6.144363,121.183731
160839.574729,140.896667,6.015411,121.173264
160839.616038,140.704208,6.135147,121.185043
160839.657346,140.668137,5.987427,121.054581
160839.698654,140.642609,6.197723,121.009491
160839.739960,140.670715,6.190140,120.992340
160839.781264,140.703949,6.274811,121.125504
160839.822567,140.855103,6.309814,121.074356
160839.863872,140.838043,6.236115,121.050903
160839.905174,140.659927,6.147476,121.412979
160839.946478,140.698334,6.137161,120.775726
160839.987782,140.733353,5.989365,120.727112
160840.029088,140.799530,6.092361,120.989014
160840.070394,140.590881,6.148422,120.895813
160840.111702,140.708862,6.097595,121.226471
160840.153011,140.724411,6.152481,120.996506
160840.194320,140.668930,6.219650,121.100372
160840.235632,140.654602,6.122635,121.096985
160840.276940,140.661728,6.245377,121.199112
160840.318245,140.399506,6.369705,121.256119
160840.359547,140.730072,6.199127,121.015442
160840.400850,140.619507,6.321060,121.273956
160840.442155,140.669647,6.030365,121.324814
160840.483461,140.743759,6.111649,121.215347
160840.524764,140.453506,6.285507,121.630783
160840.566071,141.005951,6.030838,121.442001
160840.607375,140.705414,5.814575,121.145218
160840.648681,140.569458,6.002441,121.415817
160840.689989,140.693878,6.258331,121.285370
160840.731297,140.817398,5.918045,121.293640
160840.772604,140.709946,6.034882,121.269348
160840.813911,140.672287,6.050598,121.360840
160840.855217,140.564743,6.237778,121.270264
160840.896526,140.539047,6.505127,121.307602
160840.937833,140.470581,6.431168,121.300964
160840.979142,140.818817,6.165024,121.416077
160841.020451,140.725021,6.344009,121.505356
160841.061760,140.764557,6.264008,121.501862
160841.103067,140.474716,6.304306,121.343750
160841.144373,140.535812,6.251892,121.168686
160841.185682,140.529831,6.374985,121.187195
160841.226992,140.642319,6.350601,121.079071
160841.268299,140.555313,6.196655,120.976776
160841.309606,140.632751,6.007980,121.070816
160841.350913,140.638199,6.202042,121.277847
160841.392222,140.596573,6.282730,120.953781
160841.433533,140.721069,6.227875,121.201782
160841.474841,140.671524,6.218033,120.998856
160841.516150,140.549973,6.431900,120.974884
160841.557458,140.725586,6.261566,121.368881
160841.598764,140.577469,6.386612,121.630997
160841.640072,140.524872,6.472717,121.149261
160841.681373,140.584625,6.414719,121.098282
160841.722678,140.458740,6.328445,120.879150
160841.763986,140.493088,6.326904,121.215454
160841.805294,140.337982,6.430099,121.021973
160841.846602,140.238205,6.495071,120.999664
160841.887910,140.270844,6.529602,121.287613
160841.929221,140.216019,6.599121,121.197968
160841.970529,140.393204,6.367218,121.254349
160842.011836,140.597321,6.432480,121.259033
160842.053144,140.446381,6.639832,121.077438
160842.094450,140.669830,6.451767,121.234390
160842.135759,140.521408,6.647171,121.318680
160842.177066,140.821945,6.383591,121.570435
160842.218374,140.651718,6.514389,121.318161
160842.259681,140.711853,6.313934,120.996002
160842.300991,140.551559,6.530899,121.468567
160842.342297,140.492004,6.343307,121.287140
160842.383603,140.547211,6.452576,121.214005
160842.424911,140.545731,6.363861,121.088287
160842.466221,140.586060,6.291382,121.298553
160842.507531,140.520905,6.387161,120.691772
160842.548837,140.813065,6.333618,120.969406
160842.590145,140.509171,6.472870,121.127151
160842.631453,140.464828,6.312637,120.848007
160842.672764,140.829590,6.336517,121.407104
160842.714076,140.875702,6.398987,121.030579
160842.755382,140.879150,6.252426,121.162201
160842.796692,140.833954,6.318604,121.337112
160842.838002,140.804169,6.336487,121.333176
160842.879310,140.729797,6.271866,121.006210
160842.920618,140.756912,6.277420,121.174850
160842.961927,140.706482,6.453674,121.198624
160843.003238,140.567551,6.552017,121.300369
160843.044546,140.627975,6.636978,121.098511
160843.085855,140.742249,6.514374,121.061920
160843.127162,140.640793,6.612274,121.049438
160843.168470,140.441895,6.605515,120.954773
160843.209777,140.573257,6.368622,120.974045
160843.251085,140.109634,6.761429,121.216431
160843.292392,140.306442,6.678360,121.066254
160843.333699,140.452194,6.507034,121.194016
160843.375007,140.559906,6.784424,120.831131
160843.416312,140.853546,6.373337,121.398636
160843.457619,140.415192,6.516983,121.246368
160843.498927,140.566452,6.674545,121.170425
160843.540235,140.496185,6.705475,121.379883
160843.581542,140.566193,6.379822,120.922318
160843.622848,140.579147,6.505127,121.049622
160843.664152,140.702927,6.418137,121.166794
160843.705457,140.630890,6.509384,121.300278
160843.746763,140.590775,6.477005,121.338959
160843.788070,140.741211,6.440079,121.064575
160843.829377,140.815094,6.598984,121.197861
160843.870682,140.664703,6.703171,120.959976
160843.911989,140.644455,6.510101,120.782608
160843.953295,140.654343,6.315231,121.106964
160843.994601,140.759552,6.474808,121.233459
160844.035910,140.693420,6.667862,121.417770
160844.077217,140.544998,6.572418,121.384232
160844.118525,140.660126,6.375153,121.266571
160844.159831,140.465912,6.478592,121.797852
160844.201137,140.608719,6.723724,121.486404
160844.242445,140.894577,6.364761,121.695312
160844.283751,140.678757,6.513428,121.226334
160844.325057,140.900177,6.367325,121.330307
160844.366363,140.747528,6.369949,121.538834
160844.407669,140.770660,6.414963,121.449615
160844.448972,140.697052,6.264938,121.496124
160844.490277,140.536194,6.508408,121.165024
160844.531581,140.556458,6.285706,120.968689
160844.572885,140.597534,6.496185,121.358429
160844.614189,140.344086,6.488342,120.949921
160844.655495,140.463425,6.344849,121.140274
160844.696799,140.595352,6.386642,121.242599
160844.738106,140.434143,6.373825,121.213806
160844.779414,140.540894,6.534164,121.143829
160844.820722,140.456161,6.467911,121.478836
160844.862030,140.662262,6.428680,121.446793
160844.903339,140.688232,6.564163,121.347504
160844.944647,140.719803,6.374512,121.220993
160844.985957,140.594482,6.753540,121.257767
160845.027265,140.681534,6.664734,120.763611
160845.068574,140.455414,6.454224,121.016678
160845.109884,140.504761,6.456070,120.976837
160845.151193,140.509827,6.520966,120.891220
160845.192501,140.625900,6.225739,120.749680
160845.233810,140.579422,6.463654,120.734497
160845.275119,140.686478,6.492432,120.576431
160845.316427,140.565399,6.410950,120.627045
160845.357740,140.619263,6.482407,121.004929
160845.399051,140.630539,6.495102,121.121689
160845.440361,140.541275,6.302353,120.931702
160845.481670,140.715836,6.226913,120.686478
160845.522977,140.440796,6.507507,121.194534
160845.564284,140.355637,6.443527,121.050323
160845.605594,140.484818,6.410248,121.053284
160845.646904,140.476990,6.607956,120.965271
160845.688213,140.614746,6.799164,120.575012
160845.729522,140.484467,6.471390,120.844086
160845.770831,140.396866,6.430161,121.179688
160845.812143,140.407227,6.375977,120.779572
160845.853455,140.594971,6.448669,120.839096
160845.894766,140.364609,6.438339,120.880142
160845.936081,140.570892,6.394470,120.778564
160845.977396,140.656830,6.303787,120.930389
160846.018707,140.601913,6.275238,120.980423
160846.060017,140.515472,6.325272,121.015396
160846.101327,140.736649,6.270370,121.093124
160846.142638,140.663193,6.341385,121.297195
160846.183949,140.467865,6.322495,121.089600
160846.225258,140.630035,6.238007,121.022644
160846.266566,140.479675,6.293030,121.148682
160846.307872,140.736847,6.319855,120.709915
160846.349181,140.637161,6.277084,121.063843
160846.390490,140.588043,6.502777,121.006012
160846.431802,140.990967,6.299240,120.888718
160846.473111,140.573364,6.056030,120.815750
160846.514421,140.805283,6.188034,120.967606
160846.555728,140.726334,6.130447,120.829437
160846.597036,140.732849,6.130783,121.117737
160846.638345,140.689697,6.223923,120.983704
160846.679651,140.672729,6.294876,121.016495
160846.720957,140.821213,6.037689,120.955627
160846.762266,140.675201,6.207077,121.066696
160846.803574,140.577011,6.179947,120.844696
160846.844881,140.788681,6.364990,121.227997
160846.886189,140.794052,6.356583,120.574310
160846.927495,140.589569,6.460159,120.904556
160846.968804,140.836319,6.754181,121.060028
160847.010112,140.764450,6.409302,120.814804
160847.051419,140.760864,6.408371,120.792572
160847.092724,140.721298,6.559875,120.858093
160847.134028,140.526978,6.473694,120.828461
160847.175336,140.629745,6.309448,120.797684
160847.216643,140.606873,6.216476,120.594162
160847.257951,140.706070,6.259811,120.438278
160847.299259,140.836823,6.125000,120.912399
160847.340568,140.805481,6.304901,120.257538
160847.381875,140.735016,6.330490,120.605225
160847.423183,140.668076,6.588562,120.541321
160847.464491,140.798569,6.369873,120.777267
160847.505799,140.733261,6.417114,120.797684
160847.547106,140.883026,6.254456,120.858398
160847.588410,140.693161,6.387344,120.663406
160847.629717,140.594452,6.658981,120.905914
160847.671023,140.487289,6.390961,120.884109
160847.712330,140.589264,6.502319,120.496307
160847.753637,140.528305,6.664566,120.967804
160847.794943,140.716873,6.491119,120.682846
160847.836247,140.597366,6.549332,120.957077
160847.877553,140.366470,6.469482,120.902039
160847.918855,140.559235,6.784958,120.777359
160847.960160,140.505127,6.447342,120.817047
160848.001466,140.571457,6.516647,120.816101
160848.042773,140.498535,6.595840,120.831070
160848.084080,140.601883,6.615921,120.690964
160848.125388,140.836319,6.333588,120.396210
160848.166694,140.674728,6.426743,120.796204
160848.208000,140.661453,6.611572,120.617722
160848.249306,140.643036,6.761139,120.874023
160848.290612,140.544571,6.676270,120.965744
160848.331919,140.422241,6.792053,120.884567
160848.373224,140.436218,6.582367,120.928360
160848.414531,140.393173,6.534561,120.563644
160848.455837,140.451859,6.829697,120.810257
160848.497142,140.529572,6.657272,120.798782
160848.538448,140.572296,6.522461,120.851913
160848.579754,140.384201,6.634842,120.810455
160848.621060,140.405121,6.761429,120.815781
160848.662368,140.424454,6.391739,120.660919
160848.703675,140.545059,6.624039,120.817886
160848.744982,140.410843,6.521225,120.913162
160848.786290,140.696991,6.253174,120.443466
160848.827596,140.508209,6.512604,120.740738
160848.868904,140.410065,6.754517,120.855408
160848.910215,140.626038,6.520599,120.708740
160848.951524,140.494568,6.518433,120.839828
160848.992833,140.364746,6.524170,121.110214
160849.034143,140.578949,6.343765,121.010315
160849.075452,140.510452,6.294678,121.008240
160849.116761,140.818802,6.365814,120.979507
160849.158069,140.840424,6.183411,120.841370
160849.199378,140.651413,6.280472,120.846481
160849.240686,140.854294,6.153961,121.012848
160849.281992,140.873215,6.011475,120.699951
160849.323299,140.575256,6.147964,121.422363
160849.364606,140.406815,6.344528,121.100677
160849.405912,140.432846,6.216858,121.152985
160849.447219,140.336227,6.307968,121.192429
160849.488525,140.415359,6.429398,121.434311
160849.529831,140.469498,6.422836,120.926834
160849.571139,140.503067,6.431427,121.600388
160849.612447,140.475189,6.436203,120.863876
160849.653755,140.472992,6.454605,121.056671
160849.695061,140.526260,6.308670,121.142441
160849.736367,140.752274,6.414261,121.260468
160849.777673,140.424164,6.412613,120.982086
160849.818981,140.434784,6.417908,120.964188
160849.860284,140.514893,6.388046,121.026093
160849.901590,140.588547,6.584976,120.587570
160849.942895,140.493668,6.501419,121.040649
160849.984203,140.368164,6.324448,120.957428
160850.025508,140.574799,6.273727,121.265656
160850.066813,140.363922,6.503082,120.820084
160850.108120,140.621399,6.285858,121.031067
160850.149424,140.617813,6.473572,120.885757
160850.190732,140.588547,6.391907,121.114777
160850.232037,140.528717,6.447403,120.908081
160850.273342,140.395554,6.410400,121.222916
160850.314644,140.505646,6.458817,121.038605
160850.355949,140.538071,6.442200,120.870148
160850.397258,140.271347,6.364258,121.052521
160850.438566,140.355896,6.556534,121.058151
160850.479875,140.302444,6.548553,121.280701
160850.521181,140.504105,6.645813,120.946106
160850.562487,140.437897,6.678360,120.789825
160850.603796,140.441956,6.639191,120.869461
160850.645102,140.591324,6.486725,120.910355
160850.686410,140.496704,6.492111,120.956177
160850.727715,140.552536,6.839355,121.159561
160850.769021,140.399521,6.586288,120.653412
160850.810325,140.541824,6.544983,121.043472
160850.851631,140.435699,6.553925,121.110458
160850.892935,140.407013,6.721817,121.257599
160850.934244,140.737076,6.336731,120.877548
160850.975551,140.462753,6.761963,121.438705
160851.016856,140.528122,6.636658,120.972824
160851.058163,140.543365,6.555878,121.306046
160851.099469,140.495407,6.640808,120.826279
160851.140781,140.425766,6.769592,121.159485
160851.182089,140.542984,6.524323,121.007919
160851.223399,140.560699,6.596405,121.056580
160851.264706,140.704773,6.394913,120.870972
160851.306014,140.902023,6.317398,120.807083
160851.347323,140.553223,6.496384,120.850113
160851.388633,140.773468,6.438446,120.639389
160851.429939,140.684052,6.623672,121.098343
160851.471246,140.488708,6.799393,120.953445
160851.512555,140.432190,6.414627,120.905487
160851.553863,140.503510,6.589355,121.272720
160851.595172,140.411652,6.612274,121.046951
160851.636479,140.267899,6.727173,120.747437
160851.677787,140.678375,6.623825,120.782288
160851.719095,140.344986,6.702209,120.602051
160851.760403,140.259094,6.702316,120.765396
160851.801711,140.156555,6.799576,120.681000
160851.843021,140.112686,6.500916,120.722626
160851.884329,140.147614,6.580460,120.799026
160851.925638,140.225174,6.710693,120.734482
160851.966943,140.415024,6.369293,120.854965
160852.008248,140.259140,6.603256,121.242920
160852.049556,140.322037,6.607300,121.106186
160852.090864,140.194244,6.773346,121.074860
160852.132171,140.221024,6.753098,121.224258
160852.173479,140.238449,6.751251,121.098694
160852.214786,140.198944,6.591232,121.107300
160852.256092,140.236633,6.931168,121.019485
160852.297400,140.383255,6.752197,121.154831
160852.338709,140.179184,6.962494,121.245575
160852.380019,140.185745,6.620331,120.980667
160852.421327,140.281021,6.771667,120.921448
160852.462633,140.355423,6.473679,120.887054
160852.503941,140.200989,6.723938,121.087112
160852.545248,140.386856,6.504120,120.894760
160852.586555,140.269211,6.669296,120.830200
160852.627861,140.472549,6.589554,120.972168
160852.669168,140.168716,6.549545,120.826965
160852.710475,140.347687,6.522079,121.034271
160852.751782,140.288376,6.583344,121.393112
160852.793087,140.530441,6.686508,121.313614
160852.834395,140.392303,6.609711,121.163956
160852.875702,140.398483,6.577118,121.303543
160852.917008,140.401917,6.432541,120.881409
160852.958314,140.735031,6.507309,121.276321
160852.999623,140.639297,6.603851,121.253296
160853.040930,140.642349,6.496643,121.245270
160853.082240,140.373459,6.567734,120.749451
160853.123547,140.476593,6.490143,121.136871
160853.164857,140.521164,6.546616,121.007797
160853.206164,140.612625,6.297852,120.980103
160853.247470,140.535904,6.538528,121.204849
160853.288778,140.420670,6.306808,120.926147
160853.330085,140.288956,6.283829,121.243011
160853.371393,140.458298,6.502579,120.857498
160853.412700,140.684448,6.337677,120.936371
160853.454006,140.383408,6.333511,120.769470
160853.495314,140.443130,6.477722,120.889786
160853.536622,140.536545,6.513474,120.998611
160853.577931,140.465485,6.393906,121.277649
160853.619238,140.575531,6.268585,121.092651
160853.660546,140.606873,6.337402,120.769699
160853.701853,140.519165,6.435013,120.841217
160853.743159,140.386932,6.557968,120.928680
160853.784466,140.324677,6.478806,120.692245
160853.825773,140.323685,6.467972,120.842453
160853.867081,140.251770,6.693924,121.129318
160853.908389,140.448517,6.638931,120.917770
160853.949696,140.130295,6.523941,121.105148
160853.991002,140.177765,6.533463,120.878296
160854.032308,140.305527,6.339325,121.115433
160854.073617,140.141876,6.505142,120.795853
160854.114923,140.399460,6.387329,121.007187
160854.156228,140.503265,6.643478,120.800446
160854.197535,140.395462,6.642548,120.667374
160854.238842,140.188980,6.556702,120.886414
160854.280151,140.180054,6.771698,121.117813
160854.321459,140.414627,6.490829,120.877151
160854.362767,140.365158,6.455536,120.892578
160854.404075,140.480835,6.534286,120.853638
160854.445383,140.547653,6.285538,120.958466
160854.486689,140.588654,6.112518,120.694443
160854.527996,140.305267,6.309189,120.631226
160854.569304,140.421661,6.235260,120.905624
160854.610611,140.594238,6.136337,120.884155
160854.651919,140.338013,5.869705,120.730316
160854.693225,140.424377,6.214279,120.537003
160854.734531,140.214523,6.181396,120.440643
160854.775840,140.133148,6.088943,120.713013
160854.817145,140.431396,6.082977,120.576614
160854.858450,140.347824,6.336823,120.880798
160854.899756,140.238235,6.183243,121.015198
160854.941059,140.391586,6.216644,121.211212
160854.982366,140.285843,6.467346,120.908188
160855.023670,140.425827,6.306992,120.776413
160855.064977,140.335602,6.422592,121.070572
160855.106283,140.256409,6.479721,120.780853
160855.147588,140.414108,6.388062,120.638245
160855.188892,140.349304,6.449448,120.799164
160855.230194,140.430298,6.339203,120.879700
160855.271498,140.295624,6.286072,121.078674
160855.312803,140.577087,6.092834,120.815125
160855.354104,140.267532,6.199066,120.612030
160855.395405,140.620239,6.091278,120.828064
160855.436710,140.673370,6.092743,120.927414
160855.478014,140.727142,6.265823,120.993332
160855.519319,140.393997,6.342590,120.844482
160855.560626,140.752136,6.270660,121.168884
160855.601931,140.471756,6.511169,120.932144
160855.643237,140.654938,6.317001,120.926315
160855.684542,140.544083,6.604660,121.411789
160855.725850,140.485077,6.470123,120.888535
160855.767158,140.288116,6.606995,120.871460
160855.808465,140.244934,6.591019,121.194717
160855.849771,140.303268,6.470001,120.799622
160855.891077,140.325958,6.459091,120.869095
160855.932380,140.177841,6.492950,120.874252
160855.973688,140.381226,6.567383,120.947128
160856.014998,140.608475,6.372116,120.660431
160856.056304,140.361633,6.448441,120.430679
160856.097610,140.411484,6.487030,120.751129
160856.138916,140.461060,6.621460,120.716858
160856.180220,140.284546,6.392929,120.533310
160856.221524,140.304657,6.231308,120.839554
160856.262829,140.416061,6.491943,120.779297
160856.304135,140.357468,6.537109,120.839417
160856.345441,140.229691,6.574722,120.812897
160856.386747,140.177521,6.599472,120.733734
160856.428052,140.450043,6.536987,120.750977
160856.469357,140.293411,6.625290,120.519608
160856.510661,140.223541,6.416962,120.626648
160856.551966,140.299469,6.291214,120.393585
160856.593271,140.086685,6.594055,120.512329
160856.634575,140.040497,6.414703,120.711075
160856.675880,140.238831,6.503036,120.824814
160856.717185,140.193954,6.359497,120.865326
160856.758489,140.176392,6.368988,120.615540
160856.799792,140.301666,6.525299,120.598541
160856.841095,140.012848,6.618576,120.305237
160856.882400,140.067825,6.638809,120.773010
160856.923703,139.986710,6.509964,120.835693
160856.965009,140.191147,6.405167,120.455215
160857.006314,140.211243,6.628799,120.795059
160857.047621,140.269775,6.345581,120.885864
160857.088926,140.347015,6.487778,121.071289
160857.130233,140.214737,6.363556,120.721527
160857.171542,140.186844,6.557236,120.659439
160857.212849,140.136307,6.291580,120.589874
160857.254158,140.211090,6.259125,120.408630
160857.295463,140.278656,6.273239,120.639923
160857.336771,140.189331,6.357559,120.678024
160857.378079,140.492416,6.080673,120.386078
160857.419384,140.272446,6.101776,120.640381
160857.460693,140.313751,6.322128,121.037079
160857.501999,140.314209,6.364243,120.504532
160857.543304,140.371185,6.429001,120.485962
160857.584609,140.435883,6.347137,120.466721
160857.625915,140.660126,6.283279,120.835342
160857.667219,140.111511,6.683899,120.960373
160857.708523,140.345657,6.557678,120.818756
160857.749829,140.287445,6.458130,120.961060
160857.791133,140.344788,6.219284,120.892365
160857.832440,140.357864,6.294662,120.501999
160857.873743,140.249100,6.538177,120.460007
160857.915045,140.286331,6.325424,120.555023
160857.956347,140.224472,6.351318,120.315445
160857.997653,140.194656,6.040436,120.597351
160858.038961,140.270020,6.453766,120.653809
160858.080267,140.022949,6.312347,120.572098
160858.121571,140.338760,6.321365,120.331680
160858.162876,140.221298,6.412827,120.856064
160858.204180,140.262421,6.244888,120.571411
160858.245486,140.212112,6.633041,120.743958
160858.286791,140.166290,6.477341,120.748505
160858.328097,140.238892,6.360123,120.681900
160858.369403,140.163040,6.662888,120.922607
160858.410711,140.242157,6.571075,120.949921
160858.452018,140.358643,6.335052,121.251343
160858.493323,140.068787,6.505692,121.098633
160858.534630,140.383286,6.347549,120.946014
160858.575938,140.536102,6.227753,120.465347
160858.617243,140.215714,6.589340,120.658157
160858.658546,140.222275,6.399475,120.615814
160858.699851,140.299271,6.227448,120.441833
160858.741158,140.317963,6.467010,120.823502
160858.782462,140.416290,6.377625,120.937332
160858.823766,140.501724,6.075272,120.409119
160858.865071,140.618607,6.091431,120.405182
160858.906378,140.529037,6.427246,120.627167
160858.947685,140.595108,6.481537,120.637711
160858.988992,140.323746,6.446899,120.874695
160859.030299,140.397217,6.511887,121.012955
160859.071603,140.438675,6.436478,120.949341
160859.112910,140.258316,6.487213,120.962555
160859.154218,140.557709,6.487808,120.975327
160859.195524,140.370117,6.559875,120.600052
160859.236830,140.251633,6.742798,120.860367
160859.278136,140.396637,6.367126,120.815826
160859.319440,140.376526,6.439804,120.705673
160859.360747,140.569473,6.516449,120.534241
160859.402053,140.586395,6.552368,120.703903
160859.443358,140.356400,6.586990,121.011032
160859.484664,140.301559,6.546341,120.891464
160859.525970,140.325806,6.650558,120.402344
160859.567276,140.205338,6.623154,120.814590
160859.608582,140.387512,6.512772,120.875351
160859.649888,140.425400,6.594559,120.962280
160859.691194,140.334518,6.612122,120.588699
160859.732500,140.420135,6.452240,120.664124
160859.773802,140.260010,6.698410,121.078842
160859.815106,140.350372,6.539658,120.806305
160859.856411,140.271591,6.640060,120.965439
160859.897716,140.329483,6.711609,120.575211
160859.939023,140.153015,6.641907,120.949707
160859.980329,140.445847,6.298080,121.208237
160860.021635,140.224823,6.408356,120.955795
160860.062940,140.308990,6.499756,121.041870
160860.104244,140.342941,6.645264,120.894699
160860.145552,140.374771,6.481049,120.748337
160860.186857,140.360764,6.711990,120.798141
160860.228164,140.674988,6.327759,120.886215
160860.269468,140.426285,6.371063,120.708084
160860.310772,140.357254,6.299927,120.833557
160860.352076,140.450089,6.250732,120.761292
160860.393380,140.395660,6.399841,120.858597
160860.434683,140.254425,6.381348,120.795471
160860.475988,140.520294,6.116806,120.720001
160860.517294,140.454208,6.282715,121.079666
160860.558601,140.343109,6.350571,120.477692
160860.599906,140.217743,6.376953,120.734375
160860.641211,140.309280,6.363159,120.747101
160860.682517,140.354294,6.367111,120.335144
160860.723822,140.561081,6.354797,120.913834
160860.765127,140.438675,6.147095,120.807877
160860.806431,140.260925,6.487595,121.057190
160860.847739,140.199005,6.576340,120.649719
160860.889045,140.356171,6.616470,121.250153
160860.930350,140.304794,6.299576,120.994904
160860.971654,140.312012,6.240540,121.046616
160861.012959,140.610580,6.411514,120.869858
160861.054267,140.224350,6.369476,120.972946
160861.095574,140.504395,6.020187,121.147537
160861.136882,140.630402,6.147110,120.652390
160861.178189,140.413116,6.342178,121.118912
160861.219493,140.194870,6.211548,120.999054
160861.260800,140.297638,6.126129,120.957718
160861.302108,140.066879,6.242905,120.812210
160861.343414,140.125443,6.498077,120.570328
160861.384719,140.139252,6.306427,120.760986
160861.426026,140.437805,6.378342,121.118484
160861.467331,140.256195,6.378494,120.924454
160861.508637,140.275452,6.367218,120.778580
160861.549941,140.028137,6.431076,120.873123
160861.591247,140.422562,6.365662,120.772903
160861.632555,140.609024,6.145401,121.295319
160861.673860,140.296661,6.475647,120.774216
160861.715164,140.436111,6.349106,121.010666
160861.756470,140.383850,6.251129,120.743912
160861.797777,140.436417,6.261032,120.576782
160861.839083,140.448914,6.402649,120.830063
160861.880391,140.448395,6.321320,120.872025
160861.921703,140.365860,6.537994,121.058395
160861.963012,140.651733,6.283524,120.778931
160862.004324,140.425613,6.225266,121.128601
160862.045635,140.425812,6.291351,120.804718
160862.086946,140.386826,6.301239,120.623169
160862.128254,140.250458,6.593979,120.950409
160862.169564,140.133575,6.426834,120.861282
160862.210874,140.224380,6.359924,121.173981
160862.252185,140.355774,6.434036,121.133728
160862.293493,140.325516,6.381302,120.964172
160862.334802,140.146378,6.361191,121.170074
160862.376111,140.313828,6.525192,121.014435
160862.417421,140.249619,6.407669,121.087067
160862.458729,140.121445,6.638351,121.090439
160862.500038,140.393951,6.499130,120.877579
160862.541344,140.237473,6.417847,121.341995
160862.582651,140.148056,6.458572,121.255020
160862.623958,140.260101,6.270706,121.027603
160862.665265,140.439514,6.314804,121.052551
160862.706574,140.075912,6.568787,121.156113
160862.747881,140.393417,6.656281,121.463409
160862.789189,140.353745,6.491821,121.168396
160862.830495,140.286682,6.354919,121.232574
160862.871802,140.331375,6.415298,121.035141
160862.913111,140.164536,6.569244,121.063110
160862.954419,140.240433,6.303894,121.425400
160862.995727,140.474121,6.377075,121.140182
160863.037032,140.381760,6.374146,120.962616
160863.078338,140.303482,6.436295,120.987473
160863.119644,140.249817,6.361542,121.076019
160863.160949,140.271240,6.276062,121.173126
160863.202257,140.216721,6.425995,121.163574
160863.243563,140.317825,6.361893,121.361404
160863.284870,140.458496,6.413132,121.159515
160863.326175,140.390823,6.306091,121.199738
160863.367479,140.396591,6.335739,120.901840
160863.408783,140.307266,6.255264,121.153976
160863.450088,140.248596,6.333008,121.448349
160863.491391,140.339447,6.551804,121.006546
160863.532695,140.222595,6.406097,121.056183
160863.573999,140.196854,6.522705,121.668625
160863.615306,140.188171,6.493652,121.488708
160863.656615,140.742386,6.302872,121.340866
160863.697924,140.498795,6.430756,121.389374
160863.739232,140.346878,6.432816,121.301926
160863.780539,140.419098,6.498795,121.397461
160863.821848,140.531006,6.069763,121.455399
160863.863155,140.426712,6.317596,121.600525
160863.904463,140.558014,6.335983,121.387283
160863.945772,140.596222,6.303955,121.010895
160863.987083,140.604568,6.202484,120.954468
160864.028394,140.492111,6.271500,121.038910
160864.069702,140.734283,6.214447,121.077789
160864.111010,140.606232,6.225433,121.170349
160864.152317,140.339844,6.403046,121.203949
160864.193626,140.546310,6.588272,121.193069
160864.234934,140.501251,6.463394,121.562897
160864.276242,140.494232,6.392883,121.428650
160864.317547,140.408737,6.413925,121.224884
160864.358854,140.341003,6.269913,121.469208
160864.400162,140.515549,6.502228,121.368698
160864.441470,140.623077,6.395416,121.416550
160864.482779,140.507050,6.432068,121.084122
160864.524088,140.493652,6.477646,121.268906
160864.565397,140.540268,6.098785,121.284286
160864.606705,140.657486,6.161728,121.469345
160864.648012,140.602448,6.602310,121.474396
160864.689317,140.498871,6.163483,121.221756
160864.730623,140.525253,6.200836,121.189835
160864.771931,140.410995,6.344589,121.150803
160864.813237,140.265594,6.125763,120.943222
160864.854543,140.453415,6.246567,121.136398
160864.895848,140.244934,6.409012,121.502151
160864.937152,140.367432,6.086578,121.190933
160864.978458,140.343231,6.286240,121.107178
160865.019763,140.257263,6.245346,121.232391
160865.061070,140.538971,6.238846,121.272690
160865.102374,140.432968,6.118744,121.107620
160865.143681,140.509354,6.470230,121.413239
160865.184988,140.651199,6.191544,121.427277
160865.226295,140.605270,6.505463,121.230652
160865.267604,140.667755,6.267776,121.099350
160865.308911,140.594650,6.167114,120.990906
160865.350215,140.479645,6.198349,120.701981
160865.391521,140.414673,5.982559,121.290848
160865.432826,140.584595,6.150467,120.965332
160865.474132,140.615875,6.336838,121.001007
160865.515438,140.551773,6.194626,120.980835
160865.556744,140.545212,6.165131,121.075653
160865.598049,140.570175,6.097733,121.282639
160865.639353,140.407135,6.317245,121.265915
160865.680659,140.557037,6.136749,120.965469
160865.721966,140.475586,6.397156,121.073120
160865.763271,140.648132,6.171173,120.890289
160865.804578,140.526596,6.030045,121.138840
160865.845886,140.235474,6.381989,121.028549
160865.887191,140.252960,6.275299,120.992233
160865.928498,140.395782,6.288849,121.089249
160865.969805,140.269257,6.274307,121.004562
160866.011113,140.349411,6.113510,121.173416
160866.052420,140.414581,6.302216,121.029053
160866.093726,140.254807,6.272858,120.884460
160866.135033,140.513168,6.345261,121.020340
160866.176337,140.526291,6.479630,120.990677
160866.217643,140.524597,6.299271,121.305344
160866.258946,140.690811,6.230515,121.598648
160866.300250,140.448654,6.246384,121.801956
160866.341552,140.539948,6.456497,121.609100
160866.382856,140.205475,6.599411,121.361801
160866.424160,140.477005,6.474075,121.397400
160866.465462,140.128342,6.539078,121.747269
160866.506768,140.347778,6.427444,120.953354
160866.548072,140.363297,6.493591,121.266190
160866.589375,140.447357,6.444061,121.092682
160866.630679,140.380173,6.574829,120.990723
160866.671981,140.476547,6.415253,121.231033
160866.713284,140.161697,6.428375,120.835312
160866.754588,140.379120,6.426743,120.976761
160866.795893,140.347305,6.304642,121.288605
160866.837198,140.243103,6.257080,121.191650
160866.878503,140.525711,6.135727,121.180923
160866.919808,140.517899,6.063599,121.203812
160866.961113,140.310349,6.347336,121.158798
160867.002420,140.233017,6.257370,121.205048
160867.043726,140.109695,6.356552,121.361374
160867.085034,140.360382,6.346909,121.228180
160867.126341,140.324997,6.480331,121.514847
160867.167646,140.127426,6.213577,120.911179
160867.208951,140.452515,6.384308,121.863220
160867.250257,140.230988,6.477203,121.091904
160867.291562,140.195221,6.357590,121.208572
160867.332868,140.189148,6.371658,120.983032
160867.374173,140.319901,6.346558,121.213959
160867.415477,140.580154,6.273117,121.051666
160867.456782,140.618698,6.215622,121.103714
160867.498088,140.513321,6.005524,121.155304
160867.539395,140.442612,6.357437,121.066544
160867.580700,140.534317,6.386398,121.139801
160867.622006,140.552887,6.253845,121.160812
160867.663311,140.647415,6.219833,121.269745
160867.704618,140.452469,6.325562,120.920563
160867.745923,140.355225,6.462326,120.894730
160867.787227,140.283173,6.674973,121.501328
160867.828529,140.414230,6.531433,121.323196
160867.869833,140.312531,6.361435,121.066559
160867.911136,140.318253,6.428955,121.109253
160867.952439,140.299469,6.443283,121.044983
160867.993744,140.128967,6.391647,121.194611
160868.035047,140.281036,6.157288,120.844849
160868.076352,140.274078,6.496780,120.999710
160868.117656,140.342010,6.427429,120.910339
160868.158962,140.325195,6.328156,121.596954
160868.200269,140.379379,6.225021,121.324402
160868.241574,140.269379,6.474075,121.084320
160868.282879,140.171539,6.352646,121.350677
160868.324186,140.259323,6.376495,121.125061
160868.365493,140.465683,6.366974,121.522369
160868.406799,140.343109,6.553864,121.069702
160868.448106,140.355804,6.446884,121.031723
160868.489411,140.614487,6.249008,121.024719
160868.530719,140.469467,6.363861,120.792252
160868.572022,140.293228,6.319748,120.890610
160868.613327,140.603210,6.304565,120.996384
160868.654632,140.544250,6.365356,120.754425
160868.695937,140.200958,6.525406,120.997177
160868.737243,140.379410,6.282944,121.321152
160868.778547,140.530548,6.255981,120.620834
160868.819851,140.429092,6.012665,121.034348
160868.861158,140.439896,6.078232,120.944763
160868.902463,140.490784,6.071579,120.801041
160868.943769,140.610901,6.242920,120.866348
160868.985075,140.598404,6.083267,121.062347
160869.026383,140.566620,6.132889,121.020340
160869.067689,140.448776,6.238647,121.142807
160869.108994,140.366379,6.321457,120.907990
160869.150297,140.378662,6.297089,121.023438
160869.191601,140.290970,6.503082,120.609116
160869.232905,140.409409,6.164810,121.186035
160869.274210,140.497803,6.329224,120.883270
160869.315516,140.292801,6.415375,120.978165
160869.356822,140.358627,6.310760,121.022034
160869.398128,140.391403,6.365540,120.837509
160869.439433,140.195648,6.371994,120.793839
160869.480740,140.372284,6.202850,121.252350
160869.522048,140.514191,6.627106,120.873581
160869.563357,140.577087,6.333466,121.018784
160869.604666,140.336761,6.257462,121.178497
160869.645974,140.865814,5.873138,121.028809
160869.687281,140.678589,6.051910,121.148544
160869.728588,140.587646,6.146408,120.923859
160869.769893,140.554962,6.281708,121.069229
160869.811199,140.435303,6.334381,121.061295
160869.852504,140.514740,5.986526,120.849915
160869.893811,140.756866,6.145264,120.469177
160869.935118,140.593185,6.289825,120.873291
160869.976422,140.355133,6.285721,120.854355
160870.017726,140.599213,6.292130,121.065842
160870.059031,140.525650,6.169601,120.952911
160870.100334,140.278641,6.073166,120.808670
160870.141637,140.522003,6.149246,120.890121
160870.182941,140.679321,6.149002,121.134689
160870.224244,140.605377,5.972366,120.826294
160870.265548,140.489532,6.190109,121.141830
160870.306851,140.674316,6.126251,120.783493
160870.348156,140.477417,6.052322,121.179062
160870.389460,140.471512,6.158432,120.893738
160870.430765,140.413315,6.314850,120.787170
160870.472070,140.584244,6.144882,121.033920
160870.513376,140.536362,6.154465,121.144043
160870.554680,140.444611,6.400909,121.115021
160870.595986,140.649475,6.254272,120.957428
160870.637295,140.549973,6.155548,120.936691
160870.678602,140.607529,6.114334,120.922775
160870.719907,140.619919,6.144241,120.996536
160870.761212,140.453934,6.269135,120.778061
160870.802516,140.523071,6.014893,120.811157
160870.843821,140.299591,6.246231,121.159698
160870.885125,140.612671,6.094635,121.270111
160870.926428,140.506622,5.963364,120.873642
160870.967732,140.636383,6.020859,121.015518
160871.009035,140.648331,6.190186,121.090637
160871.050341,140.765915,6.269257,120.971313
160871.091646,140.747025,6.230118,121.348465
160871.132953,140.774582,6.281677,121.573242
160871.174256,140.635086,6.058014,121.115540
160871.215559,140.346512,6.327271,120.920776
160871.256864,140.579941,6.143341,121.132309
160871.298169,140.570923,6.110535,120.752609
160871.339478,140.662720,6.063629,120.731033
160871.380784,140.541275,6.076935,121.056320
160871.422091,140.481262,6.278885,121.050995
160871.463400,140.182129,6.176773,121.085739
160871.504708,140.525879,5.980759,120.873199
160871.546015,140.523209,6.152206,120.952789
160871.587322,140.427292,6.088867,121.114700
160871.628630,140.608902,6.099640,121.035477
160871.669937,140.742737,6.144257,121.172302
160871.711243,140.514130,6.427917,121.093552
160871.752550,140.731293,6.198639,120.987900
160871.793857,140.616425,6.176193,121.067810
160871.835165,140.543625,6.121353,121.183182
160871.876474,140.331848,6.231628,121.022308
160871.917782,140.409485,6.256302,121.123459
160871.959088,140.241440,6.195694,121.324081
160872.000393,140.143188,6.231277,121.146729
160872.041701,140.254456,6.383362,121.266022
160872.083010,140.190659,6.383713,120.904480
160872.124318,140.179443,6.572647,120.913544
160872.165626,140.192978,6.156311,120.831375
160872.206933,140.304565,6.098648,120.973724
160872.248241,140.251617,6.293213,121.402512
160872.289549,140.222366,6.287628,121.435867
160872.330856,140.354813,6.264938,121.324661
160872.372164,140.295654,6.313171,121.147324
160872.413471,140.405807,6.359253,120.995697
160872.454777,140.450836,6.310944,121.103851
160872.496085,140.442429,6.119293,121.265488
160872.537392,140.255768,6.130005,121.132019
160872.578699,140.381241,6.160004,121.410873
160872.620009,140.308151,6.186111,121.052582
160872.661319,140.463409,6.265747,121.135147
160872.702626,140.449280,6.087570,120.992447
160872.743933,140.166718,6.298248,121.252167
160872.785240,140.115982,6.101303,120.650665
160872.826547,140.209122,6.101212,120.697723
160872.867854,140.484421,5.930359,121.220566
160872.909162,140.202957,6.294556,120.914505
160872.950470,140.412598,6.310974,121.282074
160872.991778,140.244598,6.216187,120.886398
160873.033086,140.396439,6.521835,120.711349
160873.074392,140.302719,6.166489,120.761337
160873.115699,140.579453,6.298599,120.875748
160873.157008,140.540466,6.203201,120.526703
160873.198315,140.390823,6.237976,120.912415
160873.239621,140.562439,6.141556,120.649094
160873.280928,140.439850,6.315292,120.788239
160873.322236,140.224075,6.187561,120.686539
160873.363544,140.449860,6.208466,120.555283
160873.404850,140.328186,5.886063,120.730240
160873.446162,140.219818,6.116150,120.872849
160873.487470,140.331024,6.077362,120.833969
160873.528783,140.122162,6.099747,120.638321
160873.570093,140.523178,6.024078,120.805588
160873.611404,140.391220,6.076889,120.794022
160873.652714,140.335632,6.067062,120.966858
160873.694022,140.392624,6.161179,120.847916
160873.735329,140.425568,6.415009,120.867508
160873.776636,140.439667,6.224564,121.071487
160873.817944,140.533188,6.060791,121.115158
160873.859251,140.136169,6.222992,121.051254
160873.900561,140.338318,6.306641,120.875732
160873.941872,140.169952,6.193329,121.026779
160873.983185,140.133499,6.303375,120.980896
160874.024495,140.513107,6.205124,120.823120
160874.065805,140.514832,6.297577,121.060272
160874.107115,140.185318,6.339661,120.931091
160874.148423,140.607407,6.059814,120.914337
160874.189732,140.515747,6.043579,120.798325
160874.231040,140.620804,5.774384,120.959290
160874.272351,140.185211,6.022995,121.070541
160874.313660,140.461487,5.932541,120.774796
160874.354972,140.576950,5.918518,120.941772
160874.396283,140.510345,6.046677,120.806244
160874.437590,140.693787,6.036789,120.629242
160874.478897,140.549377,6.361343,120.885284
160874.520205,140.653687,6.195618,121.184326
160874.561510,140.495239,6.202209,120.784332
160874.602815,140.478622,6.158676,120.951508
160874.644120,140.287766,6.395859,120.956253
160874.685424,140.603622,6.483398,120.948013
160874.726729,140.186508,6.400162,120.906479
160874.768034,140.620667,6.177765,120.887817
160874.809342,140.390259,6.198914,121.007767
160874.850649,140.532730,6.013931,120.982742
160874.891955,140.680359,6.042633,121.024506
160874.933264,140.688354,6.205994,121.054291
160874.974570,140.604248,6.099609,121.293991
160875.015879,140.719589,6.271500,121.208344
160875.057188,140.596863,6.135376,121.317871
160875.098494,140.474655,6.168045,120.860123
160875.139801,140.325211,6.325729,121.101013
160875.181111,140.460648,6.365601,120.940552
160875.222419,140.534485,6.253311,121.007889
160875.263728,140.688934,6.213303,121.012711
160875.305037,140.607635,6.180405,120.983856
160875.346345,140.392288,6.241150,121.272034
160875.387655,140.573730,6.397995,120.742355
160875.428965,140.484161,6.051529,121.090591
160875.470274,140.422836,6.089325,120.960480
160875.511583,140.378082,6.197083,120.977798
160875.552891,140.246994,6.235672,120.863281
160875.594200,140.400681,6.359528,120.870209
160875.635509,140.496109,6.073929,120.885757
160875.676817,140.452332,6.285309,120.644409
160875.718124,140.360153,6.313232,120.870453
160875.759431,140.422394,6.297668,121.250793
160875.800738,140.429871,6.342911,121.243011
160875.842047,140.440414,6.489120,121.137054
160875.883356,140.463486,6.327026,120.997604
160875.924663,140.362381,6.308258,121.030884
160875.965973,140.476654,6.127243,121.016296
160876.007286,140.466156,6.038910,121.050125
160876.048598,140.473846,6.145615,121.017593
160876.089910,140.267563,6.366669,120.977448
160876.131217,140.343948,6.263000,120.896118
160876.172528,140.204559,6.356400,120.831268
160876.213837,140.274231,6.245010,120.897141
160876.255149,140.244659,6.262192,120.852371
160876.296459,140.559357,6.083771,120.647629
160876.337769,140.397186,6.216751,120.984055
160876.379080,140.269180,6.237366,120.988861
160876.420393,140.548996,6.088943,121.328583
160876.461707,140.420288,6.041107,121.070053
160876.503021,140.542847,6.246765,121.176117
160876.544335,140.686508,6.189560,120.845093
160876.585645,140.470978,6.195709,120.902512
160876.626957,140.523575,6.176712,120.733414
160876.668269,140.194794,6.311417,120.833267
160876.709580,140.400131,6.024353,120.735336
160876.750893,140.476868,5.990875,120.760330
160876.792203,140.556335,5.866440,120.774155
160876.833512,140.424667,5.893875,120.823776
160876.874820,140.443085,5.860214,120.969482
160876.916131,140.227066,5.966980,120.694931
160876.957441,140.217422,6.083328,120.849930
160876.998751,140.488358,5.933456,120.684738
160877.040063,140.393448,5.974701,120.779007
160877.081376,140.455521,5.973404,120.791412
160877.122691,140.567917,6.148911,120.851044
160877.164003,140.525009,6.288239,120.900833
160877.205313,140.560791,6.122375,120.848297
160877.246622,140.543045,6.177170,120.773911
160877.287933,140.517456,6.101578,120.871826
160877.329243,140.441711,6.240341,120.803482
160877.370550,140.246078,6.215988,120.586670
160877.411856,140.438919,6.138077,120.473724
160877.453165,140.200607,6.102966,120.663498
160877.494476,140.485382,5.615280,120.426712
160877.535788,140.627579,6.046219,120.888397
160877.577097,140.528168,6.057327,120.825974
160877.618405,140.369675,6.113586,121.205109
160877.659713,140.476013,5.934448,120.918152
160877.701021,140.272171,6.125336,120.839905
160877.742328,140.461716,6.348389,120.609299
160877.783637,140.420212,6.131210,120.622818
160877.824948,140.254562,6.402756,120.607986
160877.866257,140.226089,6.425827,120.410706
160877.907565,140.256317,6.377548,120.706558
160877.948876,140.671738,6.119751,120.818024
160877.990186,140.559631,6.140839,120.542450
160878.031493,140.597809,6.100113,120.580582
160878.072802,140.547287,6.314453,120.633408
160878.114112,140.473389,6.074020,120.513596
160878.155419,140.805603,5.873383,120.674332
160878.196726,140.565079,5.998169,120.430771
160878.238031,140.472275,6.070129,120.841370
160878.279339,140.592834,6.082199,121.062805
160878.320648,140.540314,6.052612,120.767090
160878.361959,140.503799,6.272614,120.792023
160878.403269,140.360001,6.258011,120.738953
160878.444577,140.352661,6.196777,120.821426
160878.485887,140.401215,6.202042,120.834351
160878.527195,140.466415,6.248581,120.806213
160878.568504,140.319183,6.320770,120.838715
160878.609812,140.500107,6.096634,120.850159
160878.651120,140.371841,6.292862,120.932648
160878.692431,140.322083,6.268860,120.859772
160878.733742,140.329880,6.340103,120.884491
160878.775053,140.272446,6.293533,121.127396
160878.816363,140.413788,6.425369,120.796463
160878.857674,139.964493,6.493271,121.069382
160878.898983,140.215866,6.188004,120.620178
160878.940292,140.220779,6.303650,120.910095
160878.981600,140.302719,6.352463,120.809128
160879.022907,140.558914,6.128372,120.864227
160879.064214,140.687897,6.202179,120.941360
160879.105521,140.575287,6.357483,120.467255
160879.146830,140.379410,6.678391,120.951218
160879.188138,140.566010,6.405869,120.886612
160879.229448,140.412430,6.536606,120.927780
160879.270758,140.339767,6.461716,120.829712
160879.312070,140.154236,6.641205,120.972809
160879.353381,140.402908,6.332077,120.720627
160879.394693,140.296494,6.627747,120.839981
160879.436005,140.330002,6.386444,120.571381
160879.477316,140.482513,6.425323,120.777359
160879.518625,140.152802,6.581253,121.196701
160879.559936,140.442169,6.311813,120.894897
160879.601246,140.340881,6.289444,120.951447
160879.642557,140.360901,6.451416,120.969925
160879.683865,140.392624,6.279068,120.952484
160879.725176,140.341690,6.371002,121.038834
160879.766488,140.281158,6.239120,120.758469
160879.807799,140.268036,6.274017,121.082794
160879.849108,140.216293,6.560928,121.223114
160879.890416,140.499374,6.600433,121.004913
160879.931724,140.389374,6.325485,120.844986
160879.973032,140.444092,6.077164,121.042053
160880.014344,140.219757,6.406570,120.978897
160880.055656,140.212357,6.421555,120.908554
160880.096966,140.286240,6.339874,120.823776
160880.138276,140.032822,6.336838,120.906982
160880.179588,140.230316,6.409317,120.823532
160880.220899,140.179489,6.401932,121.114182
160880.262209,140.388260,6.283539,120.614838
160880.303519,140.402832,6.165451,120.627640
160880.344827,140.390717,6.290054,120.899445
160880.386138,140.204254,6.393356,120.962799
160880.427449,140.248703,6.555847,120.699173
160880.468760,140.146683,6.391998,120.685516
160880.510070,140.533173,6.596786,120.556686
160880.551380,140.428085,6.576508,120.928482
160880.592688,140.582565,6.134903,120.872604
160880.633996,140.543915,6.478348,120.640350
160880.675307,140.612503,6.126282,120.422440
160880.716617,140.402603,6.427505,120.236130
160880.757926,140.651871,6.194473,120.483505
160880.799233,140.341614,6.234665,120.857178
160880.840543,140.281174,6.179886,120.495804
160880.881853,140.390381,6.248917,120.890076
160880.923163,140.481934,6.141434,120.685379
160880.964472,140.503342,6.085602,120.790878
160881.005780,140.541519,6.132828,120.799561
160881.047091,140.467377,6.268936,121.054245
160881.088398,140.437042,6.321045,120.994156
160881.129707,140.600159,6.092407,121.016144
160881.171016,140.455338,6.422501,121.054596
160881.212325,140.450516,6.596298,120.866730
160881.253633,140.614426,6.309753,121.052917
160881.294941,140.679413,6.386810,121.406754
160881.336250,140.460129,6.352051,121.029465
160881.377560,140.740677,6.344238,120.976776
160881.418869,140.522842,6.391144,120.967178
160881.460178,140.568451,6.395096,121.058121
160881.501485,140.567490,6.465118,121.466507
160881.542793,140.701431,6.280350,121.156754
160881.584102,140.759445,6.230804,121.031052
160881.625413,140.437729,6.530869,120.970428
160881.666722,140.558716,6.474121,121.091248
160881.708031,140.762375,6.250717,121.020615
160881.749341,140.395905,6.401627,121.034332
160881.790648,140.402786,6.489029,121.031677
160881.831960,140.480743,6.539505,121.069489
160881.873270,140.307129,6.415466,120.979446
160881.914580,140.366241,6.330231,121.011505
160881.955889,140.382690,6.223434,120.903137
160881.997197,140.274948,6.252014,120.930008
160882.038507,140.683578,6.025375,121.099609
160882.079815,140.556305,6.238800,120.804581
160882.121125,140.410843,6.305099,121.182495
160882.162435,140.541245,6.143326,120.723938
160882.203743,140.503586,6.421570,121.026321
160882.245053,140.538544,6.289902,120.837433
160882.286365,140.415817,6.361725,120.848267
160882.327675,140.355591,6.606964,120.983093
160882.368986,140.361954,6.443481,120.817444
160882.410298,140.326736,6.570114,120.688812
160882.451607,140.534637,6.426453,120.868088
160882.492920,140.269196,6.453827,120.710083
160882.534231,140.420517,6.390442,120.738953
160882.575543,140.357727,6.551086,120.706711
160882.616855,140.501785,6.456253,120.954956
160882.658169,140.481583,6.392822,120.639252
160882.699481,140.642563,6.225418,120.648514
160882.740794,140.673645,6.247070,120.727646
160882.782107,140.408936,6.368011,120.762543
160882.823418,140.528061,6.465515,120.630692
160882.864730,140.305603,6.406387,120.530701
160882.906043,140.581940,6.108948,120.677872
160882.947356,140.757385,6.255569,120.720062
160882.988669,140.326050,6.249908,121.091141
160883.029982,140.347626,6.070404,120.848572
160883.071293,140.686386,6.173843,121.060867
160883.112602,140.381012,6.503525,121.132324
160883.153911,140.656235,6.432709,121.153412
160883.195221,140.747009,6.398987,120.908463
160883.236530,140.579086,6.338242,120.836365
160883.277838,140.659332,6.042007,120.660553
160883.319147,140.614807,6.272812,120.923660
160883.360457,140.553131,6.152161,120.684891
160883.401766,140.553314,6.204071,120.543762
160883.443078,140.540298,5.987045,120.724030
160883.484388,140.497742,6.225739,120.555420
160883.525700,140.769989,6.361420,120.709122
160883.567011,140.712708,6.076675,120.850479
160883.608325,140.651031,6.006058,120.316864
160883.649638,140.772079,5.866302,121.092773
160883.690951,140.610580,6.111038,121.061035
160883.732265,140.646545,6.207306,120.990799
160883.773579,140.627487,6.245987,120.704727
160883.814892,140.688797,6.247269,120.729187
160883.856203,140.702148,6.414749,120.583145
160883.897513,140.738586,6.232483,120.444061
160883.938824,140.693634,6.231262,120.532837
160883.980134,140.520081,6.471588,120.828064
160884.021443,140.542984,6.367355,120.542389
160884.062753,140.728317,6.221161,120.452072
160884.104063,140.600357,6.134293,120.339447
160884.145372,140.805679,5.904221,120.630432
160884.186684,140.707825,6.128067,120.255234
160884.227996,140.779663,6.125931,120.402069
160884.269307,140.605118,6.251160,120.495636
160884.310616,140.636230,6.221588,120.506226
160884.351924,140.682632,6.251938,120.806793
160884.393235,140.710098,6.179367,120.937073
160884.434543,140.650818,6.050095,120.667923
160884.475854,140.836761,5.960770,120.903259
160884.517164,140.649765,6.036133,121.138351
160884.558472,140.890381,6.016098,121.178543
160884.599782,140.976959,6.500702,121.222229
160884.641091,140.838699,5.965729,120.534302
160884.682401,140.744766,6.271576,120.786819
160884.723710,140.721115,6.221222,121.101654
160884.765021,140.588272,6.107483,120.868896
160884.806333,140.554352,6.145599,121.063263
160884.847644,140.691589,6.207108,120.726379
160884.888957,140.710251,6.001785,120.967285
160884.930270,140.773972,5.907272,120.347015
160884.971581,140.665527,6.159714,120.517242
160885.012892,140.610413,6.106094,120.820068
160885.054203,140.623978,6.161926,120.880600
160885.095514,140.668137,6.121033,120.895676
160885.136826,140.513000,6.151337,120.789978
160885.178137,140.750793,6.336182,120.801086
160885.219448,140.531693,6.431290,121.204086
160885.260757,140.552917,6.362457,120.868164
160885.302065,140.533295,6.389069,120.779922
160885.343374,140.493286,6.473877,121.020889
160885.384686,140.522430,6.459686,120.696381
160885.425997,140.606003,6.549744,120.693817
160885.467308,140.480240,6.301605,120.792297
160885.508618,140.573898,6.215790,120.581055
160885.549928,140.688919,6.243423,120.901520
160885.591236,140.785690,6.175735,120.791580
160885.632545,140.479263,6.098480,120.586044
160885.673854,141.019073,6.109161,120.445099
160885.715167,140.807632,6.232788,120.550430
160885.756477,140.670639,6.241852,120.739517
160885.797789,140.854935,6.184738,120.430237
160885.839101,140.761169,6.285843,120.617218
160885.880410,140.826920,6.266266,120.754410
160885.921722,140.801651,6.428741,120.370407
160885.963035,140.761246,6.252441,120.374680
160886.004344,140.535950,6.410217,120.754745
160886.045654,140.713120,6.126373,120.377106
160886.086963,140.606750,6.104187,120.452988
160886.128273,140.760025,6.337616,120.627869
160886.169581,140.844452,6.275589,120.500824
160886.210888,140.935257,6.119308,120.765182
160886.252194,141.050949,6.230957,120.628036
160886.293503,140.789429,6.226639,120.932663
160886.334811,140.695496,6.269714,120.854996
160886.376121,140.838486,6.360107,120.690094
160886.417429,140.768753,6.242294,120.612045
160886.458738,140.765717,6.294891,120.601822
160886.500046,140.879333,6.408569,120.569778
160886.541355,140.757782,6.203415,120.756149
160886.582666,140.814194,6.253647,120.730927
160886.623974,140.916199,6.430511,120.765915
160886.665284,140.960678,6.243347,120.625015
160886.706590,140.707916,6.285309,120.702286
160886.747900,140.887283,6.283356,120.674225
160886.789208,140.911057,6.280731,120.612793
160886.830515,140.699387,6.299026,120.690826
160886.871822,140.821289,6.162170,120.344528
160886.913132,140.841873,6.051575,120.709625
160886.954442,140.636307,6.204056,120.762894
160886.995753,140.581207,6.431290,120.714783
160887.037064,140.746368,6.255417,120.707291
160887.078373,140.903183,6.249222,120.359589
160887.119682,140.883377,6.234009,120.380585
160887.160991,140.754578,6.302994,120.628601
160887.202302,140.773773,6.083832,120.735504
160887.243613,140.625626,6.174301,120.683548
160887.284922,140.776917,6.210968,120.675598
160887.326231,140.636749,6.275803,120.839294
160887.367539,140.732346,6.245621,120.727173
160887.408846,140.933990,6.040497,120.569153
160887.450152,140.755981,6.246552,120.787369
160887.491461,140.650070,6.251389,120.552063
160887.532772,140.700470,6.230820,120.754654
160887.574081,140.798645,6.228790,120.701431
160887.615388,140.622314,6.421280,120.552078
160887.656696,140.583832,6.129990,120.869507
160887.698002,140.428116,6.333710,120.880554
160887.739309,140.209259,6.462616,120.697342
160887.780619,140.533356,6.427719,120.627777
160887.821928,140.750183,6.297165,120.814102
160887.863236,140.473877,6.114258,120.857864
160887.904541,140.539124,6.476501,121.026245
160887.945846,140.471359,6.371628,120.947174
160887.987153,140.570068,6.537048,120.731018
160888.028458,140.362030,6.675369,120.712555
160888.069761,140.607437,6.555618,120.880386
160888.111067,140.555573,6.402130,120.885666
160888.152373,140.821915,6.333740,120.834290
160888.193677,140.585663,6.483780,120.776962
160888.234984,140.657700,6.507797,120.587494
160888.276292,140.423416,6.289917,120.897995
160888.317602,140.726730,6.315598,120.890671
160888.358914,140.626480,6.405869,120.769562
160888.400223,140.451248,6.531418,120.937897
160888.441532,140.456421,6.610611,121.030670
160888.482839,140.394363,6.923325,121.106628
160888.524147,140.251007,6.688141,120.583008
160888.565455,140.247818,6.422272,120.948563
160888.606764,140.342545,6.551834,120.831238
160888.648072,140.402603,6.592209,120.993866
160888.689380,140.490860,6.600632,120.992340
160888.730686,140.500183,6.326065,120.822113
160888.771993,140.649872,6.413788,120.931961
160888.813299,140.672760,6.202469,120.763809
160888.854606,140.503662,6.412704,120.845779
160888.895911,140.677002,6.382431,120.675552
160888.937217,140.634750,6.196503,120.776947
160888.978524,140.712952,6.256821,120.611221
160889.019830,140.761902,6.239609,120.517838
160889.061135,140.758163,6.229767,120.456696
160889.102440,140.724640,6.251068,120.901749
160889.143746,140.809952,6.271378,120.734161
160889.185054,140.713562,6.262177,120.984390
160889.226360,140.910141,6.166290,120.623398
160889.267667,140.825714,6.210892,120.836853
160889.308976,140.761871,6.198959,120.708466
160889.350284,140.759399,6.331665,120.883728
160889.391592,140.848511,6.343506,120.741104
160889.432901,140.872681,6.384491,120.795990
160889.474208,140.703552,6.271545,120.849747
160889.515516,140.716827,6.443893,120.702194
160889.556826,140.692581,6.246231,120.892715
160889.598136,140.839157,6.328445,120.710770
160889.639446,141.091583,6.248108,120.837906
160889.680756,140.760544,6.161713,120.976776
160889.722065,140.784485,6.299286,120.732956
160889.763375,140.553268,6.319153,120.948883
160889.804684,140.765732,6.232742,120.727921
160889.845995,140.642609,6.185104,120.992355
160889.887304,140.723007,6.295685,120.795288
160889.928613,140.735107,6.428360,121.007004
160889.969925,140.716263,6.232361,121.272034
160890.011237,140.787689,6.349442,120.692352
160890.052550,140.783356,6.336288,120.757919
160890.093860,140.983109,6.078400,120.931473
160890.135169,140.864822,6.084702,121.025345
160890.176477,140.819565,6.226852,120.935715
160890.217787,140.686584,6.177124,120.833221
160890.259098,140.677307,6.198715,121.028824
160890.300406,140.608749,6.078522,120.856155
160890.341714,140.503387,6.263123,120.946442
160890.383021,140.354645,6.465714,120.789978
160890.424331,140.531326,6.256912,121.034012
160890.465640,140.722412,6.253082,121.158401
160890.506948,140.469009,6.360733,121.121765
160890.548256,140.586304,6.291611,120.995895
160890.589566,140.720276,6.275711,121.050919
160890.630876,140.679184,6.213135,120.790634
160890.672184,140.679260,6.159302,121.128815
160890.713492,140.636093,6.563797,120.922928
160890.754799,140.402512,6.629150,121.165054
160890.796107,140.394836,6.677826,120.735397
160890.837413,140.530090,6.426147,121.035614
160890.878719,140.588028,6.361954,121.066437
160890.920027,140.694412,6.280090,121.040726
160890.961336,140.692886,6.243530,120.891052
160891.002644,140.801529,6.168015,120.802322
160891.043951,140.627228,6.165405,120.885620
160891.085258,140.585114,6.134613,121.022995
160891.126565,140.685272,6.233032,121.218185
160891.167873,140.675186,6.384674,121.189117
160891.209182,140.622421,6.233398,121.273834
160891.250487,140.879929,6.305603,121.262131
160891.291798,140.772720,6.354385,121.547913
160891.333106,140.853424,6.431000,121.375076
160891.374416,140.830795,6.231522,121.439636
160891.415727,140.890015,6.489197,121.101501
160891.457034,140.930710,6.502350,121.100037
160891.498342,140.798233,6.456009,121.186569
160891.539650,140.901718,6.465775,120.987350
160891.580961,140.559296,6.323196,121.119690
160891.622269,140.708374,6.259995,121.139252
160891.663576,140.635727,6.074539,121.341049
160891.704884,140.769531,6.188202,121.385269
160891.746193,140.909195,5.972794,120.647812
160891.787503,140.775620,6.083008,120.937912
160891.828812,140.675018,6.099030,121.212250
160891.870120,140.679047,6.094833,121.225845
160891.911428,140.557404,6.075623,120.972748
160891.952736,140.477905,6.018967,121.085831
160891.994043,140.668457,6.259293,121.052017
160892.035352,140.803177,6.349365,121.247696
160892.076661,140.882568,6.509674,121.339828
160892.117969,140.597900,6.568787,121.107605
160892.159280,140.555893,6.458115,121.263016
160892.200589,140.702408,6.255707,121.123230
160892.241900,140.669739,6.153488,121.248642
160892.283211,140.778778,6.193329,121.330963
160892.324522,140.655991,5.978455,121.129852
160892.365833,140.731949,6.210388,121.253601
160892.407142,140.819870,5.937759,120.984863
160892.448453,140.784012,5.904144,120.995071
160892.489762,140.637955,6.034378,121.195023
160892.531074,140.817963,6.078720,121.258530
160892.572387,140.626160,6.162308,121.184616
160892.613699,140.875366,6.068207,121.365662
160892.655009,140.867981,6.320358,121.231964
160892.696320,140.830109,6.193222,121.307281
160892.737629,140.824615,6.492447,121.329208
160892.778939,140.709930,6.348450,121.197983
160892.820248,140.677902,6.537888,121.373474
160892.861557,140.796188,6.328308,121.385468
160892.902865,140.501755,6.355499,120.922409
160892.944173,140.620422,6.391556,121.506393
160892.985483,140.389694,6.562500,121.786194
160893.026793,140.422821,6.530746,121.436920
160893.068102,140.320251,6.501068,121.218246
160893.109411,140.483154,6.288498,121.127686
160893.150720,140.549026,6.464615,121.415787
160893.192030,140.767120,6.370926,121.451736
160893.233341,140.521408,6.366699,121.276093
160893.274654,140.412949,6.383865,121.191208
160893.315963,140.974548,6.202271,121.483948
160893.357270,140.373444,6.481689,121.437820
160893.398578,140.493134,6.499405,121.664200
160893.439890,140.579666,6.494003,121.536407
160893.481199,140.464417,6.584366,121.398270
160893.522509,140.573929,6.434204,121.120819
160893.563818,140.658585,6.238724,121.041107
160893.605127,140.477310,6.440933,121.046143
160893.646435,140.519501,6.459534,121.222260
160893.687742,140.473022,6.472794,121.179047
160893.729051,140.691666,6.129440,121.308746
160893.770362,140.565430,6.076324,121.029587
160893.811672,140.584335,6.264175,121.277328
160893.852980,140.585541,6.195724,121.065369
160893.894290,140.523361,6.427292,121.270920
160893.935599,140.422577,6.220963,121.111069
160893.976909,140.677368,6.226639,121.037491
160894.018220,140.704956,6.488708,121.422089
160894.059531,140.833420,6.314743,121.448914
160894.100845,140.664948,6.174408,121.203125
160894.142157,140.695969,6.553055,121.469849
160894.183469,140.644897,6.093384,121.380661
160894.224780,140.484009,6.377609,121.312927
160894.266091,140.688614,6.347794,121.412552
160894.307404,140.626617,6.217010,121.360901
160894.348714,140.668549,6.207932,121.035690
160894.390026,140.649078,6.162933,121.297806
160894.431336,140.620285,6.161026,121.263885
160894.472649,140.481003,6.220032,121.114929
160894.513961,140.684235,6.200638,121.119614
160894.555272,140.643753,6.416946,121.210007
160894.596585,140.681427,6.477524,121.556564
160894.637896,140.612366,6.305191,121.303207
160894.679209,140.799286,6.360443,121.397675
160894.720524,140.748184,6.356949,121.529297
160894.761835,140.820129,6.316788,121.642288
160894.803145,140.661209,6.128326,121.581940
160894.844453,140.636932,6.469910,121.612610
160894.885762,140.380051,6.508820,121.163025
160894.927071,140.688995,6.449524,121.486832
160894.968379,140.863632,6.130386,121.090561
160895.009692,140.794266,6.435318,121.514297
160895.051005,140.916412,6.415466,121.319565
160895.092316,140.986313,6.225281,121.315231
160895.133627,140.831863,6.250534,121.042679
160895.174940,140.565079,6.460159,120.999283
160895.216251,140.589294,6.431702,120.957840
160895.257562,140.583939,6.383804,120.992844
160895.298874,140.662201,6.171646,121.134689
160895.340184,140.868881,6.378937,121.131271
160895.381493,140.714752,6.298660,120.944138
160895.422803,140.414917,6.426086,120.929733
160895.464113,140.546127,6.433670,121.215759
160895.505426,140.700348,6.342087,121.261124
160895.546735,140.541428,6.375610,121.288467
160895.588045,140.712646,6.089172,121.245972
160895.629355,140.793549,6.222717,121.198547
160895.670663,140.909149,6.297180,121.102341
160895.711971,140.839111,6.173874,120.946014
160895.753278,140.783356,6.221252,120.727386
160895.794587,140.738571,6.220383,120.776077
160895.835898,140.722443,6.169830,120.621017
160895.877208,141.037445,6.037064,120.796005
160895.918518,140.793472,6.343018,120.959213
160895.959827,140.889008,6.264908,121.087097
160896.001136,140.765320,6.295120,120.958679
160896.042447,140.905518,6.185776,121.006500
160896.083757,140.742569,6.322144,121.122803
160896.125066,140.796127,6.186066,120.974472
160896.166376,140.647507,6.152176,120.737534
160896.207686,140.701569,6.195389,120.813736
160896.248994,140.772751,6.239731,120.672577
160896.290305,140.808258,6.430878,120.852005
160896.331613,140.871384,6.158478,121.072403
160896.372923,140.896088,6.157745,120.789078
160896.414233,140.761963,6.241104,120.844513
160896.455542,140.756989,6.143524,120.991791
160896.496852,140.853210,6.378067,121.139481
160896.538164,140.641205,6.204163,120.795609
160896.579474,140.876678,5.953827,120.973785
160896.620785,140.770355,6.268570,121.014420
160896.662097,140.835144,6.296661,121.059113
160896.703408,140.834915,6.354980,120.910065
160896.744720,140.977829,6.318176,121.372818
160896.786030,140.862900,6.420547,121.447617
160896.827338,140.762482,6.580093,121.227829
160896.868647,140.833496,6.205307,121.262619
160896.909955,140.724304,6.247437,121.172958
160896.951265,140.765198,6.221802,121.076920
160896.992575,140.779037,6.303864,120.922729
160897.033885,140.512024,6.488007,121.128204
160897.075197,140.575714,6.124710,121.247086
160897.116509,140.476715,6.510101,121.133713
160897.157819,140.645142,6.492279,121.501587
160897.199127,140.438370,6.456070,121.084244
160897.240436,140.522766,6.445480,121.259583
160897.281744,140.663635,6.342056,121.063721
160897.323051,140.466476,6.375183,121.434921
160897.364360,140.469147,6.467545,121.229568
160897.405670,140.364258,6.449753,121.324066
160897.446978,140.763733,6.490646,121.548218
160897.488287,140.712326,6.258453,121.220032
160897.529598,140.608185,6.509506,121.156219
160897.570909,140.623123,6.222488,121.241013
160897.612220,140.416565,6.314362,121.379684
160897.653531,140.623306,6.417603,121.195435
160897.694846,140.583252,6.077271,121.344650
160897.736158,140.709457,6.244705,121.450058
160897.777470,140.357040,6.320038,121.183624
160897.818782,140.745361,6.286682,121.121262
160897.860093,140.732666,6.292435,120.887848
160897.901405,140.899078,6.400513,121.153397
160897.942718,140.817429,6.338654,121.006348
160897.984027,140.774796,6.128128,121.089981
160898.025336,140.914825,6.298935,121.504456
160898.066644,141.112305,6.300049,121.321335
160898.107951,141.048584,6.164612,121.023239
160898.149259,140.987610,6.386154,121.293304
160898.190567,140.575531,6.454803,121.038162
160898.231874,140.548233,6.421997,120.982758
160898.273180,140.685349,6.409851,120.931763
160898.314488,140.805176,6.141144,121.033981
160898.355797,140.765259,6.281998,121.006241
160898.397106,140.781052,6.196304,121.325226
160898.438414,140.546890,6.320328,121.510864
160898.479725,140.474197,6.385986,121.085617
160898.521033,140.731049,6.336411,121.180008
160898.562341,140.934875,6.327881,121.444641
160898.603652,140.923172,6.323914,121.352142
160898.644962,140.980881,6.338501,121.424988
160898.686272,140.852570,6.310089,121.458740
160898.727583,140.845612,6.317093,121.635712
160898.768893,140.935501,6.455307,121.669464
160898.810202,141.029694,6.504181,121.422073
160898.851510,141.047745,6.508972,121.264969
160898.892819,140.693588,6.501236,121.071411
160898.934130,140.697479,6.527817,121.314789
160898.975440,140.619919,6.554276,121.122925
160899.016750,140.750931,6.503113,121.454239
160899.058060,140.759140,6.265717,121.064331
160899.099371,140.812622,6.333313,121.267761
160899.140679,140.508255,6.552002,121.144745
160899.181986,140.618866,6.553207,121.476639
160899.223291,140.577713,6.537643,121.364471
160899.264599,140.750504,6.368835,120.983688
160899.305909,140.579544,6.364349,121.394348
160899.347215,140.732407,6.440811,121.500717
160899.388523,140.820496,6.795166,121.150635
160899.429833,140.652130,6.554581,121.331253
160899.471142,140.575485,6.653152,121.080627
160899.512450,140.683594,6.762070,121.787613
160899.553756,140.860687,6.751114,121.268936
160899.595065,140.825745,6.619415,121.319077
160899.636372,140.746078,6.659973,121.306656
160899.677677,140.954529,6.790756,121.473572
160899.718985,140.759247,6.730209,121.492874
160899.760292,140.664505,6.734650,121.257828
160899.801601,140.577362,6.438904,121.367859
160899.842908,140.810974,6.640411,121.234879
160899.884217,140.491287,6.793274,121.533859
160899.925523,140.627548,6.716995,121.346237
160899.966832,140.648087,6.632004,121.357574
160900.008140,140.779510,6.539322,121.240662
160900.049448,140.766373,6.523071,121.522568
160900.090757,140.756363,6.404770,121.403687
160900.132066,140.986755,6.468338,121.383972
160900.173376,140.785370,6.446289,121.531891
160900.214687,140.727783,6.708328,121.459381
160900.255995,140.561874,6.694916,121.789368
160900.297307,140.711624,6.570023,121.729889
160900.338617,140.855896,6.432953,121.436234
160900.379927,140.570312,6.511444,121.653732
160900.421235,140.520370,6.550827,121.527756
160900.462543,140.623886,6.604080,121.397995
160900.503853,140.715164,6.569138,121.400162
160900.545162,140.475464,6.656647,121.591003
160900.586470,140.570648,6.858856,121.125275
160900.627780,140.711792,6.574310,121.244080
160900.669092,140.832748,6.607986,121.257462
160900.710401,140.644073,6.373993,121.196335
160900.751712,140.760620,6.572388,121.367142
160900.793021,140.681824,6.569656,121.345306
160900.834331,140.970718,6.432785,120.987808
160900.875641,140.956573,6.501740,121.253525
160900.916954,140.977707,6.429520,121.285187
160900.958264,140.786331,6.284805,120.880859
160900.999574,140.873581,6.373184,121.545959
160901.040886,140.823898,6.510422,121.364090
160901.082197,140.839401,6.475296,121.078384
160901.123510,140.750519,6.632965,120.824326
160901.164822,140.747604,6.277878,121.141769
160901.206133,140.697189,6.320389,120.903748
160901.247445,140.698883,6.344254,121.020309
160901.288757,140.829620,6.366272,121.064499
160901.330070,140.633621,6.577225,121.028595
160901.371382,140.727402,6.572983,121.349731
160901.412694,140.834686,6.323151,121.079529
160901.454001,140.889771,6.398605,121.297729
160901.495310,140.787964,6.485107,121.269531
160901.536621,140.971863,6.465652,121.370056
160901.577932,140.872742,6.465546,121.322891
160901.619242,140.551956,6.564972,121.022079
160901.660552,140.750275,6.673584,121.088196
160901.701861,140.775223,6.738983,121.110184
160901.743171,140.937271,6.515717,121.023788
160901.784481,140.801437,6.425980,121.012482
160901.825789,140.674149,6.613190,121.073685
160901.867095,140.767380,6.499802,121.244064
160901.908405,140.851364,6.367767,121.184601
160901.949715,140.861740,6.330872,121.314484
160901.991023,140.934219,6.336166,121.286713
160902.032331,140.832718,6.311707,121.084579
160902.073639,140.800110,6.277283,121.056824
160902.114945,140.897675,6.343231,121.367722
160902.156251,140.887222,6.257507,121.127533
160902.197559,140.752335,6.326523,121.297882
160902.238867,141.077591,6.205063,121.302261
160902.280174,140.877487,6.365311,121.004807
160902.321481,140.916718,6.368225,121.251907
160902.362788,140.701599,6.357666,121.129929
160902.404095,140.666077,6.467789,120.941940
160902.445403,140.837402,6.385178,121.177322
160902.486713,140.682770,6.484848,120.981247
160902.528023,140.669815,6.569122,121.356354
160902.569333,140.678101,6.176865,121.524582
160902.610642,140.908432,6.148300,121.254211
160902.651949,140.820175,6.217285,121.106735
160902.693258,140.665634,6.191254,121.087357
160902.734567,140.837814,6.220520,121.587769
160902.775873,140.997375,6.368576,121.322968
160902.817179,140.892899,6.397934,121.424423
160902.858484,140.907486,6.394302,121.086853
160902.899789,141.058517,6.340622,121.340546
160902.941097,140.821548,6.231247,121.363876
160902.982408,140.792480,6.347122,121.260025
160903.023717,140.777756,6.352554,121.125519
160903.065027,140.799881,6.280136,121.059402
160903.106337,140.814011,6.231384,121.015457
160903.147647,140.654877,6.449310,120.919434
160903.188955,140.581497,6.382385,121.192551
160903.230263,140.691727,6.256119,121.189911
160903.271572,140.539902,6.442276,120.993820
160903.312881,140.682648,6.160141,120.928711
160903.354190,140.773941,6.359039,121.009369
160903.395498,140.869125,6.359802,121.187561
160903.436807,140.691589,6.223709,121.031982
160903.478117,140.745682,6.075089,121.035019
160903.519428,140.989166,6.217422,121.594742
160903.560737,141.045593,6.103149,121.670151
160903.602047,140.914383,6.418076,121.575302
160903.643355,140.799973,6.295975,121.168243
160903.684662,140.850754,6.309845,121.374100
160903.725971,140.846100,6.428558,121.215408
160903.767279,140.876099,6.372879,121.298279
160903.808587,140.973145,6.244308,121.276581
160903.849894,140.817627,6.193329,121.086075
160903.891203,141.001587,6.079681,121.091476
160903.932513,140.890320,6.244232,121.576508
160903.973822,140.866699,5.958817,121.407791
160904.015131,140.865631,6.258118,121.585052
160904.056439,140.944473,5.920731,121.436493
160904.097748,141.033905,6.043274,121.521225
160904.139057,140.924622,6.253967,121.566666
160904.180366,140.715439,6.094604,121.398209
160904.221672,140.716965,6.258789,121.274460
160904.262980,140.804840,6.331161,121.233017
160904.304286,140.968185,6.472748,121.353561
160904.345594,140.764999,6.204224,121.104919
160904.386903,140.653503,6.212143,121.260864
160904.428209,140.917023,6.126862,121.664780
160904.469515,140.815643,6.333054,121.388412
160904.510823,140.679245,6.469482,120.923508
160904.552132,140.813507,6.292053,121.421005
160904.593442,140.729858,6.470291,121.303436
160904.634751,140.884216,6.330307,121.375748
160904.676059,140.772491,6.298523,121.527802
160904.717365,140.749466,6.223709,120.970261
160904.758670,140.965775,6.315857,121.220154
160904.799979,140.793228,6.303482,120.954880
160904.841288,140.837769,6.329422,120.973236
160904.882598,140.868393,6.303650,121.160767
160904.923907,140.912781,6.426712,121.374756
160904.965213,140.896927,6.338104,121.317429
160905.006522,140.827316,6.572998,121.416336
160905.047830,140.710785,6.087982,121.502274
160905.089138,140.906708,6.329758,121.326385
160905.130443,140.758270,6.503098,120.858200
160905.171750,140.676102,6.524902,121.511292
160905.213058,140.328156,6.470245,121.328400
160905.254369,140.808105,6.423767,121.375031
160905.295681,140.698898,6.296906,121.310532
160905.336995,140.683960,6.619614,121.241257
160905.378308,140.911530,6.336029,121.530472
160905.419622,140.770493,6.414505,121.524384
160905.460934,140.569336,6.571243,121.120117
160905.502245,140.830963,6.320435,121.408295
160905.543558,140.643967,6.565430,121.466888
160905.584869,140.775574,6.873184,121.246384
160905.626179,140.562698,6.762100,121.175507
160905.667488,140.679810,6.546738,121.655258
160905.708797,140.565353,6.704071,121.649658
160905.750108,140.618759,6.478531,121.395309
160905.791414,140.634262,6.541794,121.511398
