39423.965285,155.261688,18.509903,124.486771
39424.006590,155.084900,18.714188,124.671921
39424.047901,155.240372,18.634537,124.545273
39424.089198,155.012756,18.907272,124.596420
39424.130508,155.062485,18.771912,124.549423
39424.171806,154.882797,18.971924,124.752304
39424.213116,155.020721,18.826202,124.682251
39424.254420,155.187897,18.828293,124.706497
39424.295716,155.188919,18.789795,124.775055
39424.337026,154.968933,18.981644,124.709763
39424.378330,155.102463,18.966263,124.768036
39424.419626,155.309158,18.628174,124.539200
39424.460932,155.039978,18.912964,124.531662
39424.502242,155.032806,18.884705,124.611969
39424.543539,155.131470,18.700577,124.486481
39424.584848,155.014816,18.765915,124.660278
39424.626146,155.137375,18.557907,124.974442
39424.667449,155.201874,18.591736,124.566589
39424.708758,155.104416,18.763672,124.458755
39424.750056,155.108414,18.892838,124.290497
39424.791366,155.000275,18.740799,124.494781
39424.832668,155.119110,18.606918,124.731415
39424.873966,154.928329,18.932938,124.861359
39424.915268,155.156403,18.606949,124.680862
39424.956577,155.125854,18.721817,124.871002
39424.997874,155.108658,18.933350,124.676376
39425.039184,155.091080,18.918793,124.691208
39425.080487,154.984940,18.844131,124.866470
39425.121791,155.181595,18.722794,124.526627
39425.163092,155.260498,18.645309,124.151688
39425.204404,155.197327,18.645782,124.581863
39425.245703,155.081573,18.549789,124.775970
39425.287008,155.204544,18.550232,124.711868
39425.328311,155.417984,18.568787,124.686844
39425.369613,155.183334,18.552643,124.609543
39425.410920,154.972534,18.718155,124.630402
39425.452225,155.149277,18.660934,124.469543
39425.493526,155.071228,18.599136,124.793213
39425.534821,155.044907,18.791336,125.001526
39425.576125,155.115601,18.982040,124.901596
39425.617435,155.108826,18.993469,124.800827
39425.658732,154.988968,18.781540,124.596298
39425.700036,154.986633,18.784286,124.967453
39425.741344,155.164276,18.808243,124.616028
39425.782641,155.030838,18.811356,124.732147
39425.823950,155.017654,18.911102,124.501083
39425.865249,155.266022,18.676346,124.499634
39425.906553,155.054718,18.695267,124.996368
39425.947855,154.923233,18.866165,124.631500
39425.989159,155.014923,18.631393,124.603836
39426.030469,154.784851,18.801987,124.800842
39426.071772,155.029892,18.660049,124.924881
39426.113073,154.985199,18.841202,124.602722
39426.154374,155.091812,18.614029,124.798370
39426.195671,154.913101,18.602768,124.899261
39426.236974,154.949661,18.836288,124.899460
39426.278282,155.040344,18.804337,124.654510
39426.319584,154.968277,18.921692,124.786102
39426.360889,155.225403,18.804321,124.464493
39426.402188,155.165085,18.630341,124.684494
39426.443498,155.221832,18.626602,124.787018
39426.484800,155.137329,18.679382,124.501022
39426.526098,154.949219,18.714828,124.764847
39426.567408,155.006897,18.986069,124.495392
39426.608710,155.122879,18.891998,124.671753
39426.650007,155.002258,18.976837,124.835159
39426.691310,155.187088,18.898178,125.085754
39426.732614,155.070862,18.722046,124.982162
39426.773921,154.862274,18.993454,124.912262
39426.815224,154.807404,18.985168,124.944168
39426.856524,154.956070,18.918121,124.891022
39426.897827,155.109283,18.839951,124.936722
39426.939135,155.049194,18.872986,124.912567
39426.980437,154.961945,18.900208,124.806274
39427.021732,155.002304,19.007126,124.757370
39427.063035,155.183792,18.686844,124.837601
39427.104343,155.160995,18.569199,125.101440
39427.145638,155.146881,18.501251,124.652786
39427.186940,155.329010,18.499084,124.952133
39427.228248,155.103287,18.720154,124.872223
39427.269551,154.985107,18.900131,125.028107
39427.310854,154.976059,19.015503,125.098068
39427.352159,154.992004,19.067764,124.899261
39427.393460,155.039993,18.967300,124.992889
39427.434764,154.855438,18.902695,124.862717
39427.476066,155.191574,18.577148,124.892883
39427.517374,155.033936,18.763290,125.004318
39427.558676,155.009460,18.872559,125.095383
39427.599976,155.026169,18.817184,124.841202
39427.641275,155.036224,18.794159,124.515411
39427.682574,155.095917,18.660828,124.503922
39427.723877,154.864532,18.614914,124.348053
39427.765180,154.930206,18.779922,124.430023
39427.806479,154.966293,19.038132,124.552414
39427.847789,154.838776,18.885345,124.411087
39427.889089,154.971527,18.752411,124.684204
39427.930394,154.792557,18.889542,124.645096
39427.971697,155.001572,18.794998,124.489426
39428.013001,155.192322,18.837051,124.776642
39428.054312,154.844589,18.879395,124.657837
39428.095609,155.173004,18.603821,124.874115
39428.136915,154.989807,18.834717,124.740433
39428.178227,155.158646,18.730225,124.690903
39428.219527,155.129349,18.634491,124.701874
39428.260837,155.137680,18.691620,124.707321
39428.302135,155.092499,18.766266,124.669754
39428.343439,154.770248,18.886795,124.672073
39428.384744,155.034363,18.837723,124.877518
39428.426053,155.159348,18.727310,124.612961
39428.467350,154.798340,18.811722,124.613831
39428.508655,154.758957,18.767059,124.709106
39428.549958,154.891113,18.881195,124.851364
39428.591266,154.794189,19.062851,124.489212
39428.632561,154.786087,19.081192,124.259140
39428.673864,154.690567,18.947250,124.610184
39428.715169,154.590820,19.138229,124.572662
39428.756480,154.854828,18.857269,124.573700
39428.797775,154.799667,18.877304,124.521667
39428.839083,154.801178,18.704773,124.464417
39428.880378,154.833633,18.934204,124.479858
39428.921682,154.740799,18.853470,124.486267
39428.962991,155.012360,18.715988,124.444153
39429.004289,155.002136,18.812805,124.432556
39429.045594,154.833481,18.690033,124.548004
39429.086902,154.819687,18.867661,124.654083
39429.128196,154.859299,18.724243,124.468689
39429.169505,154.786697,18.774765,124.769974
39429.210802,154.777634,18.778656,124.828003
39429.252104,154.953217,18.802261,124.473740
39429.293413,155.171692,18.654266,124.517227
39429.334710,154.989670,18.664642,124.618149
39429.376013,155.147186,18.741165,124.454269
39429.417316,155.053619,18.846375,124.572983
39429.458626,155.223190,18.795288,124.475998
39429.499924,155.041977,18.691895,124.450607
39429.541229,155.039871,18.832794,124.215897
39429.582542,154.806808,18.809967,124.472900
39429.623840,154.773788,18.861954,124.485611
39429.665144,155.008347,18.842316,124.547211
39429.706449,155.011292,18.786667,124.683258
39429.747753,154.917542,18.788345,124.539764
39429.789066,154.886520,18.839890,124.486206
39429.830372,154.977646,18.924805,124.612747
39429.871673,154.915482,18.797653,124.669846
39429.912977,154.856934,19.041946,124.445969
39429.954283,154.818665,18.900528,124.688263
39429.995591,154.840912,18.890137,124.430771
39430.036896,155.263626,18.890152,124.415665
39430.078206,154.724213,19.131439,124.506287
39430.119503,155.049622,18.669739,124.708817
39430.160815,155.141998,18.590942,124.454681
39430.202115,154.931854,18.736816,124.373810
39430.243421,155.192932,18.651291,124.346100
39430.284725,155.235077,18.699295,124.443634
39430.326030,155.017181,18.556503,124.783371
39430.367334,155.273102,18.827286,124.713577
39430.408639,155.137711,18.581726,124.693985
39430.449943,155.081665,18.680115,124.428024
39430.491248,155.001312,18.727173,124.438965
39430.532558,154.990082,18.932770,124.493286
39430.573861,155.053543,18.633774,124.450638
39430.615163,154.780151,18.692688,124.549774
39430.656460,155.092606,18.490936,124.386368
39430.697769,154.947220,18.816437,124.594482
39430.739072,154.990875,18.652390,124.658279
39430.780370,154.973160,18.814316,124.708160
39430.821673,154.865982,18.733719,124.432327
39430.862982,154.935120,18.892319,124.391891
39430.904279,154.890564,18.886322,124.434265
39430.945588,154.934464,18.983917,124.511032
39430.986885,154.897690,19.024200,124.591141
39431.028189,154.944885,18.916565,124.719803
39431.069493,154.785309,18.826355,124.717819
39431.110797,154.890945,18.910751,124.413162
39431.152101,154.904633,18.895935,124.992737
39431.193406,154.878082,18.889709,124.648514
39431.234717,154.706039,18.857056,124.518814
39431.276022,154.753860,18.834946,124.678986
39431.317319,154.692978,18.970154,124.621994
39431.358628,154.929596,18.812576,124.604980
39431.399930,154.797821,18.796341,124.624405
39431.441224,155.129364,18.708206,124.677109
39431.482528,154.704483,19.120499,124.736786
39431.523831,154.963715,18.971268,124.845016
39431.565135,154.765320,18.946976,125.230179
39431.606443,154.696472,18.827377,124.879288
39431.647748,154.743729,18.850220,124.657272
39431.689050,154.764130,18.992325,124.754593
39431.730348,154.900757,18.743484,124.416595
39431.771658,154.836792,18.689423,124.587738
39431.812961,154.941513,18.768875,124.556854
39431.854260,155.023178,18.803574,124.638596
39431.895570,154.849976,18.859406,124.440445
39431.936867,154.689163,18.853439,124.556259
39431.978169,154.782440,18.908432,124.529526
39432.019471,154.841324,18.746124,124.809265
39432.060780,154.928314,18.834381,124.610016
39432.102077,154.957977,18.899811,124.687485
39432.143385,154.849869,18.852661,124.770447
39432.184687,155.092621,18.506210,124.733795
39432.225987,155.196503,18.717743,125.173065
39432.267288,154.986206,18.742661,124.745117
39432.308591,155.091873,18.667191,125.090729
39432.349891,154.921814,18.755051,124.986191
39432.391192,155.239426,18.692200,124.909821
39432.432487,154.960297,18.869446,125.120163
39432.473787,155.164459,18.836792,124.850784
39432.515095,154.942795,18.832596,124.935120
39432.556388,154.792786,18.891937,124.905060
39432.597688,154.764389,18.784683,125.002106
39432.638995,155.038361,18.787735,125.088470
39432.680293,155.098816,18.655777,125.178879
39432.721594,154.849289,18.780853,124.933701
39432.762890,155.004440,18.651978,124.791061
39432.804194,154.687210,18.735626,124.909088
39432.845498,154.934677,18.637039,124.986572
39432.886803,154.813858,18.843475,124.938293
39432.928108,154.927887,18.685196,125.015808
39432.969417,154.916779,18.830246,124.960403
39433.010719,154.719299,18.404205,125.098953
39433.052014,155.050201,18.663162,125.051315
39433.093316,155.051025,18.662521,124.834976
39433.134619,154.933075,18.708466,124.804123
39433.175925,154.955933,18.815002,124.651428
39433.217225,155.047623,18.872147,124.589935
39433.258520,155.110825,18.627502,124.901489
39433.299821,155.200073,18.796783,124.722855
39433.341124,154.922516,18.831528,124.922150
39433.382430,155.026871,18.778152,124.825562
39433.423726,155.119690,18.726898,124.861908
39433.465034,155.258499,18.897064,124.867920
39433.506337,155.192230,18.825073,124.841537
39433.547632,155.244232,18.666443,124.569427
39433.588935,155.144958,18.849884,124.713547
39433.630242,155.353256,18.763367,124.718048
39433.671539,155.130814,18.806000,124.751740
39433.712842,155.307892,18.880798,124.535553
39433.754145,155.160767,18.626740,124.535095
39433.795450,155.331085,18.513260,124.293625
39433.836755,154.990967,18.618088,124.451691
39433.878057,154.930679,18.622375,124.662994
39433.919359,154.939087,18.537933,124.693863
39433.960668,155.317963,18.499100,124.390442
39434.001968,155.041061,18.704361,124.766998
39434.043269,155.151611,18.586349,124.935669
39434.084563,155.116791,18.765686,124.850235
39434.125872,155.070465,18.638245,124.669235
39434.167166,155.024734,18.751068,124.762314
39434.208474,154.932465,18.657837,124.841965
39434.249771,154.825226,18.957367,124.866760
39434.291067,154.724045,18.871277,124.944611
39434.332366,154.878784,18.751053,124.824753
39434.373666,155.094376,18.863876,124.940567
39434.414963,154.921707,18.726608,124.999619
39434.456263,155.038071,18.588684,124.940521
39434.497556,155.144333,18.668900,124.837463
39434.538864,155.256851,18.572678,124.850479
39434.580160,155.086670,18.654648,124.975098
39434.621463,155.025696,18.668793,125.068954
39434.662772,155.002701,18.814072,125.066559
39434.704069,155.064133,18.678055,124.916458
39434.745380,155.047989,18.666748,124.559021
39434.786681,155.025650,18.762848,124.897202
39434.827983,155.176971,18.656281,124.648239
39434.869286,155.198761,18.690094,124.875580
39434.910581,154.967575,18.500641,124.765121
39434.951889,155.067123,18.653976,125.014206
39434.993191,155.147171,18.606125,124.528870
39435.034488,154.968094,18.493683,124.984955
39435.075794,155.043930,18.684402,124.930054
39435.117104,154.984055,18.570435,124.804382
39435.158402,154.830978,18.677307,124.679535
39435.199709,155.018372,18.909882,124.604568
39435.241014,155.054443,18.828857,124.688034
39435.282326,154.958710,18.835342,124.516708
39435.323632,154.890594,18.833008,124.775421
39435.364931,154.919373,18.698288,124.775162
39435.406240,154.906952,18.727066,124.426865
39435.447536,155.008087,18.651672,124.615921
39435.488843,154.925781,18.511383,124.518143
39435.530145,154.985870,18.615082,124.457809
39435.571441,155.113632,18.842041,124.724304
39435.612744,155.123138,18.548553,124.512772
39435.654049,154.701004,18.401993,124.918945
39435.695351,154.833221,18.687759,125.090576
39435.736655,154.867615,18.549072,124.627762
39435.777958,154.888321,18.378662,124.541977
39435.819261,154.819290,18.416382,124.329880
39435.860565,154.983215,18.593491,124.542801
39435.901874,155.077911,18.446274,124.400879
39435.943167,155.106598,18.435181,124.792130
39435.984474,154.969360,18.739914,124.638138
39436.025774,155.121719,18.759048,124.841003
39436.067070,155.021317,18.658783,124.903458
39436.108378,155.197540,18.593002,124.682251
39436.149680,154.985367,18.734787,124.757111
39436.190982,154.954208,18.520004,124.745087
39436.232281,155.055176,18.641052,125.063675
39436.273581,154.980179,18.403915,124.931168
39436.314875,154.948044,18.539886,124.958496
39436.356180,154.870773,18.455261,124.950089
39436.397480,155.124390,18.536377,124.561966
39436.438785,154.799240,18.530930,124.740280
39436.480081,154.986435,18.646606,124.937332
39436.521392,154.842484,18.492508,124.485901
39436.562694,155.050674,18.502686,124.575165
39436.603993,155.106186,18.693283,124.813370
39436.645298,154.850418,18.622375,124.679611
39436.686602,154.877411,18.559082,124.381393
39436.727912,154.953842,18.590714,124.747589
39436.769213,154.882095,18.666565,124.728851
39436.810508,155.116318,18.529190,124.645889
39436.851816,154.974884,18.586197,124.629364
39436.893118,155.179565,18.664200,124.697388
39436.934414,154.875076,18.665894,124.824631
39436.975717,154.869812,18.664520,124.521103
39437.017025,155.179504,18.638947,124.682480
39437.058325,154.733200,18.757385,124.586227
39437.099619,154.830734,18.794449,124.884445
39437.140923,154.851456,18.613327,124.563400
39437.182233,154.656525,18.761902,124.678925
39437.223536,155.025314,18.582336,124.669739
39437.264840,154.923935,18.583908,124.435959
39437.306138,154.799072,18.609116,124.858627
39437.347440,154.756134,18.509186,125.173050
39437.388750,155.033646,18.492752,124.943649
39437.430047,154.986771,18.650040,124.733566
39437.471349,154.790588,18.602585,124.511185
39437.512651,155.047913,18.470963,125.020096
39437.553960,154.834885,18.547470,124.913788
39437.595262,155.016556,18.442444,124.817505
39437.636558,155.079086,18.371811,124.716003
39437.677864,155.226379,18.439682,124.628784
39437.719167,155.051575,18.534195,125.026947
39437.760469,154.837189,18.655594,124.733261
39437.801779,154.996323,18.565048,124.560303
39437.843075,155.157837,18.633499,124.702515
39437.884378,155.120346,18.867020,124.745804
39437.925681,155.137375,18.793396,124.511841
39437.966987,155.017120,18.756378,124.613281
39438.008292,155.104874,18.682434,124.671539
39438.049598,154.972443,18.599945,124.879486
39438.090908,155.111130,18.531128,124.829330
39438.132204,155.092194,18.351746,124.697464
39438.173509,155.056717,18.220032,124.567154
39438.214814,155.200226,18.371368,124.580963
39438.256117,155.073288,18.313385,124.625183
39438.297423,155.252335,18.343201,124.871277
39438.338730,155.074234,18.494629,124.562241
39438.380037,154.934631,18.610565,124.796097
39438.421345,154.983887,18.770035,124.799240
39438.462658,155.173508,18.626358,124.666107
39438.503961,154.946869,18.751007,124.811493
39438.545261,155.234222,18.522491,124.949371
39438.586574,154.994598,18.554688,125.143448
39438.627875,154.922119,18.727997,124.776505
39438.669186,155.200226,18.514969,124.699326
39438.710495,154.879593,18.619156,124.706451
39438.751805,154.855927,18.609772,124.714844
39438.793112,155.026337,18.407013,125.079681
39438.834424,154.897232,18.451050,125.034119
39438.875732,154.878708,18.418488,125.000046
39438.917032,154.768204,18.660507,125.197113
39438.958340,154.740952,18.665573,124.992126
39438.999649,154.716461,18.540817,125.010788
39439.040959,154.738129,18.706696,125.170074
39439.082264,154.785797,18.930298,124.901779
39439.123579,154.767502,18.730362,125.170471
39439.164880,155.031418,18.714111,125.300171
39439.206186,154.877914,18.604034,125.010864
39439.247494,154.838165,18.780121,124.944809
39439.288801,154.958115,18.668518,125.023468
39439.330108,154.909973,18.549911,125.038300
39439.371417,155.195084,18.506134,125.018463
39439.412730,154.885635,18.428741,124.815964
39439.454027,154.852234,18.557800,124.865433
39439.495331,154.949234,18.529404,125.401901
39439.536635,154.980453,18.465546,125.100616
39439.577940,155.063736,18.273666,125.243256
39439.619252,154.838791,18.315094,125.243179
39439.660549,154.847763,18.419098,124.624207
39439.701853,155.007416,18.430084,124.910599
39439.743155,155.035706,18.535614,124.936386
39439.784458,154.863098,18.555222,125.108078
39439.825759,154.927231,18.398895,125.077164
39439.867062,155.100983,18.671204,124.903625
39439.908367,155.206604,18.325958,125.260315
39439.949678,155.149063,18.529404,124.973160
39439.990976,154.921768,18.546799,125.098679
39440.032288,155.032349,18.288986,125.310257
39440.073586,155.177979,18.167236,125.068069
39440.114890,155.195129,18.375198,124.968552
39440.156194,155.061188,18.327164,124.830017
39440.197501,155.248627,18.358902,124.841522
39440.238807,155.070404,18.355026,125.011688
39440.280116,155.092636,18.342590,124.809799
39440.321424,155.031601,18.528763,124.799576
39440.362734,154.982117,18.612274,125.067657
39440.404046,155.237885,18.496033,124.782562
39440.445354,155.116409,18.507507,124.700409
39440.486662,155.380066,18.487045,125.041000
39440.527971,155.339859,18.640991,124.535004
39440.569279,155.007660,18.605484,124.541946
39440.610586,155.135056,18.352280,124.517441
39440.651894,155.210373,18.282623,124.952118
39440.693202,155.305939,18.300903,124.581360
39440.734511,155.108368,18.685699,124.397003
39440.775819,155.195816,18.217896,124.640839
39440.817129,155.245911,18.342072,124.878830
39440.858439,155.169174,18.265518,124.833069
39440.899748,155.221207,18.498703,124.896622
39440.941059,155.265442,18.468277,124.833298
39440.982368,155.448013,18.589569,124.432114
39441.023678,155.321213,18.698151,124.539948
39441.064986,155.324280,18.526886,124.751770
39441.106296,155.136322,18.521225,124.601227
39441.147605,155.391479,18.495132,124.875000
39441.188912,155.377975,18.671387,124.470596
39441.230219,155.431396,18.414093,124.528519
39441.271526,155.347183,18.452042,124.858826
39441.312830,155.385590,18.357117,124.932632
39441.354138,155.072159,18.499496,124.652847
39441.395451,155.295639,18.478378,124.982681
39441.436752,154.842911,18.420135,124.691040
39441.478059,154.814026,18.589188,124.469666
39441.519367,155.124603,18.508453,124.631500
39441.560677,154.859772,18.706451,124.383682
39441.601985,154.972763,18.707916,124.659027
39441.643292,155.008575,18.722198,124.614563
39441.684603,155.237473,18.803375,124.755035
39441.725903,155.147308,18.694382,124.366150
39441.767210,155.112473,18.787750,124.580948
39441.808517,155.171921,18.575317,124.765717
39441.849826,155.059250,18.662552,124.796478
39441.891133,155.350235,18.413712,124.451431
39441.932436,155.012131,18.438812,124.588089
39441.973742,155.273438,18.343323,124.651718
39442.015052,155.005875,18.555191,124.671951
39442.056351,155.031586,18.430283,124.580536
39442.097657,154.962906,18.619843,124.479034
39442.138966,155.203079,18.599136,124.768661
39442.180274,154.840836,18.599442,124.670914
39442.221586,154.976410,18.774765,124.654510
39442.262886,155.141357,18.621399,124.612289
39442.304191,155.152832,18.528183,124.485855
39442.345505,155.152008,18.642105,124.672043
39442.386807,155.152298,18.616150,124.627151
39442.428112,155.260666,18.551849,124.766037
39442.469418,155.295731,18.512543,124.733368
39442.510728,155.221100,18.150589,124.732956
39442.552039,155.196167,18.624603,124.719101
39442.593349,155.085587,18.264526,124.530365
39442.634659,155.498840,18.460007,124.719254
39442.675967,155.102005,18.450012,124.634415
39442.717274,155.081177,18.506683,124.667816
39442.758582,155.160568,18.573242,124.697311
39442.799889,155.193771,18.642075,124.810089
39442.841197,155.220169,18.673492,124.293472
39442.882504,155.207184,18.574310,124.858688
39442.923812,155.275391,18.530640,124.632355
39442.965120,155.103378,18.743973,124.544235
39443.006428,155.133835,18.524307,124.591461
39443.047735,155.190048,18.600525,124.689163
39443.089044,155.130844,18.345993,124.747208
39443.130352,154.924347,18.581207,124.596313
39443.171660,155.168182,18.347839,124.763474
39443.212971,155.193756,18.552094,124.777237
39443.254283,154.915039,18.536621,124.548935
39443.295597,154.904648,18.526138,124.861298
39443.336910,154.972321,18.671539,124.861481
39443.378219,155.066589,18.507416,124.438065
39443.419529,155.048264,18.768555,124.577576
39443.460838,154.890610,18.501190,124.533508
39443.502148,154.846008,18.633774,124.506104
39443.543460,155.196014,18.387924,124.701355
39443.584770,155.015701,18.700623,124.629517
39443.626081,154.914459,18.555771,124.644073
39443.667385,155.140015,18.769653,124.571960
39443.708693,155.032684,18.657043,124.621841
39443.750000,155.261414,18.421005,124.491440
39443.791305,154.908661,18.548401,124.526566
39443.832613,155.106491,18.547424,124.359161
39443.873920,154.892593,18.411270,124.525803
39443.915230,154.969376,18.489365,124.749359
39443.956539,154.814987,18.453354,124.713730
39443.997850,155.028900,18.586044,124.608566
39444.039160,154.865738,18.529770,124.607254
39444.080471,154.822739,18.613571,124.395020
39444.121781,154.861618,18.548492,124.862473
39444.163090,154.859283,18.474548,124.585373
39444.204398,154.874557,18.527847,124.644760
39444.245706,155.047897,18.502228,124.581238
39444.287011,154.855453,18.518646,124.721527
39444.328323,154.946228,18.518646,124.763428
39444.369623,154.718262,18.407455,124.640747
39444.410931,155.003876,18.352097,124.759415
39444.452238,154.844620,18.313446,124.785156
39444.493547,155.223312,18.408554,124.436218
39444.534858,154.964005,18.366257,124.479141
39444.576167,154.990067,18.330582,124.420258
39444.617478,155.099030,18.494080,124.529480
39444.658787,155.039047,18.434235,124.560059
39444.700094,155.067734,18.331161,124.615341
39444.741404,155.001465,18.465271,124.732178
39444.782714,155.069489,18.265045,124.865021
39444.824023,155.166550,18.128342,124.437027
39444.865333,155.155197,18.316742,124.515198
39444.906642,154.938477,18.348831,124.676971
39444.947951,154.935028,18.224258,124.587082
39444.989260,155.156189,18.047943,125.093323
39445.030568,155.087509,18.337204,124.867935
39445.071876,155.112411,18.268265,124.586975
39445.113183,154.802872,18.486465,124.464691
39445.154490,154.847122,18.457733,124.898560
39445.195798,155.106018,18.274460,124.769287
39445.237111,154.918289,18.338760,124.668839
39445.278411,154.855225,18.477570,124.667252
39445.319722,154.834564,18.517593,124.536072
39445.361021,154.951828,18.535828,124.808640
39445.402333,154.961746,18.614670,125.082611
39445.443634,154.695511,18.636795,124.544724
39445.484941,154.967331,18.582916,124.880737
39445.526250,154.885498,18.508026,124.864731
39445.567556,154.736954,18.536942,124.888657
39445.608861,154.886520,18.347763,124.859207
39445.650168,154.868973,18.337219,124.854782
39445.691475,154.728500,18.484848,124.910416
39445.732781,154.901154,18.352814,125.100174
39445.774086,154.896866,18.239594,125.095795
39445.815393,155.060486,18.320328,125.030960
39445.856701,154.866058,18.535461,124.892120
39445.898007,154.886978,18.581436,124.954742
39445.939321,154.875809,18.614883,124.822525
39445.980625,154.916412,18.358871,124.713379
39446.021923,154.838104,18.821838,124.726639
39446.063229,155.056229,18.652313,124.761215
39446.104536,155.105759,18.450714,125.140060
39446.145842,154.940536,18.513107,124.729752
39446.187150,154.882431,18.636032,125.225037
39446.228455,154.824020,18.489929,124.939407
39446.269761,154.869720,18.585281,124.973846
39446.311064,154.817230,18.588196,124.663910
39446.352375,154.845886,18.599686,124.849365
39446.393675,154.841583,18.403671,125.277359
39446.434981,154.872543,18.362747,124.959274
39446.476286,154.950180,18.833130,124.773941
39446.517592,154.933731,18.731491,124.655746
39446.558898,154.777084,18.642609,124.986053
39446.600204,154.923309,18.681015,124.800659
39446.641518,154.926147,18.504486,124.707016
39446.682818,155.031006,18.368210,124.760513
39446.724125,154.997452,18.511337,124.645493
39446.765433,155.024643,18.412231,124.666992
39446.806745,155.050354,18.330368,124.968948
39446.848045,155.323196,18.087845,124.966888
39446.889353,155.169067,18.233414,125.232330
39446.930664,155.100571,18.454666,124.954895
39446.971973,155.013245,18.450287,124.744095
39447.013281,155.073364,18.211761,124.825256
39447.054589,154.838089,18.559982,125.107132
39447.095898,155.222885,18.368622,124.841309
39447.137205,155.044952,18.504349,124.945084
39447.178513,155.072098,18.332993,124.600800
39447.219821,154.968369,18.542099,125.017319
39447.261133,155.185028,18.214645,124.912094
39447.302443,154.959000,18.525986,124.656876
39447.343751,154.998703,18.429489,124.676605
39447.385061,154.932648,18.375778,124.658646
39447.426369,154.831848,18.410583,124.930023
39447.467678,154.872482,18.408508,124.657578
39447.508988,155.135834,18.539139,124.907837
39447.550298,155.045181,18.572357,125.012573
39447.591606,155.085281,18.278717,125.011826
39447.632912,154.889160,18.346008,124.974762
39447.674219,155.239090,18.311569,124.890518
39447.715527,154.912872,18.521225,124.807907
39447.756836,155.075455,18.487839,124.933228
39447.798148,155.006531,18.282654,125.252731
39447.839446,154.906494,18.338593,125.175659
39447.880753,155.084412,18.240326,125.086273
39447.922059,155.072769,18.364014,125.004440
39447.963363,154.727386,18.440414,124.788574
39448.004670,155.079620,18.386856,124.846069
39448.045976,155.028030,18.238953,125.073288
39448.087283,155.057404,18.487885,125.009232
39448.128589,155.029526,18.369995,124.920197
39448.169896,154.996933,18.394455,124.771744
39448.211201,155.191360,18.122742,125.126083
39448.252506,155.128647,18.197052,124.888245
39448.293811,155.056778,18.238617,125.135101
39448.335119,155.230331,18.432510,125.103027
39448.376427,155.077194,18.339142,124.997131
39448.417735,155.141418,18.363617,125.038040
39448.459043,154.983307,18.190063,124.856857
39448.500351,155.080215,18.377350,124.859055
39448.541658,155.079224,18.312012,125.053391
39448.582970,155.249588,18.236267,124.623474
39448.624274,155.084671,18.448227,124.655304
39448.665581,154.865280,18.351685,124.995834
39448.706890,154.982224,18.538559,124.923264
39448.748202,154.835648,18.533875,124.622849
39448.789504,154.893494,18.413437,124.862366
39448.830813,154.961578,18.338943,125.126602
39448.872120,155.065521,18.250031,124.907471
39448.913428,155.187317,18.086639,124.987686
39448.954736,155.097977,18.369995,124.699280
39448.996043,155.134109,18.378250,124.611893
39449.037351,154.943924,18.560501,124.779449
39449.078657,154.930817,18.324234,125.068237
39449.119964,155.009125,18.479935,124.798080
39449.161270,155.201477,18.281509,124.524277
39449.202575,154.891602,18.484100,124.721207
39449.243879,155.139099,18.129944,124.586975
39449.285185,155.267593,18.084579,125.403534
39449.326492,155.039078,18.453568,125.069138
39449.367800,154.970428,18.334152,125.041214
39449.409112,154.895172,18.468994,125.203995
39449.450414,154.985367,18.212814,125.025452
39449.491722,155.012802,18.197266,124.984512
39449.533029,155.016266,18.250336,124.897110
39449.574335,154.720108,18.482697,124.900513
39449.615640,154.901764,18.562271,124.704788
39449.656947,155.002182,18.435303,124.766312
39449.698260,154.835022,18.665237,124.780746
39449.739558,155.180664,18.388153,124.726593
39449.780863,155.081223,18.193649,124.777954
39449.822167,155.151672,18.363525,124.785217
39449.863470,154.846176,18.302933,124.669189
39449.904775,155.113342,18.222946,124.940796
39449.946077,155.269409,18.393677,124.814301
39449.987385,155.080322,18.545151,124.966064
39450.028693,154.859161,18.384247,125.125000
39450.069994,154.694885,18.492905,125.366592
39450.111300,155.254852,18.218307,125.141754
39450.152604,154.745224,18.757858,124.617554
39450.193908,155.237106,18.413879,125.148407
39450.235211,155.289764,18.303101,124.974426
39450.276519,154.761871,18.410568,124.990265
39450.317826,154.937256,18.645096,124.985245
39450.359137,154.801529,18.663879,124.950272
39450.400436,154.774261,18.548019,124.766479
39450.441742,154.991150,18.519943,125.399460
39450.483046,154.871658,18.487854,125.239746
39450.524353,154.838348,18.542831,125.242432
39450.565665,154.890198,18.206009,125.023987
39450.606964,154.773071,18.488358,125.233292
39450.648274,154.769562,18.711578,125.115921
39450.689573,154.693466,18.550171,124.946487
39450.730879,155.016632,18.435760,125.149658
39450.772184,154.952866,18.561005,125.249420
39450.813491,154.676025,18.747040,125.355286
39450.854797,154.540741,18.757797,124.978592
39450.896104,154.645981,18.397858,125.482361
39450.937416,154.517990,18.742859,125.041046
39450.978713,154.759933,18.497070,125.056168
39451.020022,154.932373,18.513275,125.205734
39451.061320,154.920380,18.519867,125.062637
39451.102626,154.968521,18.392609,124.986206
39451.143936,154.880768,18.470581,125.207001
39451.185239,154.774994,18.491562,125.094711
39451.226537,154.561874,18.961197,125.122940
39451.267850,154.842133,18.482208,124.982712
39451.309152,154.675781,18.563950,125.042404
39451.350463,154.743668,18.594788,125.124222
39451.391764,154.604874,18.794708,124.969391
39451.433068,154.881653,18.633240,124.804001
39451.474374,154.837540,18.580475,124.994644
39451.515677,154.808960,18.770493,124.669235
39451.556984,154.873459,18.642502,124.811813
39451.598291,155.042175,18.546616,124.908325
39451.639595,154.843658,18.635513,124.553055
39451.680900,154.563828,18.848175,124.608826
39451.722209,154.888580,18.534607,124.867371
39451.763515,154.421265,18.589432,124.926453
39451.804820,154.479034,18.619553,124.975433
39451.846118,154.862015,18.591095,125.022812
39451.887421,154.672623,18.804199,125.169724
39451.928728,154.577408,18.684448,124.890381
39451.970024,154.434860,18.699661,125.037231
39452.011328,154.466843,18.653229,124.989395
39452.052632,154.557846,18.667725,125.098358
39452.093936,154.680832,18.542007,125.136536
39452.135240,154.673676,18.572006,125.085602
39452.176545,154.636002,18.633911,124.993820
39452.217855,154.543198,18.706345,124.945862
39452.259153,154.748993,18.524094,124.856720
39452.300460,154.754471,18.724396,125.132370
39452.341767,154.534088,18.734741,124.627213
39452.383072,154.710846,18.642746,124.866440
39452.424375,154.680466,18.427139,124.877884
39452.465682,154.771469,18.721771,125.104065
39452.506987,154.886215,18.627670,125.129730
39452.548294,154.877838,18.519333,125.013550
39452.589601,154.968094,18.714981,124.966461
39452.630909,154.869690,18.608597,124.961868
39452.672216,154.832535,18.566910,124.713974
39452.713525,154.752625,18.645935,124.956268
39452.754833,154.543716,18.806244,124.747375
39452.796138,154.626373,18.896835,124.718582
39452.837444,154.529755,18.988831,124.839874
39452.878752,154.903839,18.745773,124.710312
39452.920059,154.918350,18.620697,124.637405
39452.961371,154.541183,18.726227,124.991821
39453.002670,154.619202,18.520264,125.157761
39453.043974,154.713379,18.605408,124.874573
39453.085285,154.551376,18.552567,124.793625
39453.126586,154.600800,18.535385,124.661545
39453.167897,154.687668,18.530472,125.128784
39453.209203,154.525696,18.625946,124.845291
39453.250503,154.626251,18.767563,125.126373
39453.291810,154.893845,18.689774,124.804855
39453.333123,154.790039,18.564346,125.176254
39453.374423,154.765167,18.753830,124.777939
39453.415728,154.878876,18.418121,125.179855
39453.457035,154.973877,18.571274,124.614822
39453.498342,155.023285,18.655594,124.866699
39453.539651,154.897690,18.861679,124.766571
39453.580958,154.875244,18.690903,124.898575
39453.622266,154.819504,18.653046,124.694611
39453.663575,154.856735,18.825836,125.028244
39453.704883,154.932907,18.743378,125.046417
39453.746189,154.704941,18.693832,124.691711
39453.787496,154.755814,18.471268,124.500473
39453.828804,155.122116,18.428711,124.580826
39453.870111,154.934952,18.566025,124.790573
39453.911421,155.126205,18.808304,124.724350
39453.952728,155.152725,18.376740,124.794617
39453.994042,155.031097,18.491531,124.917618
39454.035345,154.770050,18.581207,125.040146
39454.076653,155.000046,18.541122,124.913437
39454.117962,154.854980,18.691666,124.736511
39454.159269,154.828033,18.618637,125.007996
39454.200576,154.940033,18.285156,125.130310
39454.241884,155.023926,18.391556,125.070511
39454.283188,154.899231,18.404480,124.902802
39454.324500,154.910416,18.329651,125.175827
39454.365800,155.034256,18.524109,124.797745
39454.407106,154.829239,18.574097,124.980240
39454.448411,154.780991,18.474228,124.905167
39454.489717,154.878403,18.771072,124.750000
39454.531024,154.686310,18.755234,124.549088
39454.572335,154.874283,18.646194,124.766068
39454.613635,154.886703,18.624969,125.099411
39454.654942,154.914841,18.751892,124.921646
39454.696251,155.133133,18.581818,124.947342
39454.737558,155.127441,18.772034,125.093567
39454.778864,155.062012,18.533463,124.693924
39454.820169,154.984543,18.481491,124.794281
39454.861475,154.922653,18.679977,124.556290
39454.902782,154.980362,18.381668,124.666397
39454.944095,155.153229,18.526688,124.942230
39454.985395,155.076080,18.541107,124.497101
39455.026703,154.915619,18.505081,124.825394
39455.068012,155.089584,18.423187,124.723694
39455.109320,155.175552,18.674301,124.697189
39455.150628,155.236710,18.464203,124.604355
39455.191934,155.268433,18.433167,124.878708
39455.233241,155.066971,18.432159,124.695755
39455.274547,155.246140,18.391815,124.592377
39455.315854,155.264008,18.437973,124.572342
39455.357162,155.064194,18.700211,124.662430
39455.398469,155.005661,18.708878,124.934402
39455.439778,155.119080,18.908981,124.534760
39455.481087,155.136414,18.602707,124.651093
39455.522393,155.169571,18.699051,124.866928
39455.563700,155.060883,18.754318,124.810455
39455.605010,155.100967,18.722946,124.833389
39455.646325,154.920395,18.728958,124.665421
39455.687625,155.268066,18.655563,124.784897
39455.728931,155.169159,18.627716,124.711517
39455.770239,155.140305,18.820038,124.948471
39455.811545,155.097702,18.624908,124.717606
39455.852853,154.881439,18.799362,124.884460
39455.894164,154.917023,18.889130,124.685349
39455.935469,155.012161,18.742325,124.777985
39455.976768,154.856308,18.767502,124.528534
39456.018079,155.099350,18.770599,124.425613
39456.059384,155.015625,18.685944,124.713058
39456.100684,154.853333,18.596542,124.658081
39456.141988,155.058212,18.626343,125.003738
39456.183293,154.843933,18.560577,124.557236
39456.224600,154.950821,18.854034,124.688599
39456.265907,155.190063,18.587387,124.491699
39456.307214,154.756927,18.763046,124.762573
39456.348519,154.920364,18.972610,124.832397
39456.389833,155.134567,18.752518,124.787155
39456.431133,154.932709,18.762146,124.573151
39456.472439,154.929916,18.867767,124.684662
39456.513745,155.052444,18.639938,124.848190
39456.555054,155.308594,18.555786,124.711594
39456.596363,154.945679,18.801758,124.990891
39456.637670,155.096725,18.651031,124.586594
39456.678979,154.968811,18.530960,124.706818
39456.720284,154.876816,18.747650,124.505951
39456.761588,155.070129,18.685043,124.871201
39456.802894,155.032608,18.749496,124.591431
39456.844205,154.969543,18.378326,124.705826
39456.885508,154.976578,18.500839,124.911041
39456.926814,155.012527,18.554977,124.924393
39456.968114,155.207718,18.455841,125.101456
39457.009422,154.981415,18.698212,124.614105
39457.050734,154.778046,18.632812,124.854965
39457.092030,155.017807,18.774109,125.172134
39457.133340,155.018280,18.648666,125.083023
39457.174639,154.904953,18.638382,124.799835
39457.215943,154.811768,18.810196,125.114288
39457.257250,154.790237,18.715286,124.784042
39457.298557,155.092468,18.422211,125.092712
39457.339868,155.043198,18.665833,125.101654
39457.381165,154.887909,18.758469,124.857178
39457.422475,154.811050,18.802979,124.753052
39457.463772,154.835922,18.783493,124.896378
39457.505083,154.703873,18.948380,125.299515
39457.546378,154.821594,18.823914,125.008896
39457.587683,154.828156,18.948929,124.604492
39457.628991,154.968491,18.802551,124.994476
39457.670298,155.039413,18.825134,124.979187
39457.711612,154.909393,18.718002,124.972351
39457.752917,154.686218,18.818726,124.906479
39457.794218,154.963531,18.699203,125.004181
39457.835516,154.916519,18.797134,124.880676
39457.876820,154.977997,18.741150,124.661621
39457.918125,154.840973,18.673813,124.513687
39457.959428,154.944839,18.868500,125.090347
39458.000734,154.762405,18.917862,124.569443
39458.042037,154.921616,18.787918,124.813828
39458.083339,154.826996,18.855988,124.667709
39458.124642,154.755493,18.664062,125.001572
39458.165952,154.982529,18.863159,124.865936
39458.207251,154.988266,19.049179,124.481140
39458.248555,155.219193,18.852112,124.835083
39458.289866,154.996490,18.990219,124.617645
39458.331164,155.149384,18.888367,125.041092
39458.372470,155.068848,18.819672,124.928696
39458.413772,154.833710,18.877426,124.923782
39458.455077,154.965897,18.727173,124.602432
39458.496382,155.083084,18.636765,124.630280
39458.537687,155.072968,18.839233,124.885742
39458.578994,155.176117,18.687149,124.818069
39458.620302,154.768219,18.944366,124.801208
39458.661610,154.976730,18.725311,125.011917
39458.702924,154.892975,18.803162,124.775314
39458.744223,154.743225,18.877884,125.248505
39458.785528,154.948730,18.793121,124.686050
39458.826832,154.938156,18.805176,124.923050
39458.868140,154.815643,18.975403,124.827744
39458.909451,154.854584,18.756927,124.687775
39458.950749,154.839249,18.670380,124.715988
39458.992055,154.786331,18.930954,124.945389
39459.033361,154.921570,18.694183,124.627838
39459.074666,155.103165,18.874359,124.816452
39459.115973,154.939941,18.899841,124.705139
39459.157280,155.178375,18.583878,124.635895
39459.198592,155.027481,18.673065,124.581024
39459.239898,154.951721,18.951782,124.793411
39459.281197,154.953629,18.726089,124.681580
39459.322503,154.840683,18.669296,124.361740
39459.363815,154.896225,18.858215,124.711182
39459.405115,155.001770,18.679749,124.679993
39459.446421,154.937561,18.980347,124.780365
39459.487726,155.020279,18.625488,124.826569
39459.529030,154.907761,18.753372,124.694901
39459.570333,155.045395,18.618210,124.940414
39459.611644,154.987808,18.704849,124.757660
39459.652943,154.983856,18.755173,124.442429
39459.694248,155.062057,18.450211,124.820099
39459.735553,155.252380,18.403244,124.858948
39459.776858,154.989349,18.480728,124.795197
39459.818164,154.835159,18.608597,124.813232
39459.859468,154.981522,18.474274,124.915070
39459.900775,155.203369,18.589081,124.669724
39459.942081,155.066589,18.499741,125.197662
39459.983388,155.199799,18.413162,124.983658
39460.024695,155.062653,18.635559,125.131042
39460.065999,154.880615,18.899094,125.052948
39460.107302,155.304840,18.678635,124.909103
39460.148607,155.075272,18.792130,124.884476
39460.189922,154.931458,18.731720,125.123810
39460.231222,154.929657,18.773453,124.802765
39460.272528,155.017426,18.692932,124.482132
39460.313839,154.779099,18.886124,124.734970
39460.355138,154.691116,18.707336,124.865234
39460.396451,154.916534,18.756500,125.222046
39460.437746,154.782654,18.653442,124.972305
39460.479052,154.828964,18.533737,125.015915
39460.520357,154.955994,18.601273,124.790863
39460.561662,155.047150,18.680847,124.800171
39460.602968,154.931274,18.512939,124.984848
39460.644275,154.852554,18.349121,124.964493
39460.685583,155.016449,18.387527,124.462357
39460.726888,155.044769,18.523514,124.608322
39460.768197,154.957703,18.555099,124.747971
39460.809502,154.782974,18.428116,124.657501
39460.850810,155.091476,18.348541,124.684830
39460.892115,154.875671,18.560028,124.210205
39460.933421,154.891541,18.597931,124.192993
39460.974727,155.048645,18.558243,124.485733
39461.016031,154.754623,18.597610,124.743210
39461.057335,154.834351,18.730896,124.996216
39461.098643,154.940811,18.508759,124.550064
39461.139955,154.935760,18.703140,124.689957
39461.181257,154.903595,18.500443,124.440689
39461.222562,154.658386,18.595123,124.528641
39461.263866,154.816956,18.622757,124.657211
39461.305171,154.753937,18.679291,124.518509
39461.346478,155.012054,18.650818,124.510834
39461.387785,154.788986,18.586746,124.274582
39461.429092,154.792252,18.648682,124.639526
39461.470398,154.856918,18.674759,124.439163
39461.511705,154.489792,18.852524,124.515579
39461.553012,154.781891,18.480759,124.365479
39461.594321,154.897064,18.569382,124.525238
39461.635628,154.947464,18.651596,124.831238
39461.676932,154.919250,18.524307,124.764359
39461.718238,154.766098,18.539093,124.753983
39461.759544,154.850555,18.665955,124.582779
39461.800850,154.842010,18.610977,124.678665
39461.842154,154.729614,18.719864,124.549500
39461.883461,154.878799,18.577698,124.695862
39461.924768,154.776779,18.838226,124.412811
39461.966073,154.859344,18.756897,124.483871
39462.007378,154.816025,18.859863,124.705643
39462.048684,154.543106,19.044632,124.893982
39462.089989,154.594742,18.986496,124.782303
39462.131297,154.657425,19.156509,124.848770
39462.172603,154.659210,19.004913,124.426743
39462.213917,154.750549,18.884857,124.700867
39462.255222,154.741928,18.886734,124.543869
39462.296527,155.024979,18.953720,124.703232
39462.337826,154.859390,18.678772,124.622269
39462.379131,154.819504,18.700378,124.781479
39462.420439,154.867615,18.571564,124.800247
39462.461744,154.848831,18.495026,124.650497
39462.503050,154.819046,18.578354,124.657501
39462.544355,154.950485,18.764664,124.613403
39462.585660,155.048233,18.750732,124.569519
39462.626964,154.861084,18.652878,124.462494
39462.668270,154.833939,18.808701,124.603943
39462.709581,155.011215,18.760071,124.488007
39462.750885,154.917084,18.568115,124.297195
39462.792190,154.906937,18.853287,124.410477
39462.833495,154.970154,18.516479,124.672638
39462.874799,155.013153,18.641388,124.612259
39462.916105,154.895203,18.600540,124.663269
39462.957411,155.032089,18.674240,124.765182
39462.998721,155.041931,18.582977,124.734955
39463.040017,154.870377,18.633942,124.775818
39463.081322,155.077667,18.686310,125.193420
39463.122628,154.937714,18.733246,124.554108
39463.163939,154.902695,18.706497,125.186218
39463.205236,154.932861,18.754974,124.602722
39463.246540,155.246323,18.587357,124.697052
39463.287845,154.985031,18.489609,124.774399
39463.329152,154.968338,18.736710,124.985901
39463.370459,154.855850,18.482452,124.794418
39463.411765,154.887253,18.704971,124.706360
39463.453072,154.989761,18.541565,124.735062
39463.494380,154.938110,18.371582,124.619049
39463.535690,154.838364,18.679321,124.792282
39463.576997,154.786392,18.735535,124.921860
39463.618304,154.656403,18.825302,124.709152
39463.659611,154.556717,18.719589,124.633270
39463.700921,154.907135,18.550323,125.088104
39463.742227,154.912384,18.668579,124.989075
39463.783542,154.839325,18.593887,124.992050
39463.824840,154.934525,18.793472,124.762787
39463.866144,154.794037,19.222855,125.008560
39463.907446,154.888184,18.886505,124.660721
39463.948755,154.938766,18.873291,125.114670
39463.990052,154.866409,18.839142,124.828812
39464.031355,154.918030,18.824341,124.672943
39464.072666,154.679352,18.739883,124.612885
39464.113961,154.812958,18.732101,124.625519
39464.155264,154.876205,18.755142,124.540756
39464.196571,154.694809,18.862579,124.348236
39464.237877,154.780701,18.775574,124.539719
39464.279184,154.840164,18.785278,124.776550
39464.320481,154.789139,18.732407,124.745056
39464.361792,154.695053,18.690384,124.810608
39464.403097,154.792999,18.902756,124.731110
39464.444400,154.904236,19.007736,124.772995
39464.485705,155.090088,18.964432,124.918915
39464.527002,154.805283,18.969269,124.839783
39464.568313,154.822922,18.734970,124.929214
39464.609611,154.789444,18.820969,124.552307
39464.650915,154.761383,18.836426,124.580551
39464.692217,154.649872,19.077972,124.793442
39464.733526,154.791977,18.854446,124.652802
39464.774823,154.527618,18.959671,124.760956
39464.816132,154.596039,18.832199,124.562973
39464.857428,155.091278,18.494324,124.565033
39464.898730,154.743378,18.840668,124.658173
39464.940037,154.454941,18.808411,124.906799
39464.981332,154.778320,18.793915,124.768082
39465.022640,155.023727,18.652039,124.623260
39465.063937,154.860367,18.851913,124.495667
39465.105239,154.854004,18.496857,124.754318
39465.146548,155.038116,18.457367,124.714249
39465.187843,155.112701,18.410843,124.591705
39465.229145,155.047318,18.730743,124.730087
39465.270456,155.048004,18.550461,124.471130
39465.311754,154.840225,18.642609,124.926910
39465.353068,154.900742,18.524490,124.768921
39465.394367,154.848816,18.618607,124.914688
39465.435673,155.111420,18.666809,124.970032
39465.476979,155.029099,18.624954,124.684753
39465.518283,154.883926,18.610199,124.826981
39465.559588,154.608612,18.706833,124.591034
39465.600900,154.770584,18.699875,124.874527
39465.642198,154.700729,18.692963,124.582870
39465.683501,155.103668,18.768173,124.869553
39465.724809,155.005035,18.730270,124.769547
39465.766111,154.966705,18.964493,124.765640
39465.807414,155.006058,18.782120,124.661255
39465.848712,155.049698,18.902924,124.573273
39465.890020,155.085983,18.661453,124.704666
39465.931324,154.892700,18.723053,124.555069
39465.972628,154.663681,18.804337,124.680695
39466.013936,155.023361,18.687775,124.794937
39466.055240,154.781326,18.912003,124.793518
39466.096534,154.779419,19.159973,124.642578
39466.137836,154.876099,18.610001,124.646942
39466.179138,155.056091,18.481537,124.915298
39466.220448,154.836273,18.665588,124.851273
39466.261746,154.843872,18.630951,124.750519
39466.303055,154.786713,18.942169,124.894272
39466.344360,155.051285,18.988480,124.778870
39466.385663,154.970581,18.832153,124.767319
39466.426960,154.699615,18.850861,125.053558
39466.468271,154.778305,18.920258,124.575287
39466.509569,154.807907,18.822830,124.657578
39466.550873,154.856064,18.638260,124.663086
39466.592176,154.887634,18.656036,124.572525
39466.633482,154.766632,18.872787,124.933182
39466.674785,154.781723,18.727982,124.780563
39466.716090,154.904633,18.826141,124.776062
39466.757397,154.640289,18.812637,124.690796
39466.798708,154.672440,18.851395,124.780136
39466.840010,154.907806,19.027359,124.716614
39466.881318,154.860947,19.058014,125.315903
39466.922625,154.706894,18.967636,125.056137
39466.963937,154.659393,18.981308,124.677429
39467.005237,154.717636,18.902328,124.851746
39467.046549,154.619705,19.008118,124.706512
39467.087849,154.771439,18.838150,124.894608
39467.129156,154.888428,18.872925,124.814255
39467.170469,154.809753,18.735413,124.603180
39467.211769,154.855835,18.586548,124.565308
39467.253075,155.005798,18.627014,124.581436
39467.294381,154.792603,18.742157,124.935944
39467.335686,154.891205,18.694641,124.535141
39467.376997,154.794250,18.913223,124.777496
39467.418294,154.872955,18.823761,124.881638
39467.459599,154.947281,18.795929,124.583038
39467.500904,154.935074,18.858307,124.824966
39467.542210,155.067245,18.903595,124.696091
39467.583517,154.848969,18.817657,124.738220
39467.624824,154.795532,18.965210,125.079391
39467.666130,154.893585,18.775284,124.766983
39467.707433,155.187195,18.767746,124.748566
39467.748739,154.850647,18.632690,124.769287
39467.790050,155.059402,18.551285,124.545105
39467.831355,154.753723,18.462265,124.983459
39467.872654,155.084503,18.634079,124.800537
39467.913957,154.973389,18.707611,124.737167
39467.955262,154.930618,18.712280,124.785324
39467.996568,154.955933,18.660568,124.500351
39468.037874,154.903900,18.677917,124.804825
39468.079180,154.757553,18.833878,125.003265
39468.120491,154.972061,18.725616,124.775925
39468.161798,155.011185,18.652145,124.739334
39468.203104,155.011475,18.738251,125.020615
39468.244412,154.918274,18.944885,124.803360
39468.285723,155.049942,18.748413,124.915634
39468.327026,154.882462,18.648895,124.919998
39468.368332,154.854874,18.597595,125.150467
39468.409638,154.892212,18.576569,124.831451
39468.450943,154.906387,18.353790,125.152847
39468.492250,154.927505,18.530502,125.088760
39468.533557,154.910828,18.606064,125.095154
39468.574863,154.790787,18.542786,125.035965
39468.616169,155.080276,18.550659,125.002365
39468.657474,154.840317,18.558548,124.826614
39468.698779,155.025101,18.418671,124.815674
39468.740085,154.932739,18.620544,124.847015
39468.781396,154.990631,18.602341,124.730469
39468.822696,155.082687,18.467087,124.745163
39468.864001,154.938126,18.885056,124.833145
39468.905308,155.017929,18.869110,124.736969
39468.946612,155.224030,18.699493,124.791962
39468.987916,155.111694,18.778351,124.734467
39469.029220,155.006409,18.520096,124.729691
39469.070530,155.005692,18.642258,124.804626
39469.111832,154.919571,18.680969,124.505020
39469.153134,155.030914,18.434189,124.865921
39469.194431,155.102280,18.542694,124.904465
39469.235734,155.097656,18.496689,124.893814
39469.277043,155.062958,18.480423,124.830002
39469.318341,155.031601,18.564484,124.868225
39469.359644,155.063599,18.527359,124.918945
39469.400949,155.082565,18.731308,124.810257
39469.442254,155.088928,18.639374,124.822037
39469.483558,155.078461,18.744324,124.961929
39469.524864,154.865952,18.635239,125.107147
39469.566177,155.076126,18.665649,124.977966
39469.607484,154.901367,18.363113,125.130356
39469.648785,154.995132,18.659409,124.869064
39469.690092,155.008362,18.433990,124.932373
39469.731399,155.129379,18.548508,124.735245
39469.772705,155.088013,18.381241,124.702835
39469.814013,155.030701,18.409210,124.859909
39469.855321,155.033585,18.468903,124.987015
39469.896628,154.941025,18.381088,124.614456
39469.937936,154.990128,18.374527,124.989029
39469.979243,154.950180,18.603409,125.219482
39470.020548,154.931061,18.932053,124.821854
39470.061853,154.874100,18.896881,125.013855
39470.103159,154.882324,18.790054,125.077820
39470.144471,154.970718,18.822784,125.110611
39470.185769,154.907516,18.771118,124.945633
39470.227073,155.091553,18.958878,124.656677
39470.268385,154.989929,18.811218,124.789413
39470.309687,155.160995,18.815262,124.706406
39470.350985,155.072601,18.953476,124.932358
39470.392290,155.053833,18.676666,124.809998
39470.433593,155.202454,18.636932,124.820038
39470.474898,154.913956,18.685547,124.962082
39470.516207,155.002228,18.649139,125.187943
39470.557514,155.173218,18.569092,124.991562
39470.598821,155.152908,18.685089,124.841965
39470.640126,154.889175,18.731918,124.803787
39470.681434,154.865692,18.631348,124.514816
39470.722741,155.125153,18.736710,124.811234
39470.764049,155.075836,18.689438,124.690445
39470.805356,155.226959,18.542099,124.738037
39470.846667,155.036926,18.625916,124.702560
39470.887963,154.988953,18.575790,124.830963
39470.929275,155.201019,18.622314,124.900314
39470.970577,155.034134,18.565292,124.884567
39471.011880,154.974731,18.693268,124.817871
39471.053179,155.141312,18.686356,124.846832
39471.094487,155.027039,18.755646,124.931946
39471.135794,155.020172,18.717667,124.894165
39471.177103,154.933243,18.763336,125.019135
39471.218409,154.852203,18.849976,125.116089
39471.259717,154.898300,18.657181,124.826370
39471.301023,154.889572,18.472900,125.081482
39471.342327,155.107635,18.422775,124.905838
39471.383633,155.206696,18.383270,124.846298
39471.424939,155.257706,18.463715,124.922409
39471.466246,155.057739,18.517181,125.246262
39471.507553,155.202103,18.475357,124.995712
39471.548861,155.138962,18.405731,124.811798
39471.590167,155.001373,18.303757,125.219345
39471.631472,155.128555,18.288177,125.158997
39471.672777,155.188126,18.269623,125.070847
39471.714081,155.286118,18.267990,125.059357
39471.755387,155.296432,18.302338,124.990921
39471.796691,155.167053,18.288208,125.083649
39471.837994,155.224472,18.442642,125.029053
39471.879298,155.140976,18.590103,125.068665
39471.920608,155.269089,18.553604,124.944183
39471.961906,155.316971,18.497849,124.476044
39472.003210,155.182617,18.601746,125.063110
39472.044514,155.099823,18.725418,124.809448
39472.085817,155.123947,18.854279,124.675552
39472.127127,155.314850,18.440002,125.005936
39472.168424,155.287811,18.315720,124.843201
39472.209727,155.206360,18.385132,124.675201
39472.251032,155.060791,18.427490,124.923569
39472.292342,155.210281,18.415924,124.881104
39472.333641,154.977585,18.709091,124.909134
39472.374946,154.948929,18.598801,124.575668
39472.416257,154.720596,18.532806,124.818726
39472.457557,154.910645,18.573349,124.761734
39472.498863,155.104843,18.502472,124.780655
39472.540166,155.148514,18.590744,124.889465
39472.581471,154.868774,18.613678,125.112137
39472.622777,154.964447,18.516434,125.114105
39472.664082,154.834518,18.723282,124.809937
39472.705387,154.824875,18.695724,124.871658
39472.746698,155.001541,18.737167,125.220306
39472.787997,154.958755,18.519669,125.328720
39472.829301,154.970734,18.484818,124.752808
39472.870608,155.044312,18.734818,124.966568
39472.911912,154.858673,18.577560,125.004486
39472.953218,154.887222,18.616196,125.149185
39472.994529,154.913147,18.591522,125.244415
39473.035826,154.863785,18.557785,125.154800
39473.077135,154.909729,18.643219,125.117294
39473.118434,154.884354,18.779739,124.902023
39473.159739,154.962280,18.679138,125.014633
39473.201045,154.919907,18.619217,125.298798
39473.242351,154.907425,18.633102,124.812805
39473.283664,155.034317,18.714630,124.952576
39473.324965,154.854141,18.600037,124.667740
39473.366272,155.087570,18.535080,124.968948
39473.407577,155.000687,18.725937,125.008850
39473.448885,155.040085,18.453262,124.964752
39473.490189,154.946167,18.551056,124.896973
39473.531494,155.033356,18.503952,124.928757
39473.572802,154.926910,18.619797,125.033005
39473.614109,154.760452,18.557343,125.075607
39473.655416,155.034775,18.498169,125.188629
39473.696721,155.107712,18.644302,125.037720
39473.738026,155.112411,18.670792,124.901474
39473.779330,155.240738,18.664597,124.628311
39473.820633,155.225754,18.428101,125.012497
39473.861939,155.056747,18.624191,124.953949
39473.903244,155.003647,18.746933,125.025497
39473.944548,155.006363,18.814713,124.893982
39473.985853,155.029633,18.532211,125.054276
39474.027159,155.161346,18.516068,125.021561
39474.068462,155.023270,18.377106,125.183304
39474.109765,154.987442,18.398956,124.889359
39474.151066,154.881073,18.414169,125.171829
39474.192373,155.053024,18.502975,125.100204
39474.233668,155.112320,18.466599,125.356506
39474.274978,154.992981,18.571304,125.108582
39474.316276,155.003067,18.593597,124.906631
39474.357583,155.063248,18.521896,125.172501
39474.398891,155.246262,18.413681,124.921036
39474.440198,155.019089,18.521240,125.362503
39474.481502,155.134125,18.615891,124.999084
39474.522804,155.344330,18.429489,125.086731
39474.564113,155.106781,18.634583,124.944458
39474.605411,154.993347,18.352097,124.902557
39474.646714,155.006226,18.618423,125.057724
39474.688016,155.050430,18.555267,124.952316
39474.729319,155.071609,18.525269,125.105484
39474.770619,155.083649,18.503174,124.964294
39474.811920,155.201477,18.549149,124.884644
39474.853224,155.023376,18.490265,125.186050
39474.894533,154.846039,18.807983,125.087418
39474.935827,154.934830,18.624268,124.827988
39474.977132,154.995300,18.582855,125.093933
39475.018440,155.090851,18.820633,125.088211
39475.059751,155.271973,18.624527,125.190994
39475.101051,155.313660,18.626404,125.064346
39475.142356,155.159683,18.498306,124.919250
39475.183661,155.301239,18.497467,124.721786
39475.224969,154.953735,18.587463,124.886887
39475.266274,155.151688,18.619278,124.763123
39475.307580,155.032501,18.650085,124.791855
39475.348888,154.888474,18.571716,124.863373
39475.390194,154.861542,18.679382,124.894058
39475.431506,154.992508,18.741669,124.771240
39475.472804,154.836899,18.832047,124.757767
39475.514113,155.020020,18.657822,124.839066
39475.555427,155.177399,18.618576,124.925293
39475.596724,154.863098,19.050018,124.873245
39475.638030,155.042648,18.703690,124.739716
39475.679334,154.856430,18.696472,124.702881
39475.720639,154.947678,18.751617,124.714935
39475.761946,155.179199,18.927231,124.674088
39475.803250,154.973419,18.705505,124.657944
39475.844554,155.048828,18.466537,124.428864
39475.885859,155.243073,18.277863,124.776688
39475.927163,155.194321,18.208557,124.424698
39475.968465,155.035492,18.493027,124.449249
39476.009773,154.858032,18.580338,124.342621
39476.051068,155.102707,18.498749,124.370911
39476.092371,155.009689,18.512634,125.042007
39476.133674,155.211624,18.473343,124.943298
39476.174977,155.197250,18.384521,124.787247
39476.216282,155.102829,18.504028,124.689651
39476.257586,155.054535,18.550156,124.658966
39476.298891,154.981842,18.580612,124.971588
39476.340195,155.202286,18.357651,124.833435
39476.381498,154.984833,18.462265,124.861221
39476.422802,154.978104,18.496536,124.929794
39476.464106,155.018997,18.625656,124.773010
39476.505409,154.757294,18.293594,124.661072
39476.546712,155.030167,18.432953,124.816620
39476.588015,154.990570,18.553741,124.971542
39476.629319,154.926865,18.592651,124.767807
39476.670625,155.312180,18.195969,124.975952
39476.711928,155.069336,18.505417,124.818069
39476.753229,155.090652,18.501450,125.045807
39476.794537,154.981796,18.586273,124.780426
39476.835832,155.319595,18.507584,124.926239
39476.877136,155.080826,18.526871,124.714096
39476.918440,155.055511,18.670090,124.800888
39476.959743,155.045349,18.770538,124.912247
39477.001048,155.218338,18.562057,124.678513
39477.042354,155.313004,18.439758,124.667542
39477.083667,155.012375,18.678741,124.676010
39477.124966,155.034882,18.708115,124.931335
39477.166268,155.128830,18.357910,124.855408
39477.207577,155.158203,18.689133,124.869522
39477.248873,155.346405,18.520920,124.859222
39477.290176,155.291870,18.531067,125.000885
39477.331480,155.134171,18.594589,125.045074
39477.372786,155.197159,18.556335,125.076645
39477.414092,155.163467,18.553101,124.837097
39477.455399,155.240829,18.569656,124.831848
39477.496703,155.070862,18.642410,125.098999
39477.538011,155.165329,18.482361,124.797440
39477.579318,155.036743,18.643768,124.843246
39477.620625,155.212433,18.506485,124.770828
39477.661933,154.997650,18.682663,124.399551
39477.703241,155.121185,18.664200,124.751740
39477.744549,154.850677,18.652725,124.672318
39477.785856,154.912521,18.648453,124.358856
39477.827161,154.987091,18.569016,125.077591
39477.868468,155.027298,18.623962,124.936600
39477.909774,154.923172,18.882675,124.692612
39477.951080,155.123581,18.536652,124.770187
39477.992383,154.886780,18.767776,125.091949
39478.033687,155.204483,18.529343,124.740280
39478.074995,155.000656,18.944031,124.976868
39478.116300,155.037766,18.672333,124.794724
39478.157605,155.038025,18.670776,124.879181
39478.198911,155.062851,18.771271,124.906662
39478.240214,155.039658,18.816788,124.654419
39478.281518,154.868408,18.876907,124.853760
39478.322823,154.843033,18.847580,124.880875
39478.364130,155.052811,18.708771,124.883728
39478.405435,154.608032,18.763092,125.079788
39478.446741,154.928970,18.825058,124.867661
39478.488048,155.080948,18.724747,124.702332
39478.529354,154.735168,19.015305,124.848984
39478.570662,154.688614,18.871964,124.872620
39478.611969,154.629974,19.094284,124.722824
39478.653276,154.833664,19.011902,124.776535
39478.694586,154.862244,19.026443,124.766083
39478.735893,154.897034,18.834183,124.947815
39478.777199,154.791321,18.832321,124.703720
39478.818506,154.710068,18.881241,125.218002
39478.859812,154.883163,19.031906,124.972519
39478.901119,154.957886,18.903580,124.557617
39478.942428,155.019531,18.717377,124.722870
39478.983735,155.121719,18.783066,124.940735
39479.025041,154.942322,18.839081,124.865723
39479.066351,155.053925,18.833023,124.910706
39479.107657,155.051163,18.718002,124.783463
39479.148961,155.111465,18.891022,124.858124
39479.190265,155.154068,18.662582,124.683228
39479.231570,155.003784,18.850586,124.780869
39479.272876,155.046280,18.787628,124.826797
39479.314183,155.058548,18.978867,124.536224
39479.355489,155.048569,18.745575,124.600815
39479.396795,154.938751,18.961945,124.759247
39479.438102,155.009750,18.687897,124.933670
39479.479408,154.851379,18.789886,124.918488
39479.520715,155.122040,18.644867,124.829697
39479.562022,155.075333,18.668091,124.796844
39479.603329,155.040466,18.873520,124.738892
39479.644635,155.243851,18.532074,124.381241
39479.685942,155.218231,18.680145,124.438843
39479.727249,155.156143,18.582199,124.692978
39479.768558,154.949860,18.707642,124.737930
39479.809865,155.347000,18.611206,124.790710
39479.851171,155.037003,18.721252,124.496475
39479.892480,155.059357,18.750488,124.655487
39479.933788,155.341721,18.586227,124.759338
39479.975097,155.258240,18.627777,124.668427
39480.016406,155.002518,18.658310,124.576553
39480.057714,155.057175,18.786163,124.626511
39480.099024,155.123642,18.848999,124.514267
39480.140331,155.188141,18.924744,124.939575
39480.181636,154.973160,18.893661,124.590683
39480.222943,155.194092,18.635681,124.587036
39480.264250,154.976059,18.991776,124.688339
39480.305556,154.743546,18.939438,124.571960
39480.346864,154.777481,18.960083,124.398346
39480.388171,154.889572,18.900146,124.711166
39480.429481,154.822433,18.981110,124.544678
39480.470790,154.832169,18.753189,124.517502
39480.512097,154.912155,18.710938,124.308258
39480.553402,154.901215,18.889984,124.565460
39480.594707,155.160629,18.786423,124.747360
39480.636013,155.002243,18.781509,124.514191
39480.677319,155.072556,19.013092,124.534698
39480.718626,154.943008,18.958084,124.632141
39480.759932,154.850098,18.931351,124.460663
39480.801238,155.049423,18.800964,124.680344
39480.842545,154.922379,18.790741,124.429413
39480.883851,154.987427,18.692352,124.613449
39480.925159,154.982666,18.930328,124.575867
39480.966468,154.799820,18.820892,124.719574
39481.007775,155.104996,18.748032,124.723587
39481.049081,154.883774,18.634430,124.740936
39481.090390,155.034485,18.753632,125.119232
39481.131697,155.029266,18.776413,125.092453
39481.173003,154.700867,19.143097,124.760620
39481.214312,154.906891,18.959625,124.780426
39481.255617,154.908859,18.860443,124.915710
39481.296921,154.920990,18.946503,124.845840
39481.338227,155.106369,18.761337,125.033264
39481.379534,155.150665,18.664612,124.901031
39481.420843,154.878799,18.877197,124.984055
39481.462156,154.843536,18.924072,124.885956
39481.503453,155.107864,18.676956,124.975601
39481.544760,155.003250,18.764694,125.014633
39481.586068,155.276230,18.681610,124.804276
39481.627375,154.767578,18.783798,124.764191
39481.668683,154.938675,18.622223,124.833221
39481.709991,154.878387,18.741013,125.097519
39481.751300,154.970383,18.873795,124.445572
39481.792608,155.034393,18.691803,124.442200
39481.833913,155.016235,18.747925,124.695999
39481.875220,154.948074,18.610641,124.785278
39481.916529,155.206024,18.451599,124.749039
39481.957835,155.195694,18.584076,124.544800
39481.999141,155.345612,18.517471,124.885498
39482.040449,155.276215,18.307205,124.581161
39482.081755,155.061615,18.471680,124.637161
39482.123060,155.053497,18.497757,124.723083
39482.164365,155.186279,18.595581,124.621002
39482.205670,155.288254,18.513947,124.317902
39482.246975,155.080536,18.608414,125.095413
39482.288280,155.245392,18.375137,124.453293
39482.329588,155.118958,18.402542,124.732376
39482.370894,155.273071,18.556168,124.702011
39482.412198,155.275421,18.441284,124.455170
39482.453502,155.152710,18.216843,124.546204
39482.494806,155.104919,18.445282,124.505585
39482.536115,155.118561,18.324173,124.401077
39482.577412,155.039902,18.732193,124.514359
39482.618718,154.955124,18.445862,124.520813
39482.660030,154.963547,18.575485,124.697540
39482.701329,155.083069,18.646637,124.547180
39482.742635,155.120148,18.562683,124.727051
39482.783941,155.120132,18.416718,124.945526
39482.825250,155.173615,18.483841,124.928909
39482.866557,155.115662,18.443634,125.332657
39482.907863,154.786926,18.557419,125.128693
39482.949169,154.839493,18.754120,124.839554
39482.990476,154.922974,18.824661,125.137253
39483.031782,154.805527,18.937958,124.799835
39483.073090,155.045074,18.621078,124.977722
39483.114395,154.883606,18.696472,124.735748
39483.155703,155.185730,18.608917,124.631882
39483.197011,155.164581,18.820496,124.814194
39483.238319,155.295517,18.581116,125.095367
39483.279627,155.089325,18.575836,124.771530
39483.320936,154.996170,18.595001,124.996643
39483.362243,154.803391,18.970062,124.643906
39483.403551,154.836075,18.555740,124.596481
39483.444859,154.869781,18.483841,124.850601
39483.486167,154.818832,18.651886,124.867844
39483.527476,154.938797,18.754684,124.974319
39483.568784,155.105850,18.701981,124.962173
39483.610092,154.854660,18.942932,124.745087
39483.651396,155.001816,18.748962,124.670380
39483.692700,155.039474,18.623291,124.954590
39483.734005,155.016602,18.728668,124.651398
39483.775311,155.071579,18.540131,124.757446
39483.816617,155.144043,18.394669,125.048187
39483.857922,155.085068,18.450790,124.763535
39483.899228,155.214890,18.532394,124.679504
39483.940534,155.026794,18.554489,124.868652
39483.981836,155.047089,18.500275,124.998901
39484.023142,154.993942,18.537598,124.688049
39484.064449,155.022766,18.793182,124.595886
39484.105756,154.835602,18.486099,124.804108
39484.147062,155.005890,18.762375,125.012680
39484.188370,155.029495,18.531052,124.688782
39484.229678,155.129395,18.976913,124.804245
39484.270985,154.975220,19.031158,124.753571
39484.312292,155.148376,18.875626,125.027115
39484.353601,154.984833,18.837967,124.889206
39484.394910,154.841385,19.047592,125.119858
39484.436215,154.990555,18.424606,125.343964
39484.477520,154.914291,18.742020,124.751251
39484.518826,154.945999,18.701859,125.076935
39484.560133,154.996643,18.672699,125.078522
39484.601440,155.121201,18.933365,124.865463
39484.642747,155.295151,18.711380,125.041275
39484.684052,155.008362,18.698685,124.973404
39484.725362,155.076889,18.626129,124.962021
39484.766669,155.054306,18.484116,124.815796
39484.807977,155.268890,18.701172,124.706680
39484.849283,155.074829,18.753128,124.822968
39484.890589,155.067123,18.700302,125.095230
39484.931897,154.915939,18.757278,124.758423
39484.973204,154.910995,18.522369,124.636932
39485.014511,155.014450,18.701035,124.859543
39485.055817,155.064972,18.660660,125.085510
39485.097126,154.978928,18.701935,124.635635
39485.138431,155.093552,18.652527,124.692139
39485.179736,154.999283,18.747391,124.988205
39485.221041,154.997406,18.822968,124.834061
39485.262347,155.163895,18.789551,124.696533
39485.303652,155.164658,18.639053,124.760803
39485.344957,154.915192,18.569366,124.572800
39485.386262,154.908859,18.623611,124.791901
39485.427570,155.133118,18.739365,124.567383
39485.468866,155.266556,18.679367,124.402313
39485.510171,155.265594,18.658752,124.574585
39485.551474,154.853134,18.743881,124.618256
39485.592784,155.207458,18.634308,124.869904
39485.634083,155.226959,18.670837,124.782135
39485.675388,155.244370,18.660385,124.657181
39485.716693,155.139984,18.786255,124.889893
39485.757999,155.291672,18.824844,124.703491
39485.799305,155.251434,18.735504,124.955734
39485.840610,155.299026,18.391495,124.524643
39485.881915,155.259933,18.572540,124.874435
39485.923221,155.153305,18.662933,124.880035
39485.964527,155.145828,18.780685,124.972351
39486.005833,155.181290,18.802963,125.205154
39486.047139,155.088654,18.865311,125.171112
39486.088443,155.265503,18.561844,125.204681
39486.129752,155.006760,18.833328,124.796417
39486.171048,155.077667,18.883102,124.919952
39486.212357,155.039581,18.800491,125.236069
39486.253652,155.368835,18.600708,125.151031
39486.294951,155.250397,18.689896,125.166351
39486.336255,155.064621,18.636703,125.020111
39486.377555,155.048752,18.525620,124.961990
39486.418866,155.061783,18.674301,125.002182
39486.460169,155.178528,18.459183,125.024353
39486.501468,155.025757,18.568054,125.410156
39486.542772,154.989243,18.600998,125.034760
39486.584074,155.099014,18.299515,125.162308
39486.625377,155.144180,18.373978,125.046707
39486.666686,155.107559,18.637573,124.931091
39486.707987,155.290482,18.431244,124.988846
39486.749283,155.333755,18.552673,125.150146
39486.790592,155.146225,18.593552,125.127701
39486.831888,155.126785,18.552551,125.118439
39486.873191,155.320251,18.276550,124.915695
39486.914502,155.376404,18.678635,125.063461
39486.955799,155.212387,18.689011,124.805984
39486.997101,155.230133,18.538315,124.979858
39487.038407,155.112427,18.538666,124.842728
39487.079713,155.147873,18.649750,124.889145
39487.121018,155.021698,18.697693,124.647995
39487.162322,155.087799,18.850906,124.807312
39487.203628,154.935303,18.836227,124.879120
39487.244932,155.054565,18.888779,124.897598
39487.286237,155.165237,18.929184,124.802368
39487.327541,155.036667,18.753799,125.023682
39487.368846,155.065491,18.703476,124.735199
39487.410153,155.117661,19.023132,124.845337
39487.451459,154.933777,18.745071,124.776306
39487.492766,154.987259,19.178177,124.741104
39487.534072,154.969162,18.833542,124.929337
39487.575378,154.893021,18.901825,124.980286
39487.616687,154.916321,18.850296,124.762436
39487.657995,154.880554,18.748596,124.648560
39487.699300,155.174957,18.921097,125.055740
39487.740607,155.099625,18.914307,125.015442
39487.781913,154.858932,19.033600,124.853928
39487.823221,155.045563,18.706329,124.984314
39487.864528,155.198318,18.816818,124.932297
39487.905835,154.989090,18.823257,124.896973
39487.947139,155.184189,18.770737,124.931854
39487.988443,155.193130,18.674973,124.740021
39488.029746,155.146729,18.681030,124.726242
39488.071055,155.182068,18.654510,124.758926
39488.112361,155.211044,18.758911,124.549133
39488.153666,155.142914,18.729431,124.757462
39488.194970,155.163498,18.685349,124.739609
39488.236282,155.191147,18.462463,124.664337
39488.277579,154.990326,18.456619,124.566833
39488.318885,155.239349,18.539810,124.662399
39488.360190,155.126526,18.576233,124.739639
39488.401495,155.244934,18.645584,124.842697
39488.442799,155.174011,18.610306,124.666519
39488.484104,155.093048,18.602905,125.057312
39488.525411,155.218826,18.579620,125.134689
39488.566713,155.266113,18.816696,125.014267
39488.608008,155.130859,18.509216,124.779739
39488.649312,155.054382,18.551300,124.843842
39488.690617,155.246536,18.505859,124.867630
39488.731923,155.005096,18.594467,124.394348
39488.773230,155.389648,18.549896,124.643341
39488.814537,155.084274,18.497162,124.833282
39488.855843,154.985306,18.482941,124.693054
39488.897152,155.084976,18.682816,124.898849
39488.938455,154.950378,18.730652,124.967255
39488.979759,154.945236,18.799057,124.848343
39489.021068,155.131973,18.379593,125.138412
39489.062377,155.034195,18.523972,124.861832
39489.103684,155.105927,18.435028,124.766113
39489.144990,155.159592,18.590408,124.616821
39489.186304,155.120621,18.505356,124.600220
39489.227605,155.215027,18.565826,124.434677
39489.268911,155.097488,18.583420,124.432693
39489.310218,155.425064,18.380127,124.539566
39489.351525,155.311707,18.365494,124.233231
39489.392831,155.337097,18.478027,124.808075
39489.434137,155.183716,18.389572,124.734390
39489.475443,155.112350,18.292603,124.692291
39489.516750,154.935242,18.550934,124.702652
39489.558058,155.238953,18.237839,124.995209
39489.599365,155.090637,18.509033,124.804337
39489.640671,155.178101,18.382477,124.890594
39489.681976,155.038345,18.496048,125.016907
39489.723280,155.022583,18.639053,125.093094
39489.764586,155.181320,18.307159,125.171661
39489.805891,155.249557,18.507401,124.853714
39489.847197,155.241684,18.430222,125.033539
39489.888504,155.202011,18.579758,124.970093
39489.929808,155.115997,18.538803,124.839508
39489.971120,155.191635,18.514633,124.930054
39490.012421,155.241028,18.320389,124.777634
39490.053726,155.112076,18.510406,124.593872
39490.095033,155.178268,18.196381,124.817261
39490.136339,155.307556,18.300293,124.900635
39490.177646,155.117035,18.432266,124.749619
39490.218952,155.206543,18.446533,124.783371
39490.260258,154.920700,18.517654,124.898712
39490.301566,154.868057,18.634796,124.843002
39490.342875,155.030731,18.621552,124.930038
39490.384184,154.943253,18.738281,124.741974
39490.425492,155.110153,18.518097,124.964569
39490.466800,154.979248,18.775253,124.739761
39490.508109,155.152893,18.514496,124.921829
39490.549417,155.158997,18.864975,124.893860
39490.590723,155.151749,18.698471,124.889313
39490.632028,155.253738,18.478455,124.682175
39490.673333,155.236191,18.529984,125.013290
39490.714640,155.337402,18.374405,124.529816
39490.755947,154.963837,18.521667,124.624649
39490.797253,155.106277,18.552277,124.743423
39490.838560,155.254486,18.478439,125.015976
39490.879869,155.328781,18.282608,124.949356
39490.921179,155.320633,18.310532,124.504150
39490.962485,155.270966,18.623291,124.372574
39491.003790,155.285675,18.390839,124.562866
39491.045097,155.256577,18.468506,124.747879
39491.086402,155.123245,18.356262,124.972748
39491.127706,155.319061,18.293335,124.945862
39491.169011,155.423035,18.488052,124.516693
39491.210313,155.301849,18.367310,124.360489
39491.251617,155.101059,18.438766,124.706802
39491.292922,155.292587,18.294464,124.818924
39491.334226,155.031326,18.539612,124.839935
39491.375535,155.247406,18.240158,124.875259
39491.416832,155.215057,18.605881,124.861023
39491.458136,155.251450,18.206955,124.717102
39491.499439,155.123505,18.688507,125.038727
39491.540741,155.294342,18.372253,125.111420
39491.582047,155.290985,18.478195,124.988266
39491.623352,155.350479,18.338043,124.935043
39491.664656,155.231033,18.384369,125.013519
39491.705966,155.327911,18.399872,125.091309
39491.747261,155.204102,18.549988,124.985672
39491.788565,155.188156,18.545578,124.920547
39491.829868,155.219391,18.574066,125.086914
39491.871169,155.226791,18.411774,124.993683
39491.912472,155.160522,18.441360,124.873718
39491.953773,155.062653,18.408325,124.967102
39491.995073,155.221313,18.266617,124.979523
39492.036376,155.125504,18.411133,124.869751
39492.077678,155.109421,18.493912,125.042404
39492.118979,155.116394,18.533401,124.975723
39492.160283,155.247940,18.692245,124.906830
39492.201584,155.039505,18.693695,124.989792
39492.242883,155.257355,18.528595,124.874771
39492.284187,155.114746,18.690506,124.701996
39492.325481,155.188629,18.492981,124.950760
39492.366783,155.383972,18.478928,125.098679
39492.408085,155.282028,18.407242,124.503204
39492.449393,155.322800,18.322464,124.998123
39492.490687,155.373169,18.169647,125.265747
39492.531988,155.286942,18.373413,125.099686
39492.573290,155.063339,18.467789,125.020432
39492.614593,155.364822,18.391373,124.984604
39492.655900,155.407715,18.190277,124.848999
39492.697195,155.250458,18.539124,124.959244
39492.738500,155.070953,18.234283,125.092758
39492.779807,155.262039,18.474686,125.083801
39492.821113,155.288712,18.453278,124.857651
39492.862419,155.069855,18.451935,124.994202
39492.903724,155.194443,18.558701,124.975800
39492.945028,155.279907,18.544052,124.470078
39492.986332,155.406006,18.366333,124.910156
39493.027643,155.264145,18.631317,124.771423
39493.068942,155.019913,18.734421,124.987946
39493.110248,155.003403,18.654678,125.145615
39493.151554,155.154373,18.698074,124.878494
39493.192860,154.984650,18.457611,124.893097
39493.234164,155.079498,18.521042,124.616562
39493.275466,155.003021,18.482239,125.155502
39493.316769,155.097473,18.558701,124.760300
39493.358073,155.224182,18.402313,124.811798
39493.399379,155.303055,18.374146,124.539917
39493.440682,155.387924,18.411194,124.894333
39493.481985,155.280731,18.538849,124.659225
39493.523289,155.046707,18.688904,124.913452
39493.564593,155.308624,18.526642,124.714050
39493.605897,155.189468,18.455429,124.826523
39493.647200,155.159882,18.478317,124.863708
39493.688504,155.226974,18.572556,124.767593
39493.729806,155.250565,18.627838,124.943909
39493.771108,155.259857,18.435120,124.749863
39493.812413,155.319046,18.365341,124.918427
39493.853721,155.339890,18.369781,124.685806
39493.895018,155.165649,18.536514,124.728897
39493.936324,155.192154,18.699417,124.789459
39493.977619,155.337677,18.309509,124.839844
39494.018922,155.228561,18.606567,124.834564
39494.060230,155.254440,18.791962,125.163086
39494.101525,155.180954,18.899338,124.626877
39494.142825,155.200165,18.749863,124.654846
39494.184127,155.150925,18.617004,124.706192
39494.225430,155.130951,18.691711,124.744965
39494.266734,155.203354,18.640305,124.730392
39494.308036,155.073395,18.598923,124.794067
39494.349338,155.023895,18.723907,124.491516
39494.390642,155.105331,18.624191,124.924896
39494.431946,155.009567,18.651138,124.790253
39494.473250,155.018982,18.538101,124.805771
39494.514554,155.236664,18.557404,124.951355
39494.555858,155.136200,18.397339,124.553055
39494.597164,155.030563,18.594696,124.970474
39494.638468,155.115173,18.763214,124.607941
39494.679775,155.389130,18.679062,124.880524
39494.721082,155.134979,18.685440,124.930862
39494.762389,155.290634,18.537628,125.008911
39494.803696,155.084991,18.743149,125.042450
39494.845003,155.047440,18.696014,124.823608
39494.886313,155.205978,18.628815,124.943710
39494.927620,155.092056,18.688492,124.947449
39494.968926,155.342758,18.549469,124.801956
39495.010233,155.247299,18.312927,124.942917
39495.051540,155.232803,18.484573,124.824753
39495.092846,155.119476,18.266907,124.805496
39495.134151,155.134201,18.396790,124.848984
39495.175456,155.270142,18.214066,124.460678
39495.216761,155.169159,18.344070,125.006088
39495.258067,155.191101,18.295090,125.048828
39495.299372,155.167969,18.362488,124.710617
39495.340677,155.230576,18.355347,124.823273
39495.381985,155.264709,18.376373,124.297516
39495.423293,155.269775,18.263931,124.669113
39495.464602,155.346680,18.432541,124.832443
39495.505907,155.340225,18.658951,124.688232
39495.547212,155.349060,18.487595,124.705002
39495.588518,155.431503,18.447937,124.663269
39495.629821,155.296555,18.368362,124.940628
39495.671126,155.180145,18.402679,124.692459
39495.712431,155.103516,18.546463,124.850403
39495.753738,155.036682,18.534180,125.125168
39495.795044,155.144348,18.334122,125.228165
39495.836350,155.241501,18.549820,125.149384
39495.877656,155.407913,18.550842,124.768539
39495.918961,155.241165,18.424057,124.648132
39495.960264,155.486633,18.318466,124.588730
39496.001571,155.211060,18.495056,124.863724
39496.042879,155.194595,18.704483,124.816269
39496.084184,155.125137,18.709076,124.762039
39496.125488,155.213379,18.564133,124.512314
39496.166791,155.224304,18.604187,124.708405
39496.208097,155.281296,18.497940,124.557770
39496.249402,155.259979,18.429337,124.854431
39496.290707,155.154175,18.723755,124.753403
39496.332013,155.278122,18.562592,124.357101
39496.373321,155.270004,18.453064,124.776306
39496.414627,155.128601,18.425690,124.963379
39496.455932,155.187973,18.218933,124.848618
39496.497239,155.353622,18.256668,125.147873
39496.538546,155.411514,18.421860,124.899857
39496.579854,155.226120,18.393005,125.103851
39496.621163,155.188049,18.595474,125.023819
39496.662472,155.133682,18.547195,124.926453
39496.703781,155.225616,18.501434,125.016174
39496.745089,155.243851,18.423187,124.940018
39496.786396,155.494400,18.488419,125.020798
39496.827702,155.209122,18.508728,125.322571
39496.869006,154.983734,18.606247,124.834793
39496.910312,155.041153,18.555450,125.158035
39496.951621,155.161743,18.815262,125.077820
39496.992927,155.079590,18.663773,124.951263
39497.034234,155.113754,18.665726,125.062668
39497.075540,155.277206,18.480621,125.221741
39497.116845,155.136475,18.624329,125.033264
39497.158150,155.266022,18.643326,125.112564
39497.199455,155.223663,18.542831,125.478088
39497.240762,155.059387,18.632904,125.194107
39497.282070,155.036896,18.694443,125.283875
39497.323379,155.207520,18.641373,125.120834
39497.364685,155.062683,18.719696,125.051102
39497.405990,155.179779,18.756821,125.034149
39497.447298,155.033218,18.575241,124.694519
39497.488607,154.832413,18.673477,125.068848
39497.529915,154.991486,18.532608,125.126694
39497.571223,155.033218,18.784653,125.131195
39497.612529,154.971771,18.895401,125.069458
39497.653836,155.076309,18.647720,125.035294
39497.695141,155.219910,18.472290,125.526794
39497.736450,155.133469,18.706451,125.321747
39497.777756,155.118866,18.693665,125.186417
39497.819063,155.112198,19.100098,125.024933
39497.860371,155.181671,18.777039,125.389420
39497.901679,155.117844,18.836624,125.289642
39497.942987,155.345520,18.840668,125.136566
39497.984292,155.420822,18.651840,125.401718
39498.025599,155.364105,18.779144,125.199081
39498.066907,155.347198,18.549103,125.115295
39498.108214,155.298935,18.709137,125.032455
39498.149519,155.251984,18.773880,125.041611
39498.190824,155.467560,18.842957,124.988663
39498.232131,155.303680,18.902710,124.741638
39498.273443,155.274414,18.758469,125.140198
39498.314748,155.207855,18.570938,124.830948
39498.356055,155.150360,18.770721,124.870270
39498.397359,155.219498,18.602097,124.959625
39498.438665,155.247253,18.913345,124.984344
39498.479969,155.145264,18.647919,125.208725
39498.521275,155.112503,18.660950,125.132355
39498.562580,155.097977,18.665924,125.294312
39498.603884,155.176865,18.832520,125.242828
39498.645189,155.193253,18.647583,124.796158
39498.686497,155.237015,18.598343,125.041748
39498.727802,155.044327,18.459488,125.083542
39498.769110,154.983826,18.514114,125.027191
39498.810420,155.102890,18.622635,124.990372
39498.851727,155.026550,18.783829,125.148056
39498.893033,155.148880,18.352615,125.402344
39498.934340,154.979782,18.548630,124.979446
39498.975647,155.257370,18.519348,124.722580
39499.016956,155.174377,18.805206,125.122650
39499.058266,155.563126,18.520752,124.575348
39499.099573,155.110260,18.615906,124.747162
