39580.512305,154.985794,18.927032,124.994354
39580.553611,154.960007,18.964355,125.009933
39580.594921,154.892670,18.591064,124.804276
39580.636219,154.861847,18.779617,124.882660
39580.677522,154.759537,18.513977,124.903534
39580.718825,154.956390,18.622726,125.176865
39580.760130,154.874313,18.704254,124.806824
39580.801435,154.834137,18.639664,125.282166
39580.842745,154.879318,18.586807,124.988907
39580.884041,154.825821,18.950256,125.015854
39580.925344,154.934494,18.702652,124.755142
39580.966649,154.588364,18.835083,124.893524
39581.007953,154.785660,18.830231,125.057663
39581.049255,154.779800,18.951019,124.972443
39581.090559,154.922745,19.021240,124.819794
39581.131861,154.763702,18.808258,124.706741
39581.173171,154.813629,18.798218,124.810410
39581.214467,154.668091,18.793900,125.243774
39581.255769,154.789734,18.719193,124.885651
39581.297076,154.605240,18.683945,125.065109
39581.338380,154.587891,18.865631,124.947754
39581.379677,154.463806,18.691315,125.125717
39581.420979,154.176117,18.939133,125.124756
39581.462285,154.493408,18.846237,125.175308
39581.503594,154.412109,18.987732,124.833755
39581.544894,154.535782,18.865738,125.122360
39581.586200,154.731857,19.028824,124.953705
39581.627509,154.642227,18.761200,125.354233
39581.668810,154.736359,18.615250,124.935608
39581.710110,154.704849,18.851196,124.847305
39581.751415,154.630615,18.806412,125.082474
39581.792720,154.671417,18.549484,125.071930
39581.834021,154.800018,18.719925,124.565704
39581.875325,154.623871,18.835526,124.676376
39581.916636,155.045059,18.651993,124.937363
39581.957934,155.004761,18.441071,124.988068
39581.999235,154.865311,18.619308,124.911377
39582.040537,155.008316,18.683701,125.048981
39582.081845,155.137619,18.670242,124.649170
39582.123143,154.867889,18.739838,124.844742
39582.164442,155.134766,18.673981,124.672272
39582.205738,154.949249,18.709412,124.672897
39582.247043,155.040573,18.644974,124.825745
39582.288349,154.826691,18.815918,124.895264
39582.329654,154.920578,18.622574,124.801743
39582.370960,154.866760,18.847595,124.914902
39582.412266,154.782608,18.951935,124.780090
39582.453573,154.710571,18.855453,124.827698
39582.494883,154.811142,18.635452,124.858246
39582.536178,154.784500,18.795563,124.521362
39582.577482,154.949646,18.623764,124.805176
39582.618794,155.037476,18.671341,124.606415
39582.660090,154.964096,18.593475,124.740631
39582.701402,154.879440,18.620575,124.852234
39582.742698,154.821625,18.644913,124.776230
39582.784001,154.968201,18.581100,124.581696
39582.825304,155.178665,18.712509,125.084625
39582.866605,155.116928,18.480545,124.871399
39582.907912,154.804581,18.754395,124.933868
39582.949213,154.998795,18.648712,124.657150
39582.990507,154.899887,18.999481,125.079514
39583.031810,155.164566,18.728378,124.992813
39583.073111,154.961319,18.513824,124.688126
39583.114417,154.702301,18.709137,125.202194
39583.155714,155.089264,18.761429,125.124725
39583.197018,154.979385,18.900803,124.670242
39583.238319,155.146210,18.586243,124.972855
39583.279622,154.860596,18.834122,124.877426
39583.320930,154.931870,18.611862,124.934128
39583.362225,155.036346,18.753540,124.895050
39583.403534,155.023727,18.665192,124.754303
39583.444836,155.217194,18.643356,124.796371
39583.486131,154.972610,18.910767,124.700867
39583.527435,155.275116,18.643036,124.591431
39583.568740,155.268768,18.503662,124.747314
39583.610045,155.169159,18.688431,124.517761
39583.651349,155.192047,18.679855,124.815384
39583.692661,155.018906,18.525223,124.879303
39583.733959,155.107056,18.374756,124.721939
39583.775265,155.018738,18.464279,124.864624
39583.816569,155.188354,18.315262,124.686783
39583.857872,155.100723,18.321838,124.584167
39583.899176,155.022675,18.542130,124.917664
39583.940483,155.017441,18.743225,124.784058
39583.981794,154.996353,18.428040,124.755402
39584.023093,154.967697,18.762360,124.996002
39584.064397,155.158875,18.675034,124.836349
39584.105707,155.035995,18.665771,124.741592
39584.147007,154.989639,18.685135,124.790039
39584.188310,155.291473,18.680893,125.043839
39584.229614,155.088455,18.626602,124.635651
39584.270924,155.258759,18.564438,124.696411
39584.312222,155.115585,18.318039,124.649536
39584.353526,154.991928,18.435791,124.700912
39584.394829,154.783813,18.549026,124.579453
39584.436135,154.827637,18.708893,124.617218
39584.477439,154.879318,18.402222,125.005814
39584.518743,154.771896,18.501053,125.251114
39584.560044,155.055344,18.496460,124.817612
39584.601347,155.041656,18.546600,124.764511
39584.642650,155.120132,18.413712,124.790985
39584.683955,155.017532,18.763123,124.967651
39584.725260,155.010086,18.422287,124.685318
39584.766570,154.960663,18.747849,124.772308
39584.807869,155.066864,18.640823,124.702011
39584.849178,154.985992,18.805161,124.779236
39584.890483,154.945251,18.648148,124.542023
39584.931783,154.850861,18.621780,124.664124
39584.973089,154.943039,18.676788,124.958054
39585.014394,155.066681,18.270828,124.679535
39585.055700,155.070770,18.299866,124.622406
39585.097003,155.119080,18.323853,124.627975
39585.138307,154.954117,18.526352,124.650406
39585.179611,155.185181,18.378815,124.647049
39585.220915,155.044189,18.441330,124.734070
39585.262224,154.964188,18.546661,124.595688
39585.303522,154.988647,18.683411,124.782730
39585.344826,155.067810,18.629272,124.791992
39585.386130,155.008041,18.515259,124.782394
39585.427437,155.184128,18.515488,124.782806
39585.468741,154.773376,18.829178,124.649887
39585.510047,155.015884,18.576736,124.859924
39585.551351,155.083603,18.554657,124.681427
39585.592657,155.046722,18.502075,124.641815
39585.633963,154.763947,18.573730,124.889664
39585.675268,154.835464,18.475739,124.807190
39585.716574,154.946838,18.345276,125.017502
39585.757880,154.925995,18.529999,124.634720
39585.799186,155.106995,18.391663,124.662613
39585.840490,155.103928,18.352005,124.815735
39585.881800,154.792282,18.746094,124.906967
39585.923096,154.689560,18.748093,124.782135
39585.964400,154.931992,18.365433,125.244263
39586.005704,155.006516,18.623718,124.938141
39586.047005,155.012634,18.651093,124.712189
39586.088316,155.271011,18.685013,124.443588
39586.129613,155.083176,18.519104,124.681458
39586.170916,155.014252,18.696701,124.699219
39586.212218,155.133926,18.486237,124.775223
39586.253521,154.942245,18.578201,124.756058
39586.294829,155.156494,18.567230,125.068817
39586.336128,155.052002,18.438324,124.959900
39586.377431,155.038452,18.498795,125.107300
39586.418735,154.985580,18.516052,124.882462
39586.460038,155.140030,18.409775,124.884857
39586.501344,154.947525,18.361343,125.149307
39586.542649,154.972565,18.756027,125.463272
39586.583956,155.049408,18.615021,124.804031
39586.625268,155.030685,18.488205,124.888031
39586.666566,154.986542,18.570221,124.830338
39586.707875,154.988312,18.438660,125.007294
39586.749177,154.995300,18.459702,125.008911
39586.790473,155.093262,18.408829,124.892029
39586.831776,155.019913,18.258438,124.904221
39586.873083,155.079773,18.263611,124.995728
39586.914390,155.211899,18.522263,124.932068
39586.955694,155.075653,18.424637,124.778381
39586.997000,154.907455,18.371231,124.679459
39587.038310,154.970062,18.557083,124.899582
39587.079608,154.590118,18.722137,124.956177
39587.120914,154.952606,18.934570,124.809799
39587.162219,154.711868,18.899033,124.644974
39587.203522,154.707352,18.517868,124.781403
39587.244828,154.891800,18.593552,125.014908
39587.286133,154.865784,18.548553,124.662170
39587.327440,154.862762,18.569183,124.808212
39587.368747,154.777390,18.578857,124.739670
39587.410058,154.980225,18.742416,124.882431
39587.451358,154.830048,18.525421,124.860992
39587.492664,154.797684,18.731277,124.761063
39587.533969,155.119965,18.669250,124.665695
39587.575274,154.909531,18.773285,124.638626
39587.616581,154.905090,18.888138,124.795593
39587.657886,154.854950,19.040863,124.755035
39587.699191,154.873947,18.790817,124.597916
39587.740496,154.818527,18.901917,125.022537
39587.781799,154.699265,18.835159,124.909622
39587.823107,155.021881,18.744308,125.051376
39587.864414,154.882629,18.874985,124.859421
39587.905721,155.172058,18.701828,124.516617
39587.947028,154.814438,18.979233,124.770889
39587.988335,154.980362,18.783325,124.776108
39588.029640,154.785782,18.763809,124.512772
39588.070945,154.923279,18.707153,124.888687
39588.112250,154.966888,18.695251,124.779358
39588.153554,154.984253,18.776627,124.769821
39588.194859,154.935150,18.836594,124.864334
39588.236164,154.752518,18.895493,124.649963
39588.277469,154.728958,18.872208,124.677872
39588.318773,154.777679,18.837601,124.629395
39588.360079,154.839645,18.979797,124.739304
39588.401389,155.054825,18.769547,124.518295
39588.442688,154.904694,19.031677,124.423676
39588.483997,154.814377,19.125702,124.553055
39588.525304,154.620255,19.139771,124.403870
39588.566612,154.709641,19.022629,124.605804
39588.607919,154.876862,19.013489,124.586884
39588.649226,155.047623,18.939224,124.688126
39588.690533,154.983154,18.888947,124.686340
39588.731841,154.844696,18.824478,124.942810
39588.773148,154.850891,18.713577,124.691223
39588.814454,154.711853,18.746246,124.832962
39588.855760,154.812439,18.888458,124.732101
39588.897065,154.724121,18.499619,124.323318
39588.938372,154.799423,18.788589,124.594849
39588.979678,154.805252,18.717468,124.427261
39589.020989,155.042801,18.711609,124.749298
39589.062284,154.685608,19.105957,124.746338
39589.103588,154.816055,19.114716,124.796097
39589.144892,154.887146,18.988754,124.778824
39589.186196,154.791611,18.776672,125.077820
39589.227499,155.044601,18.684387,124.884811
39589.268804,154.956894,18.812592,124.844009
39589.310109,154.797073,18.743423,124.874069
39589.351414,155.086517,18.632980,125.110657
39589.392718,154.907623,18.645752,125.159637
39589.434022,154.927002,18.617081,124.737900
39589.475326,154.860489,18.765625,124.877747
39589.516630,154.956818,18.612885,124.779129
39589.557941,154.795441,18.764099,124.771042
39589.599239,154.838699,18.650787,124.818832
39589.640543,154.965668,18.659927,124.845016
39589.681850,155.053329,18.462936,124.529175
39589.723155,154.958481,18.783569,124.683716
39589.764467,154.889069,18.625488,124.751648
39589.805767,155.039536,18.791367,124.728104
39589.847073,154.779251,18.985352,124.486862
39589.888379,154.857620,18.887741,124.193207
39589.929692,154.919769,18.796280,124.420120
39589.970989,154.979446,18.768448,124.599640
39590.012293,154.715271,18.709930,124.359802
39590.053599,155.045578,18.751236,124.740555
39590.094904,154.960648,18.604492,124.619186
39590.136211,154.920868,18.819504,124.831406
39590.177513,154.883759,18.765503,124.754684
39590.218813,155.051682,18.764084,124.792313
39590.260115,154.950623,18.934662,124.555511
39590.301410,154.652008,18.915497,124.341904
39590.342717,155.022736,18.916824,124.232269
39590.384013,154.775803,18.931885,124.478821
39590.425319,155.044403,18.686203,124.044434
39590.466622,154.797546,18.893600,124.132294
39590.507921,154.916306,18.776642,124.480835
39590.549217,154.677353,18.994400,124.600220
39590.590518,154.829773,18.871170,124.614166
39590.631822,154.802277,18.761383,124.759033
39590.673127,154.947449,18.745361,124.528519
39590.714430,154.835007,18.873199,124.712830
39590.755735,154.731796,18.885147,124.398392
39590.797039,154.813797,18.667206,124.379715
39590.838343,154.847717,18.556870,124.384995
39590.879650,154.760254,18.952927,124.541138
39590.920956,154.636292,18.991119,124.611908
39590.962269,154.523621,19.030502,124.530228
39591.003568,154.795731,19.032074,124.696213
39591.044873,154.653625,18.774658,124.558014
39591.086178,154.557373,18.942780,124.614868
39591.127486,154.871063,18.710617,124.709976
39591.168794,154.768600,18.788635,124.852814
39591.210098,154.929916,18.734283,124.625137
39591.251405,154.778320,18.836075,124.682404
39591.292702,154.659531,19.033279,124.806320
39591.334003,154.894196,18.765106,124.689133
39591.375304,154.800201,18.853867,124.876495
39591.416604,154.978729,19.041351,124.669891
39591.457904,154.989685,18.981277,124.684250
39591.499204,154.817780,18.854691,124.489441
39591.540512,154.926941,19.084702,124.985397
39591.581814,154.716782,19.192932,124.808960
39591.623109,154.683624,19.165253,124.548737
39591.664411,154.896011,18.886734,124.442429
39591.705713,154.844513,18.892319,124.353683
39591.747015,154.828629,18.717361,124.426926
39591.788317,154.726364,18.954254,124.580887
39591.829625,154.361404,19.188187,124.453613
39591.870927,154.667450,19.105438,124.770020
39591.912220,154.456055,18.926956,124.585480
39591.953521,154.474548,18.886276,124.735367
39591.994827,154.562042,18.840118,124.747818
39592.036128,154.586044,19.064102,124.674835
39592.077427,154.470047,19.155762,124.698959
39592.118725,154.449600,19.139877,124.682846
39592.160021,154.566528,19.026505,124.644852
39592.201325,154.534210,18.976059,124.423355
39592.242627,154.634644,19.070007,124.727798
39592.283928,154.885712,18.814407,124.604050
39592.325232,154.892395,18.915802,124.514297
39592.366537,154.488113,18.848267,124.897614
39592.407842,154.820923,18.686310,124.657379
39592.449142,154.900406,18.576004,124.391937
39592.490445,154.894867,18.614166,124.538940
39592.531748,154.830490,18.700699,124.601700
39592.573050,154.832413,18.631119,124.724091
39592.614353,154.820847,18.596512,125.032578
39592.655660,154.804855,18.664398,124.563721
39592.696954,154.915054,18.773773,124.622589
39592.738261,154.891357,18.991898,124.615616
39592.779570,155.044189,18.655014,124.733566
39592.820876,155.083054,18.762497,124.492050
39592.862182,154.960007,18.808838,124.543854
39592.903485,154.959915,18.807190,124.335190
39592.944790,154.975861,19.022568,124.504700
39592.986095,154.976456,18.969467,124.513626
39593.027404,154.524124,19.170441,124.590271
39593.068699,154.616089,18.933075,124.661880
39593.110002,154.705612,19.040421,124.668472
39593.151303,154.729752,19.102707,124.655090
39593.192604,154.637131,19.110550,124.859848
39593.233908,154.707977,19.001511,124.321915
39593.275213,154.720245,19.128845,124.406296
39593.316519,154.892258,19.035736,124.422928
39593.357821,155.005768,18.834442,124.616943
39593.399127,154.838501,18.958939,124.362534
39593.440432,154.987381,18.951691,124.682541
39593.481736,155.188934,18.916870,124.825989
39593.523039,155.078918,18.777725,124.778763
39593.564344,155.064651,18.721252,124.407104
39593.605649,155.171356,18.671707,124.549225
39593.646953,155.022003,18.811905,124.453629
39593.688263,154.798309,18.915268,124.473358
39593.729562,155.019623,18.969315,124.639359
39593.770866,154.869247,18.790482,124.609955
39593.812172,154.922394,18.750229,124.746048
39593.853477,154.956863,18.941681,124.572205
39593.894790,155.026978,18.981918,124.987732
39593.936090,154.986191,19.040802,124.668930
39593.977393,154.979568,18.928925,124.781372
39594.018690,154.998444,18.854538,124.719696
39594.059994,154.658676,19.266495,124.850204
39594.101300,155.103226,18.887909,124.611847
39594.142612,154.983307,19.141678,124.253937
39594.183911,155.236526,18.635193,124.419373
39594.225216,155.161301,18.803879,124.637039
39594.266526,155.075607,19.170227,124.561874
39594.307823,154.936584,19.177032,124.591599
39594.349127,154.932602,18.910507,124.788010
39594.390432,154.953262,18.793976,124.767624
39594.431736,154.992584,18.834961,124.556717
39594.473039,155.028351,18.872910,124.743637
39594.514341,154.989395,19.025513,125.176208
39594.555644,155.244156,19.020523,124.808014
39594.596948,154.910904,19.285126,124.699814
39594.638249,155.067810,18.931259,124.488083
39594.679551,154.945145,19.021622,124.671570
39594.720856,155.160461,18.860382,125.243866
39594.762163,155.244034,18.855331,124.831650
39594.803470,155.064728,18.908203,125.002029
39594.844778,155.018036,19.046936,125.060989
39594.886085,155.206512,18.773163,124.554657
39594.927392,154.969574,18.951202,124.877045
39594.968701,155.146866,18.783524,124.851044
39595.010011,154.903702,19.179321,124.779221
39595.051318,155.251663,19.000473,124.806793
39595.092624,155.015167,18.769485,124.840485
39595.133931,154.959167,18.718552,124.882751
39595.175236,155.047760,18.714523,124.784897
39595.216543,154.915985,18.704697,124.785034
39595.257850,155.139664,18.765671,124.341263
39595.299157,154.941574,18.947571,124.861771
39595.340461,155.119415,18.748215,125.021683
39595.381764,155.203094,18.763382,124.356644
39595.423069,154.957031,18.954681,124.609009
39595.464374,155.060211,18.717407,124.524979
39595.505680,154.977036,18.928040,124.510269
39595.546988,154.874069,19.001068,124.560486
39595.588294,155.033737,18.984177,124.530472
39595.629598,154.947830,18.823227,124.608414
39595.670901,154.878311,18.885056,124.719513
39595.712204,155.061554,18.702866,124.860245
39595.753507,155.126053,18.974884,124.737885
39595.794811,154.967590,18.960495,124.631714
39595.836117,154.985718,18.899185,124.736389
39595.877426,154.823685,19.006042,124.703842
39595.918733,154.860657,18.894394,124.667603
39595.960041,155.047653,19.194656,124.981705
39596.001347,154.995865,18.772095,124.309067
39596.042654,154.868820,19.241562,124.463257
39596.083960,155.002960,18.863708,124.611877
39596.125267,154.691620,18.980286,124.484406
39596.166573,154.919830,18.858826,124.645737
39596.207880,154.963699,19.053986,124.615097
39596.249185,155.007553,18.781906,124.650558
39596.290492,155.081985,18.874985,124.551331
39596.331798,154.815842,18.881927,124.602966
39596.373103,155.172379,18.630157,124.404617
39596.414409,155.014099,18.707550,124.597580
39596.455713,155.006165,18.781357,124.612900
39596.497018,155.025558,18.889282,124.871506
39596.538328,154.901230,18.864975,124.730469
39596.579625,154.870514,18.884384,124.635330
39596.620931,154.989044,19.108200,124.604279
39596.662238,154.838120,19.144760,124.705002
39596.703545,154.850479,18.906555,124.650208
39596.744854,154.840881,19.077698,124.680206
39596.786159,154.922989,18.913742,124.389038
39596.827467,154.995163,18.892883,124.568665
39596.868773,154.790619,19.007507,124.778152
39596.910079,154.864380,18.971649,124.541702
39596.951387,155.019135,18.782318,124.609192
39596.992694,154.939499,18.758453,124.636215
39597.034003,155.198608,18.565948,124.709717
39597.075312,154.968933,18.798233,124.535385
39597.116621,155.155411,18.940598,124.569595
39597.157931,154.907288,18.719910,124.817703
39597.199239,154.938614,18.822159,124.714706
39597.240547,154.972549,18.973145,124.587067
39597.281854,154.937210,18.798309,124.733704
39597.323162,154.923508,18.809464,124.893433
39597.364472,154.899673,18.708099,124.812347
39597.405782,154.748550,19.040894,124.690323
39597.447090,155.044052,18.550217,125.019058
39597.488397,154.972382,18.857925,124.667938
39597.529708,154.897690,18.862885,124.972046
39597.571019,154.746002,18.639633,124.970093
39597.612329,154.807602,18.651047,125.197906
39597.653636,154.974869,18.798172,125.150650
39597.694942,154.857224,18.795181,125.045654
39597.736248,154.870392,18.658081,125.072159
39597.777554,155.007004,18.692230,125.102066
39597.818861,154.924652,18.523895,124.838760
39597.860167,155.026382,18.768387,124.727051
39597.901472,154.996246,18.620270,124.738022
39597.942778,154.975754,18.844376,124.963226
39597.984087,155.137680,18.365677,125.007431
39598.025391,154.991516,18.662292,124.729156
39598.066697,155.165970,18.552856,124.932877
39598.108002,154.970093,18.714386,125.216080
39598.149305,155.022842,18.556549,124.955200
39598.190607,155.010223,18.654541,125.046921
39598.231911,154.635971,18.893112,125.226791
39598.273216,154.930740,18.769928,124.811447
39598.314524,154.923843,18.794342,124.788513
39598.355831,155.047165,18.928741,124.687256
39598.397144,154.782654,18.849976,124.933655
39598.438444,154.939774,18.790787,124.734787
39598.479752,154.915100,18.834152,124.697968
39598.521059,154.814621,18.887375,124.497971
39598.562368,154.994843,18.772141,124.507828
39598.603674,155.016953,18.665985,124.369049
39598.644982,154.910812,18.848297,124.688934
39598.686289,154.870773,18.902084,124.562729
39598.727595,154.829163,18.997498,124.644745
39598.768899,154.938324,18.739426,124.829803
39598.810204,154.823624,18.816589,124.647385
39598.851510,154.869797,18.735413,124.670898
39598.892815,154.944809,18.718002,124.820206
39598.934120,154.872177,18.900879,124.818863
39598.975425,155.052368,18.827972,124.708267
39599.016732,154.978836,18.877975,124.856522
39599.058036,154.971298,18.917450,124.606995
39599.099341,155.028503,18.847595,124.780838
39599.140646,154.889847,18.941208,124.226181
39599.181953,154.888275,18.850479,124.651596
39599.223261,154.926559,18.731949,124.674057
39599.264565,154.946655,18.953369,124.789215
39599.305870,154.874329,18.908890,124.803421
39599.347176,154.772186,18.949860,124.314941
39599.388489,154.905823,18.803268,124.626678
39599.429786,154.925400,18.899338,125.225037
39599.471090,154.858170,18.747650,124.832565
39599.512396,155.033463,18.970886,124.801666
39599.553704,154.703644,19.013947,124.986145
39599.595013,154.828568,18.930954,124.961517
39599.636319,154.861954,18.678360,124.848724
39599.677625,154.629242,19.250153,124.836838
39599.718931,154.810242,18.990585,124.977036
39599.760237,154.828949,18.973404,124.836288
39599.801549,154.786316,18.811447,124.353653
39599.842849,154.798157,18.717377,124.784866
39599.884155,154.801086,18.762939,124.609131
39599.925461,154.737000,18.840637,124.836639
39599.966767,154.825943,18.937134,124.608124
39600.008072,154.865738,18.791061,124.908997
39600.049381,154.713364,18.907608,125.073990
39600.090689,154.845612,18.846268,124.542816
39600.131995,154.777664,18.813492,124.430756
39600.173301,154.767944,18.779282,124.582077
39600.214607,154.805939,18.848175,124.718399
39600.255914,154.872726,18.848007,124.801239
39600.297220,154.677917,19.209274,124.611374
39600.338527,154.866440,19.120209,124.743637
39600.379834,154.857773,18.981354,124.785660
39600.421144,154.703918,18.906799,124.818665
39600.462452,154.768906,19.079910,124.575912
39600.503759,154.780594,18.664551,124.700821
39600.545066,154.837723,19.020401,124.742874
39600.586373,154.730606,19.146774,124.840576
39600.627681,154.813522,19.262115,124.975372
39600.668988,154.758026,19.168015,124.896072
39600.710295,154.796906,18.941666,124.608383
39600.751602,154.788651,18.982208,124.699890
39600.792907,154.835602,19.226242,124.635025
39600.834212,155.079895,18.906021,124.431961
39600.875518,155.107376,19.046036,124.431686
39600.916824,155.012848,18.809326,124.739273
39600.958127,154.920166,18.893875,124.648834
39600.999433,154.997787,18.934937,124.671600
39601.040741,155.087631,18.689896,124.416748
39601.082048,155.085663,18.706894,124.652390
39601.123354,154.976028,18.721954,124.601501
39601.164663,154.841614,18.851898,124.777634
39601.205971,155.082031,18.671722,124.694992
39601.247278,154.803604,19.047806,124.451874
39601.288585,154.931915,18.865021,124.642868
39601.329890,154.947754,19.005402,124.643570
39601.371196,154.806595,18.876236,124.885162
39601.412503,155.020050,18.784607,124.648026
39601.453809,155.035019,18.784256,124.753250
39601.495114,155.008530,18.730408,124.441132
39601.536425,154.913940,18.811386,124.590881
39601.577722,155.172485,18.766830,124.434906
39601.619028,155.103897,18.730423,124.956924
39601.660335,154.993713,18.625015,124.600266
39601.701639,154.825226,18.772263,124.751251
39601.742943,155.118668,18.495407,124.475891
39601.784247,154.952499,18.642090,124.545441
39601.825553,154.932449,18.731766,124.747742
39601.866859,154.779922,18.950928,124.962982
39601.908163,154.978073,18.695831,124.905441
39601.949472,154.773407,18.836960,124.939850
39601.990769,154.819046,18.780365,124.726196
39602.032073,154.796188,19.102112,125.013306
39602.073380,154.847900,18.649750,124.658829
39602.114693,155.102036,18.554352,124.793823
39602.155989,154.924866,18.721649,124.751938
39602.197293,155.021667,18.796616,124.453979
39602.238597,154.982178,18.734238,124.531784
39602.279899,154.945984,18.972244,125.068024
39602.321201,154.935593,18.717453,124.497223
39602.362504,154.926041,18.817474,124.601837
39602.403808,155.032104,18.630356,124.741867
39602.445115,155.043137,18.862473,124.919647
39602.486421,155.088303,18.734802,124.988525
39602.527728,154.862686,18.665344,125.171356
39602.569032,155.045166,18.681961,124.896896
39602.610336,155.120377,18.654877,124.683044
39602.651640,155.169800,18.605057,124.984619
39602.692944,155.249130,18.810822,124.862320
39602.734254,154.962387,18.792465,124.834335
39602.775552,154.913589,18.819244,124.671600
39602.816856,155.034546,18.830872,124.779572
39602.858159,155.094788,18.489487,124.705231
39602.899463,154.946762,18.746292,124.944702
39602.940767,155.174301,18.573318,124.763947
39602.982074,155.270721,18.520660,124.896484
39603.023380,155.008774,18.429855,124.848282
39603.064685,154.909866,18.572388,125.041290
39603.105991,154.991760,18.431396,125.191895
39603.147299,154.993729,18.540451,125.213089
39603.188603,154.979767,18.905807,125.110596
39603.229907,155.061554,18.754684,124.987167
39603.271209,155.220337,18.670654,124.942795
39603.312513,155.099762,18.700623,124.965942
39603.353821,154.999664,18.490067,124.923325
39603.395130,154.912994,18.935226,124.976395
39603.436436,154.859528,18.699097,124.859482
39603.477741,154.831635,18.621582,124.696945
39603.519045,154.833344,18.784195,124.754868
39603.560349,154.761917,18.644257,124.854935
39603.601653,154.988190,18.673752,124.876556
39603.642959,155.023178,18.673035,124.472626
39603.684266,154.965378,18.716003,124.829147
39603.725570,154.875992,18.747925,124.854126
39603.766877,155.016724,18.743332,124.889832
39603.808184,155.025406,18.658096,124.809189
39603.849489,154.969543,19.014465,124.813416
39603.890793,154.918549,19.005157,124.985504
39603.932100,154.998962,18.818604,124.611649
39603.973415,155.006363,18.940094,124.947983
39604.014713,154.788467,19.134506,124.642883
39604.056020,154.991577,18.911804,124.320953
39604.097324,154.857910,19.104538,124.509125
39604.138631,155.037399,18.737793,124.769226
39604.179936,155.049377,18.695877,124.758575
39604.221241,155.009430,18.645203,124.743698
39604.262546,155.183823,18.651550,124.716904
39604.303851,154.787445,18.730774,124.327576
39604.345156,154.945755,18.865860,124.641586
39604.386462,154.874039,18.681290,124.587952
39604.427772,155.029510,18.638138,124.810928
39604.469068,154.729919,18.752060,125.001312
39604.510378,155.036270,18.636398,124.762405
39604.551678,155.015350,18.814423,124.786819
39604.592984,155.041168,18.717682,124.733276
39604.634288,154.963669,18.755829,124.881058
39604.675597,154.977585,18.709961,124.270569
39604.716904,154.976501,18.839386,124.471329
39604.758212,154.817169,18.958511,124.566223
39604.799517,155.044724,18.767639,124.680847
39604.840823,155.054718,18.837708,124.616119
39604.882128,155.045456,18.994904,124.606384
39604.923433,154.984680,18.757843,124.488220
39604.964735,154.761658,18.710312,124.480331
39605.006039,154.926941,18.622650,124.751556
39605.047343,154.894775,19.002930,124.617340
39605.088652,155.003281,18.848892,124.636673
39605.129948,154.910294,18.826096,124.693146
39605.171250,155.009323,18.831863,124.504837
39605.212552,154.838272,18.950165,124.492157
39605.253855,155.034500,18.715485,124.736008
39605.295159,154.952972,19.042816,124.498245
39605.336460,155.036453,18.767670,124.784668
39605.377761,155.072830,18.710739,124.708023
39605.419066,155.033936,18.747620,124.615555
39605.460361,154.831268,18.692230,124.677826
39605.501662,154.832672,18.560608,124.823715
39605.542966,154.771866,18.656509,124.739059
39605.584267,154.904816,18.643921,124.984482
39605.625568,154.928375,18.720490,124.890640
39605.666875,154.837570,18.616547,124.834412
39605.708178,154.912048,18.787155,124.598602
39605.749487,154.813644,18.932724,124.854141
39605.790781,155.040421,18.934921,124.405853
39605.832082,155.116180,18.751755,124.521133
39605.873386,155.049866,18.693695,124.624619
39605.914692,155.030167,18.768341,124.767761
39605.956002,155.079926,18.683868,124.241928
39605.997306,154.797165,18.837128,124.900650
39606.038604,154.575577,18.755554,124.624527
39606.079910,154.541763,18.912857,124.448273
39606.121216,154.848618,18.648911,124.328735
39606.162522,154.708954,19.134048,124.356628
39606.203828,154.776581,18.915344,124.563583
39606.245133,154.707153,18.868240,124.361526
39606.286442,155.003586,18.751282,124.482773
39606.327747,154.913620,18.875656,124.333603
39606.369051,154.788300,18.799713,124.413437
39606.410355,155.120056,18.971069,124.624298
39606.451661,154.918716,18.835327,124.449432
39606.492967,154.940140,18.798889,124.462448
39606.534271,155.000366,18.819122,124.495743
39606.575575,154.923676,18.859695,124.701172
39606.616881,155.050476,18.633392,124.211655
39606.658185,155.050644,18.793533,124.331970
39606.699489,154.995575,18.813904,124.767624
39606.740793,155.099030,18.488220,124.487762
39606.782094,155.166977,18.915207,124.406433
39606.823396,154.999115,18.866028,124.603455
39606.864698,154.888596,19.021835,124.601257
39606.906000,155.033249,18.774979,124.689575
39606.947301,155.074326,18.926910,124.635910
39606.988610,154.913849,19.196655,124.395615
39607.029903,155.125122,19.193909,124.318359
39607.071206,154.896072,18.700684,124.501450
39607.112510,154.932617,18.796036,124.384766
39607.153815,155.075165,18.798950,124.639420
39607.195120,155.130096,18.695190,124.446182
39607.236425,155.233917,18.693985,124.567184
39607.277728,155.119797,18.668610,124.419540
39607.319032,155.085373,18.698685,124.511032
39607.360336,154.967422,19.099213,124.744125
39607.401643,154.865265,19.000427,124.592789
39607.442945,155.133026,18.944641,124.542847
39607.484248,154.770218,18.870941,124.704849
39607.525554,155.005859,18.857544,124.607529
39607.566858,155.085648,18.862411,124.745773
39607.608164,154.972961,18.950012,124.777115
39607.649470,155.187973,18.730499,124.459549
39607.690774,155.008133,18.899429,124.918549
39607.732077,154.933701,19.049332,124.819778
39607.773379,155.138824,18.770340,124.772125
39607.814680,155.036667,18.993103,124.806564
39607.855981,155.132248,18.982574,124.749603
39607.897283,154.935745,18.979080,124.792633
39607.938587,154.992889,18.825363,124.961243
39607.979890,155.020020,19.054123,124.846436
39608.021192,154.974808,18.955780,124.600632
39608.062494,155.200165,18.886703,124.665939
39608.103797,154.988876,18.841827,125.038666
39608.145099,154.809479,18.799332,125.059540
39608.186403,154.812088,18.798416,124.979752
39608.227708,154.929993,18.917160,124.857758
39608.269015,155.031693,19.008331,124.894760
39608.310323,155.037186,18.827255,124.622742
39608.351629,155.121490,18.842102,124.613129
39608.392937,154.999542,18.750137,124.406479
39608.434243,155.118469,18.845306,124.575760
39608.475550,154.883362,18.931503,124.654083
39608.516855,155.015747,18.911118,124.549179
39608.558159,154.942963,18.772278,124.588348
39608.599466,155.193008,18.790955,124.642059
39608.640772,155.112549,18.910919,124.636368
39608.682077,155.294662,18.820602,124.667725
39608.723383,155.230453,18.639938,124.851440
39608.764690,155.109711,18.938049,124.544510
39608.805997,155.494904,18.729080,124.322281
39608.847302,155.238480,19.004425,124.619507
39608.888607,155.361435,18.959244,124.541336
39608.929914,155.275925,18.875320,124.570877
39608.971222,155.264053,18.863251,124.736221
39609.012530,155.236053,18.778381,124.686401
39609.053838,155.095871,18.913498,124.709045
39609.095145,155.061478,18.888336,124.527802
39609.136452,155.043671,19.037399,124.455704
39609.177757,155.127426,18.707474,124.562881
39609.219062,155.101791,18.877548,124.351074
39609.260367,155.185501,18.775330,124.693924
39609.301673,154.928116,18.969254,124.519669
39609.342977,155.055145,18.789734,124.673981
39609.384286,154.960129,18.892624,124.602707
39609.425593,154.896774,18.962280,124.590057
39609.466897,154.892334,18.913803,124.633224
39609.508203,155.118912,18.972275,124.553482
39609.549509,154.913208,19.142700,124.829697
39609.590815,155.031174,19.067322,124.572754
39609.632120,155.044662,18.985779,124.931000
39609.673424,154.831329,19.145981,124.470779
39609.714727,155.131729,18.987534,124.678528
39609.756031,155.154053,18.844772,124.775665
39609.797332,155.112808,18.882675,124.692230
39609.838635,155.180939,18.865585,124.584427
39609.879939,154.881165,18.887833,124.720337
39609.921244,154.838470,18.885666,124.719849
39609.962548,154.878082,18.929306,124.733093
39610.003851,154.849014,18.676041,125.192291
39610.045153,154.955780,18.918839,125.105911
39610.086459,155.199295,18.796814,124.725052
39610.127763,154.953125,18.880295,124.589111
39610.169070,155.234619,18.906265,124.765274
39610.210374,155.033386,18.821274,124.686874
39610.251678,154.880600,19.010696,125.118408
39610.292984,155.055573,18.824158,124.272110
39610.334286,155.265472,18.662811,124.220337
39610.375592,155.311462,18.605865,124.414658
39610.416897,154.929306,18.717361,124.595459
39610.458202,155.113708,18.599884,124.277985
39610.499507,155.179962,18.917023,124.604752
39610.540811,154.948944,18.737091,124.237335
39610.582114,155.071915,18.738632,124.268173
39610.623419,155.219421,18.511154,124.466278
39610.664725,154.943253,18.890640,124.603668
39610.706030,155.286835,18.770050,124.573334
39610.747334,155.282104,18.903000,124.358948
39610.788637,155.005981,19.119385,124.609497
39610.829941,155.295685,18.752441,124.677170
39610.871243,155.101257,18.653290,124.695007
39610.912545,155.147522,18.738022,124.607437
39610.953847,155.109863,18.954514,124.317047
39610.995150,155.107529,18.695312,124.552078
39611.036454,155.098404,18.590027,124.464310
39611.077756,155.117020,18.473923,124.537094
39611.119061,155.257645,18.455338,124.752289
39611.160365,155.162109,18.656830,124.443527
39611.201671,155.235504,18.712616,124.291428
39611.242979,155.021423,18.611649,124.451218
39611.284285,155.276062,18.491013,124.448456
39611.325597,155.059814,18.625122,124.488083
39611.366896,155.123398,18.627563,124.612640
39611.408200,154.913040,18.543137,124.524628
39611.449504,154.839951,18.892868,124.660553
39611.490808,155.027008,18.811722,124.902603
39611.532115,154.983826,18.647888,124.945374
39611.573419,155.030472,18.648575,124.772293
39611.614725,155.037598,18.841476,124.440277
39611.656029,155.015427,18.679977,124.192429
39611.697333,155.034973,18.912247,124.672897
39611.738636,155.055450,18.708740,124.679337
39611.779938,154.716110,18.830200,124.621353
39611.821240,154.838074,19.011444,124.632706
39611.862544,154.948685,18.936539,125.017288
39611.903847,154.982635,18.757263,124.822006
39611.945157,155.092758,18.844330,124.722626
39611.986452,155.125870,19.058029,124.708420
39612.027760,154.958618,18.982834,124.744400
39612.069056,154.809418,19.163086,124.734375
39612.110357,154.698166,19.161346,124.779739
39612.151660,154.846497,19.077637,124.745468
39612.192963,154.785965,19.204712,124.920639
39612.234266,155.075333,18.960556,124.817032
39612.275568,154.984604,18.650421,124.925262
39612.316869,154.895538,18.874039,124.838776
39612.358172,154.931549,18.791718,124.967712
39612.399475,154.863037,18.756271,124.790100
39612.440779,154.918045,18.766556,124.709824
39612.482080,155.000854,18.819656,125.064133
39612.523382,154.814636,18.932266,124.863495
39612.564686,155.012604,18.843033,124.688675
39612.605991,154.987961,18.729370,124.659103
39612.647296,155.073517,18.947678,124.814377
39612.688601,154.899948,19.175156,124.649567
39612.729906,154.906815,18.876190,124.911530
39612.771211,154.962814,18.853989,124.892426
39612.812515,155.160629,18.793777,124.593414
39612.853820,155.078796,18.767334,124.566162
39612.895123,155.048584,18.568604,124.909805
39612.936425,154.871918,18.895798,124.943237
39612.977729,154.891281,18.426468,124.943665
39613.019034,155.258575,18.684311,125.022888
39613.060338,155.110138,18.754471,124.814484
39613.101640,155.061310,18.688568,125.085297
39613.142943,154.967606,18.561447,124.960159
39613.184249,155.082794,18.632538,124.882263
39613.225554,155.221710,18.634995,124.816879
39613.266856,155.169250,18.840378,124.943588
39613.308160,155.021988,18.779663,125.252213
39613.349465,155.021744,18.826767,125.163406
39613.390768,155.106018,18.867813,125.220306
39613.432069,155.190323,18.735397,124.880447
39613.473372,155.171127,18.576538,125.000824
39613.514675,155.025543,18.815628,124.862396
39613.555985,155.182022,18.752426,125.203705
39613.597283,154.981750,18.890549,124.790298
39613.638587,155.076981,18.739197,124.891037
39613.679892,155.102814,18.769180,124.849060
39613.721198,154.773270,18.790878,125.028992
39613.762503,154.863159,18.663055,124.887970
39613.803807,154.849960,18.959625,124.721039
39613.845113,154.932724,18.726196,124.802841
39613.886420,155.064789,18.756149,124.742004
39613.927727,154.919846,18.578262,124.776932
39613.969033,155.028931,18.673340,124.825974
39614.010337,155.042297,18.535614,124.652908
39614.051641,155.069336,18.570282,125.074707
39614.092948,155.100311,18.624207,124.891953
39614.134252,154.794128,18.687958,125.011307
39614.175556,155.059326,18.510376,124.860596
39614.216859,154.814209,18.442444,124.673294
39614.258164,154.793320,18.751770,124.549515
39614.299471,154.653458,18.699173,124.954239
39614.340779,154.896622,18.553406,124.638367
39614.382086,154.689865,18.769592,124.642609
39614.423395,154.873138,18.897110,125.213394
39614.464702,154.601486,18.970367,124.747757
39614.506010,154.822418,18.814896,124.704147
39614.547319,154.863464,18.737640,124.743958
39614.588625,154.718277,18.828857,124.731415
39614.629929,154.824142,18.739090,124.646469
39614.671234,154.930862,18.744461,124.959229
39614.712538,155.032211,18.615875,124.526871
39614.753845,154.960052,18.827866,124.731262
39614.795152,155.047424,18.634659,125.009552
39614.836460,155.041702,18.684341,124.837036
39614.877767,154.708389,18.739014,124.678421
39614.919074,154.914398,18.857758,124.728241
39614.960381,154.950745,18.726166,124.790619
39615.001685,154.879715,18.667374,124.852127
39615.042990,154.917221,18.590347,125.012527
39615.084295,154.792847,18.858368,124.828110
39615.125601,154.848679,18.642395,124.852097
39615.166906,155.110580,18.685135,124.995026
39615.208212,154.892929,18.584518,124.770340
39615.249517,154.991486,18.902908,125.121048
39615.290822,154.964874,18.793121,124.863327
39615.332127,155.047607,18.818787,124.739471
39615.373432,154.838867,18.696228,124.796066
39615.414735,154.813614,18.822769,124.878342
39615.456039,154.790543,18.812027,124.967728
39615.497343,154.696808,18.833679,124.702744
39615.538646,154.905563,18.727783,124.728424
39615.579947,154.885117,18.551682,125.048431
39615.621251,154.837051,18.669159,124.944092
39615.662556,154.763535,18.803513,124.864731
39615.703861,154.619934,19.094696,124.843246
39615.745168,154.675262,18.726074,124.794403
39615.786476,154.919113,18.978622,124.805130
39615.827783,154.928162,18.693985,124.652420
39615.869089,155.020325,18.769821,124.802200
39615.910394,154.846344,18.905243,124.312149
39615.951699,154.799545,18.774170,124.845383
39615.993006,154.865845,18.562592,124.634674
39616.034312,154.897873,18.703552,124.622467
39616.075616,154.978394,18.482010,124.571228
39616.116923,155.026718,18.615479,124.408157
39616.158228,154.866211,18.493073,125.111145
39616.199535,154.833908,18.419907,124.729828
39616.240842,154.865494,18.403961,124.908325
39616.282149,154.977280,18.492462,124.804123
39616.323455,155.100876,18.488144,124.953156
39616.364761,155.176208,18.562363,124.833069
39616.406067,154.976196,18.621567,124.857437
39616.447373,154.869232,18.646912,124.942505
39616.488678,155.079742,18.483429,125.029068
39616.529982,154.937180,18.614258,124.408188
39616.571288,154.942291,18.721146,124.839600
39616.612592,154.907166,18.389893,124.997513
39616.653896,154.758209,18.679626,124.532883
39616.695202,155.106064,18.483002,124.639496
39616.736506,154.876755,18.629379,124.732147
39616.777809,154.783829,18.741501,124.815979
39616.819114,154.899551,18.336258,124.945496
39616.860419,154.682648,18.500977,124.967316
39616.901725,154.785782,18.749680,124.868896
39616.943031,154.898956,18.525879,125.137360
39616.984338,155.117081,18.695770,124.889740
39617.025645,154.911469,18.760498,124.859879
39617.066954,154.872498,18.873810,124.728912
39617.108263,154.704468,18.586777,124.589493
39617.149571,155.011398,18.660156,124.552521
39617.190878,154.830719,18.632202,124.691376
39617.232184,155.210098,18.283600,124.361877
39617.273490,155.196335,18.566406,124.525665
39617.314795,155.082748,18.578079,124.557724
39617.356103,155.131622,18.518829,124.472092
39617.397409,155.065582,18.556686,124.383148
39617.438713,154.958893,18.712997,124.696014
39617.480017,155.151291,18.627991,124.711380
39617.521319,155.209381,18.469986,124.804321
39617.562623,155.034058,18.667267,124.462799
39617.603926,155.097412,18.563065,124.681229
39617.645230,155.020752,18.563828,124.506134
39617.686532,155.029739,18.696381,124.768524
39617.727834,155.095428,18.512253,124.348755
39617.769136,155.026886,18.746948,124.463531
39617.810437,155.241608,18.457031,124.238098
39617.851736,155.092316,18.426239,124.336426
39617.893035,155.222260,18.340393,124.282730
39617.934333,155.020660,18.754425,124.589584
39617.975631,155.190765,18.653656,124.564560
39618.016931,155.144348,18.589920,124.884583
39618.058230,155.232162,18.643524,124.633591
39618.099533,155.111740,18.502167,124.791214
39618.140832,155.262650,18.501587,124.644638
39618.182133,155.131287,18.638321,124.704117
39618.223435,155.292542,18.736099,124.659485
39618.264739,155.221390,18.646912,124.673981
39618.306044,154.985992,18.748688,124.620651
39618.347348,155.184753,18.585663,124.640778
39618.388654,155.280716,18.436951,124.561386
39618.429960,155.243088,18.460587,124.590469
39618.471267,155.050934,18.683716,124.589203
39618.512571,155.262955,18.232590,124.737335
39618.553874,155.245697,18.354385,124.630432
39618.595178,155.166748,18.388626,124.204117
39618.636483,155.128601,18.442841,124.231277
39618.677788,155.183975,18.323776,124.881271
39618.719094,155.117920,18.485672,124.499695
39618.760398,155.051666,18.598999,124.692581
39618.801698,155.117935,18.584976,124.521393
39618.843002,155.111694,18.492294,124.635452
39618.884303,155.187531,18.670486,124.553238
39618.925604,155.268448,18.451813,124.419296
39618.966907,155.131943,18.638016,124.567535
39619.008209,155.192749,18.594193,124.695068
39619.049511,155.034485,18.519318,124.623657
39619.090811,155.054337,18.733932,124.445877
39619.132112,155.014984,18.633560,124.515015
39619.173416,154.960388,18.623154,124.714417
39619.214718,154.938599,18.552795,124.543411
39619.256020,155.273544,18.537766,124.384430
39619.297323,155.004318,18.579788,124.694687
39619.338626,154.991699,18.734756,124.936615
39619.379930,155.002502,18.490570,124.741089
39619.421234,154.944427,18.835449,124.854431
39619.462538,154.932190,18.840393,124.505463
39619.503840,154.957062,18.865433,124.696594
39619.545141,154.885651,18.680054,124.925262
39619.586443,155.042908,18.636520,124.407379
39619.627748,154.879654,18.926987,124.641235
39619.669051,154.760834,19.155258,124.659531
39619.710354,154.963379,18.739166,124.710327
39619.751657,154.781830,18.803329,124.494385
39619.792960,154.785461,18.667984,124.828491
39619.834259,154.617126,18.867401,124.441742
39619.875562,154.920242,18.765915,124.615555
39619.916864,154.635132,18.703720,124.473328
39619.958167,155.022705,18.813370,124.678177
39619.999468,154.848236,18.572205,124.869171
39620.040771,155.053238,18.906677,124.694000
39620.082073,154.888535,18.977798,124.511337
39620.123377,154.892288,19.101761,124.478607
39620.164681,155.034744,18.733292,124.420486
39620.205987,154.868988,18.871521,124.452805
39620.247290,155.036194,18.938675,124.668655
39620.288591,154.999649,18.820740,124.616867
39620.329895,155.172119,18.578751,124.505386
39620.371199,155.126602,18.719772,124.528397
39620.412501,154.939392,18.814102,124.583954
39620.453805,154.930252,18.573669,124.548660
39620.495107,155.028427,18.718491,124.289581
39620.536410,154.899124,18.552963,124.519516
39620.577712,154.992661,18.646774,124.594193
39620.619014,154.800369,18.817154,124.784607
39620.660319,155.037079,18.419800,124.550980
39620.701625,154.952438,18.793121,124.443237
39620.742934,155.033920,18.794159,124.540314
39620.784241,154.887650,18.724503,124.916077
39620.825545,155.032135,18.803345,124.711060
39620.866850,154.809250,18.801666,123.986099
39620.908155,155.049042,18.699677,124.229370
39620.949461,154.695190,18.803146,124.191071
39620.990767,154.983017,18.804367,124.399414
39621.032072,154.896088,18.626419,124.443268
39621.073379,154.987457,19.045914,124.354553
39621.114686,155.008255,18.709518,124.445282
39621.155994,154.954880,18.831223,124.678192
39621.197300,154.835205,18.887604,124.577789
39621.238608,154.959030,18.856705,124.867233
39621.279914,154.971909,18.781464,124.630081
39621.321221,154.834213,18.744980,124.479523
39621.362527,154.912582,18.774918,124.737579
39621.403832,154.836288,18.483475,124.460770
39621.445137,154.868423,18.603256,124.494064
39621.486443,154.792999,18.797256,124.398239
39621.527747,154.731552,18.743057,124.531448
39621.569052,154.809082,19.054871,124.660553
39621.610358,154.764130,18.764328,124.771225
39621.651665,154.557434,18.785583,124.544769
39621.692974,154.806198,18.651016,124.671738
39621.734280,154.718185,18.757538,124.467514
39621.775587,154.805847,18.764420,124.630310
39621.816893,154.737946,18.812668,124.570969
39621.858199,154.993820,18.672256,124.818848
39621.899504,154.921646,18.848373,124.966949
39621.940811,154.713593,18.989227,124.749237
39621.982119,154.591003,18.994888,125.007858
39622.023424,154.876892,18.863815,124.972351
39622.064731,154.742325,19.055954,124.951370
39622.106038,154.934784,18.859894,124.847427
39622.147345,154.946060,18.748932,124.657516
39622.188650,154.940033,18.914017,124.414993
39622.229954,154.787048,18.801010,124.796356
39622.271264,154.932281,18.587173,124.854904
39622.312569,154.672241,18.802536,124.491119
39622.353876,154.857666,18.984726,125.059677
39622.395181,155.013214,18.513947,124.897232
39622.436489,154.955276,18.673889,124.647491
39622.477795,154.947998,18.769806,124.665573
39622.519102,155.150757,18.941345,124.957047
39622.560411,155.036652,19.023621,124.657516
39622.601719,154.954514,18.848709,124.705856
39622.643023,154.800705,18.950760,124.598495
39622.684329,154.995224,18.841888,124.805252
39622.725635,155.313354,18.843277,124.557983
39622.766943,155.206207,18.892014,124.643494
39622.808250,155.134598,18.941498,124.724182
39622.849559,155.188187,18.571793,124.438400
39622.890865,154.970245,18.845917,124.504898
39622.932174,155.193497,18.714417,124.770203
39622.973483,155.008621,18.977829,124.821121
39623.014790,155.017487,19.003098,124.426498
39623.056098,154.910492,18.920853,124.541016
39623.097405,154.798431,19.059906,124.696869
39623.138712,154.937897,18.792923,124.603027
39623.180021,154.928848,18.766891,124.968048
39623.221330,154.840729,19.034805,125.029327
39623.262637,154.955505,18.793610,124.759201
39623.303948,154.938675,19.042603,124.867172
39623.345257,155.006210,18.751099,124.609940
39623.386567,155.118530,18.946350,124.743866
39623.427876,155.193192,18.625488,124.740402
39623.469186,154.929565,18.695877,124.846268
39623.510496,155.018341,18.739059,124.946732
39623.551803,155.017273,18.820404,124.979080
39623.593108,155.046112,18.764771,124.902786
39623.634414,154.941849,18.762482,125.036774
39623.675720,155.060089,18.482452,124.777481
39623.717028,155.038528,18.556427,124.926010
39623.758338,155.144394,18.738495,125.049683
39623.799645,155.078064,18.727509,125.008514
39623.840953,155.099579,18.750137,124.997437
39623.882259,154.895004,18.618301,125.054764
39623.923566,154.824875,18.907684,124.760361
39623.964872,154.796692,18.921875,124.767532
39624.006176,155.016678,18.954544,124.707535
39624.047483,154.907761,18.877960,124.558090
39624.088790,154.815994,18.863449,124.846436
39624.130095,154.846390,18.907440,124.679276
39624.171401,154.998398,18.877151,124.902603
39624.212709,155.005234,19.054962,124.721024
39624.254017,154.916916,18.692520,124.677368
39624.295325,155.031677,18.564911,125.208313
39624.336632,154.851547,18.848434,124.877579
39624.377940,154.787720,18.810211,124.911621
39624.419248,154.983124,18.956146,124.917694
39624.460557,155.174088,18.626038,124.801086
39624.501863,155.021606,18.713135,124.773376
39624.543173,155.175903,18.571014,124.819565
39624.584481,154.911774,18.610138,124.769852
39624.625788,155.114822,18.930008,124.748779
39624.667093,154.835602,18.760590,124.738007
39624.708399,155.022736,18.743637,124.628220
39624.749704,154.919632,18.476868,124.597717
39624.791008,155.029129,18.516251,124.636520
39624.832316,155.021698,18.467316,124.869247
39624.873623,154.898590,18.732742,124.965866
39624.914933,155.038284,18.575546,124.956589
39624.956241,154.843445,18.844482,125.033539
39624.997549,155.067734,18.834656,125.031265
39625.038859,154.824905,18.916824,124.732437
39625.080167,154.913132,18.751389,124.636215
39625.121475,154.922760,18.727264,124.686951
39625.162781,155.122437,18.699631,124.631744
39625.204087,154.857147,18.713913,124.914764
39625.245393,155.010986,18.760483,124.632690
39625.286699,154.841705,18.904205,124.594162
39625.328004,154.904022,18.680756,124.912857
39625.369312,155.172287,18.642853,124.678192
39625.410621,154.954605,18.767288,124.806900
39625.451929,155.173691,18.681000,124.866287
39625.493238,155.005554,18.623795,125.051270
39625.534545,154.969009,18.562332,125.009933
39625.575853,155.043884,18.693817,125.088470
39625.617160,155.003067,18.599991,124.754745
39625.658468,155.010773,18.724655,124.742462
39625.699777,155.030579,18.828659,124.989426
39625.741087,154.871994,18.907455,124.885117
39625.782396,155.147781,18.742813,124.580917
39625.823702,155.140335,18.734360,124.742905
39625.865007,155.349014,18.632034,124.932251
39625.906313,155.220444,18.584274,124.850174
39625.947621,155.020782,18.518875,124.576981
39625.988929,155.165833,18.680435,124.816742
39626.030237,154.998047,18.693085,124.874588
39626.071544,154.957901,18.729813,124.721741
39626.112853,154.966049,18.659637,124.670120
39626.154161,154.990067,18.603851,124.774918
39626.195470,155.027252,18.667374,125.212036
39626.236778,154.880844,18.715683,124.886261
39626.278083,154.828171,18.815857,124.912018
39626.319389,154.870941,18.913864,124.905212
39626.360696,155.124115,18.733978,124.954895
39626.402003,155.240341,18.645157,124.840652
39626.443309,155.300964,18.870743,124.963531
39626.484614,155.044983,18.652069,124.861221
39626.525920,155.118958,18.543869,124.745895
39626.567226,154.940887,18.696365,125.095825
39626.608530,154.914429,18.614227,125.019760
39626.649835,155.042694,18.438858,124.979172
39626.691140,154.667770,18.494705,124.852264
39626.732447,154.905441,18.574295,125.378174
39626.773753,154.976212,18.715073,124.913025
39626.815059,154.905090,18.559448,125.070038
39626.856364,155.140900,18.716034,125.234375
39626.897669,155.015930,18.686951,125.094040
39626.938976,155.235596,18.558090,124.914383
39626.980284,155.023346,18.448013,125.118958
39627.021591,155.100739,18.654236,125.066452
39627.062898,155.414368,18.569183,125.024658
39627.104206,154.963806,18.620834,125.287720
39627.145515,155.017609,18.573929,125.022064
39627.186826,154.983810,18.653625,125.251740
39627.228135,155.198273,18.470840,125.130142
39627.269443,155.005585,18.587448,125.070938
39627.310752,155.110397,18.316986,124.965515
39627.352060,155.172668,18.343353,125.312332
39627.393368,154.997849,18.427444,125.448822
39627.434680,155.209000,18.273193,125.363068
39627.475990,155.242111,18.356979,125.129639
39627.517299,155.236053,18.470215,125.404266
39627.558607,155.128754,18.638794,125.279831
39627.599915,155.244873,18.599625,124.971649
39627.641223,155.397308,18.498306,125.157318
39627.682532,154.924973,18.592957,124.918137
39627.723842,155.237000,18.573090,125.293900
39627.765150,155.002075,18.378372,125.190781
39627.806460,155.051407,18.583817,124.915649
39627.847771,154.984375,18.261078,124.972168
39627.889085,155.223526,18.664749,124.886658
39627.930398,155.117172,18.298355,125.091354
39627.971709,155.255737,18.457245,125.205505
39628.013020,155.258194,18.466888,125.117218
39628.054330,155.270615,18.529022,125.043503
39628.095639,155.132629,18.710739,125.225082
39628.136947,155.254562,18.746277,125.090759
39628.178256,155.147980,18.632355,125.155991
39628.219563,155.105194,18.839523,124.919571
39628.260869,155.159271,18.938416,125.110352
39628.302178,155.349075,18.983109,125.038651
39628.343485,155.282776,18.959183,124.996826
39628.384792,155.337936,18.522629,125.101349
39628.426099,155.223465,18.618515,125.142258
39628.467407,155.264740,18.744019,124.988388
39628.508714,155.134491,18.580963,125.100952
39628.550022,155.013016,18.574890,124.782501
39628.591327,155.086090,18.697525,124.981964
39628.632633,155.170334,18.704468,124.921906
39628.673938,155.034653,18.661041,124.803391
39628.715243,155.091263,18.606812,124.655884
39628.756549,154.943268,18.566879,124.557617
39628.797857,154.984940,18.755997,124.733795
39628.839162,155.159866,18.600616,124.816788
39628.880468,155.102737,18.553040,124.806137
39628.921774,155.051178,18.732208,124.583069
39628.963081,154.845627,18.634781,124.449677
39629.004390,154.910049,18.622437,124.696014
39629.045697,155.047195,18.885193,124.890594
39629.087005,154.871979,18.752151,124.606461
39629.128311,154.945724,18.704514,124.827744
39629.169618,155.033173,18.615433,124.893005
39629.210924,155.112183,18.497482,124.904602
39629.252231,155.056427,18.511307,125.014435
39629.293537,154.989960,18.751740,124.723541
39629.334843,154.980835,18.833466,124.937241
39629.376149,155.182968,18.816635,124.691650
39629.417456,154.913788,18.708084,124.974640
39629.458763,155.113388,18.425461,125.042191
39629.500070,154.868637,18.718643,124.868652
39629.541376,155.006226,18.666290,124.870682
39629.582682,154.961166,18.754456,124.598175
39629.623988,154.898041,18.865723,124.864456
39629.665297,155.013794,18.627701,124.762466
39629.706607,155.039322,18.636169,124.794479
39629.747915,154.851273,18.677399,124.826187
39629.789224,154.981949,18.765396,124.537491
39629.830532,155.105316,18.513184,124.989258
39629.871840,154.647858,18.661209,124.656448
39629.913149,154.850784,18.461945,124.808472
39629.954454,154.980606,18.639557,124.769775
39629.995762,155.015076,18.697830,125.086594
39630.037069,154.937744,18.758362,125.150314
39630.078374,154.991867,18.603745,124.765518
39630.119680,155.068344,18.493469,125.176910
39630.160985,155.359634,18.591019,124.802414
39630.202288,155.321793,18.479813,124.681900
39630.243592,155.167709,18.633072,124.854874
39630.284895,155.035080,18.593033,124.951935
39630.326201,155.167526,18.498230,124.855331
39630.367504,155.028976,18.591278,124.783615
39630.408808,155.295486,18.540833,125.096863
39630.450111,155.083496,18.771103,124.722610
39630.491416,155.003616,18.480957,124.907364
39630.532721,154.960419,18.584091,124.754471
39630.574027,154.936508,18.690598,125.305328
39630.615334,154.799393,18.610046,125.049377
39630.656639,154.706604,18.707382,125.052963
39630.697943,154.878281,18.719498,124.862244
39630.739253,154.789124,18.700699,124.737610
39630.780558,154.812012,18.780396,124.678406
39630.821864,154.860825,18.958420,124.606415
39630.863169,155.008377,18.653778,124.800491
39630.904473,154.699966,18.882385,125.401962
39630.945777,154.814453,18.704071,124.925186
39630.987081,154.500946,19.080917,124.888245
39631.028385,154.763489,18.625732,124.866699
39631.069688,155.008774,18.688019,124.864288
39631.110992,154.669678,18.763199,125.370178
39631.152298,154.896347,18.729996,124.949646
39631.193603,154.604630,19.045456,124.733841
39631.234906,154.902191,19.035263,125.059174
39631.276210,154.711853,18.776611,124.844116
39631.317514,154.717987,18.857040,124.939209
39631.358819,154.687912,18.906052,124.672150
39631.400126,154.757141,19.020035,124.791061
39631.441433,154.847046,18.689346,125.124481
39631.482740,154.665527,19.094681,125.058914
39631.524045,154.570999,18.906174,125.100235
39631.565349,154.771790,18.546021,125.467026
39631.606654,154.799530,18.878632,125.266785
39631.647959,154.921738,18.845169,125.006424
39631.689267,154.703232,18.867004,125.373108
39631.730574,155.021255,18.654312,125.005341
39631.771880,154.783951,18.829803,124.836014
39631.813188,155.010162,18.796219,124.848999
39631.854494,155.111023,18.775040,125.074905
39631.895803,154.975830,18.549057,124.893173
39631.937107,154.858353,19.015457,124.742279
39631.978413,155.004181,18.574890,125.485229
39632.019719,155.065643,18.400345,125.149475
39632.061023,155.070709,18.546570,125.208481
39632.102328,154.914001,18.574432,124.824799
39632.143632,155.010178,18.653000,125.251007
39632.184935,154.867584,18.813538,125.191833
39632.226240,155.011795,18.618866,125.376450
39632.267545,155.026031,18.639618,124.830154
39632.308850,155.042984,18.713608,124.902115
39632.350153,154.907242,18.792801,125.058609
39632.391460,154.910431,18.716537,124.727188
39632.432765,155.099609,18.905136,125.107742
39632.474069,154.780060,18.838516,125.360840
39632.515370,155.003738,19.024002,125.119812
39632.556674,154.852951,18.992508,125.266083
39632.597977,154.728378,19.013992,125.166702
39632.639281,154.914169,19.043427,125.134537
39632.680584,154.951813,18.763428,125.012939
39632.721888,154.750351,19.122223,124.666702
39632.763194,154.900009,18.873627,124.901855
39632.804499,154.905731,18.853958,125.124329
39632.845803,154.756912,18.831390,125.123047
39632.887107,154.779663,18.628372,125.045151
39632.928410,154.953171,18.761063,124.916702
39632.969712,154.687317,18.880936,124.944366
39633.011017,154.814255,18.878189,124.920288
39633.052321,154.682846,18.866455,124.716034
39633.093627,154.689041,18.770844,125.158707
39633.134932,154.693146,18.974426,125.116867
39633.176236,154.874542,18.693283,124.905640
39633.217541,154.710999,18.918427,124.598923
39633.258849,154.960358,18.764771,124.769867
39633.300153,154.856400,18.967453,124.787003
39633.341459,154.790253,18.691284,124.674301
39633.382764,154.941559,18.890472,124.771332
39633.424067,154.977066,18.621979,124.748550
39633.465371,155.118378,18.712433,124.916153
39633.506674,155.012512,18.887573,124.954376
39633.547978,154.898117,18.695160,124.927383
39633.589282,155.021545,18.667633,125.055511
39633.630585,155.050064,18.672455,124.822739
39633.671886,154.884064,18.664001,125.101212
39633.713189,154.911530,18.904724,124.909042
39633.754492,155.058304,18.805389,124.711884
39633.795797,155.106430,18.626755,125.162704
39633.837104,155.026413,18.781769,124.772842
39633.878408,154.911041,18.623657,124.994507
39633.919710,155.136765,18.480560,124.944031
39633.961013,155.190155,18.535522,124.767502
39634.002317,155.103867,18.712021,125.081085
39634.043620,155.199799,18.359161,124.873108
39634.084922,155.249176,18.288437,124.701828
39634.126224,155.173187,18.694061,124.883133
39634.167527,155.038010,18.645538,124.647552
39634.208831,155.076080,18.738647,124.726624
39634.250136,155.041138,18.722672,124.870453
39634.291440,154.991745,18.689926,124.662720
39634.332746,154.992065,18.923447,124.999405
39634.374046,155.097885,18.565750,124.953003
39634.415350,155.144073,18.490387,124.924805
39634.456655,155.104126,18.592834,124.917007
39634.497959,154.908920,18.634369,124.749374
39634.539264,155.174698,18.499710,124.888474
39634.580569,154.988022,18.451035,124.537842
39634.621873,154.974655,18.432053,124.706696
39634.663178,155.105942,18.715378,124.554794
39634.704483,154.934006,18.491592,124.929932
39634.745791,155.118484,18.544998,125.191452
39634.787098,155.008774,18.364853,125.046524
39634.828403,154.926422,18.359756,125.013458
