132181.786227,160.003372,14.985001,117.603165
132181.827524,160.004684,14.815353,117.572556
132181.868828,159.841187,15.002167,117.644287
132181.910131,160.000244,14.924637,117.439514
132181.951439,159.985687,14.791641,117.341080
132181.992735,159.938431,14.915024,117.597488
132182.034043,159.837906,14.984009,117.367142
132182.075348,160.142792,14.987534,116.999008
132182.116652,159.984192,14.868698,117.246414
132182.157949,159.921310,14.989792,117.130859
132182.199252,159.929901,14.729324,117.147125
132182.240562,159.904099,15.101746,117.069321
132182.281865,160.013412,14.966385,117.111206
132182.323165,160.137741,14.935425,117.207275
132182.364465,160.085022,14.897141,117.259338
132182.405760,159.975266,15.029327,117.413879
132182.447070,160.235840,14.753174,117.192261
132182.488375,160.194473,15.050934,117.307770
132182.529680,160.184647,14.965149,116.957901
132182.570984,160.409317,14.735413,117.095810
132182.612283,160.150208,14.753311,116.892975
132182.653588,160.267181,14.627853,116.908035
132182.694899,160.187820,14.504776,117.045181
132182.736200,160.169159,14.523682,116.945969
132182.777510,159.927353,14.739197,116.728027
132182.818818,160.027710,14.528183,117.034485
132182.860129,159.983612,14.656036,117.079117
132182.901427,159.996902,14.521210,116.945251
132182.942733,159.874954,14.707901,117.536240
132182.984038,160.076706,14.452988,117.018219
132183.025349,160.043961,14.661194,117.216125
132183.066646,159.858780,14.806625,117.084000
132183.107951,159.918350,14.982269,116.766357
132183.149257,160.025223,14.815201,116.957779
132183.190567,159.843552,14.848099,117.090988
132183.231861,160.037064,14.930222,117.214478
132183.273165,160.043274,14.982391,116.778610
132183.314467,160.102646,14.999023,117.158997
132183.355774,159.948898,14.943085,117.036011
132183.397067,159.885071,14.911179,117.115616
132183.438368,159.750610,15.045532,117.437576
132183.479673,159.928772,14.611450,117.263428
132183.520967,160.012512,14.558777,117.288986
132183.562276,159.994049,14.652344,117.252380
132183.603581,159.693283,14.792267,116.594925
132183.644884,159.905487,14.746506,116.800186
132183.686185,159.848984,14.826538,116.735855
132183.727488,160.003189,14.799789,116.764008
132183.768783,159.768066,14.798233,116.701859
132183.810085,159.885574,14.803406,116.912628
132183.851395,159.744537,14.927200,117.052109
132183.892700,159.880951,14.828735,116.861038
132183.933996,159.634842,14.663391,117.404816
132183.975298,159.643539,15.034164,117.122406
132184.016597,159.765076,14.660385,117.166473
132184.057903,159.795563,15.092255,116.981552
132184.099202,159.750565,14.870422,116.781326
132184.140501,160.013336,14.799698,117.067368
132184.181802,159.888824,14.827866,117.229172
132184.223104,159.910370,14.792755,117.345764
132184.264402,159.926453,14.917130,117.373581
132184.305708,160.012253,14.931412,116.891724
132184.347001,159.755112,15.161972,117.064911
132184.388305,159.961868,14.804932,116.784729
132184.429605,160.072205,14.725647,117.170563
132184.470900,160.170761,14.756622,116.923492
132184.512208,159.790848,14.707153,117.106018
132184.553503,159.814758,14.845016,116.765854
132184.594804,159.887207,14.841217,117.000610
132184.636113,159.758286,15.028595,117.307724
132184.677410,159.714554,14.828857,117.181747
132184.718714,159.735611,15.015793,117.139847
132184.760018,159.665787,15.056107,117.026138
132184.801323,159.651688,15.076569,117.264114
132184.842633,159.893555,14.986862,117.340820
132184.883931,159.708954,15.181503,117.403580
132184.925242,159.823456,15.033737,117.467712
132184.966540,159.950424,14.943512,116.992767
132185.007845,159.815369,15.124161,116.905899
132185.049156,159.803406,14.958908,117.287766
132185.090458,159.824814,14.967865,116.883835
132185.131760,159.809128,15.106537,116.995087
132185.173062,159.858856,15.026627,116.905991
132185.214366,159.730194,14.844055,116.826050
132185.255668,159.881424,14.709442,116.985001
132185.296967,159.787766,14.985260,117.217361
132185.338268,159.767334,15.073059,117.120941
132185.379564,159.888168,14.844910,117.390991
132185.420874,159.806808,14.854752,117.433685
132185.462178,159.634064,15.039688,117.253937
132185.503482,159.801971,15.119476,117.150879
132185.544786,159.867599,14.916718,116.869186
132185.586086,159.851532,14.918625,116.975937
132185.627389,159.811859,14.927795,117.107910
132185.668699,159.972885,15.198013,116.835678
132185.710004,159.882217,15.136795,117.150742
132185.751301,159.646484,15.104172,117.191025
132185.792605,159.781464,15.008392,117.027618
132185.833914,159.826218,14.931671,116.885239
132185.875211,159.715454,15.106293,117.281693
132185.916522,159.860214,14.965042,117.003769
132185.957819,159.636917,15.410324,117.277237
132185.999129,159.517029,15.124756,117.283997
132186.040428,159.939209,14.996887,117.164124
132186.081739,159.751389,15.035477,117.028931
132186.123038,159.930618,14.919708,117.071198
132186.164347,160.016754,15.231140,117.090393
132186.205651,159.996643,15.025131,117.032211
132186.246950,159.840439,14.931473,116.884781
132186.288254,159.941299,15.119736,116.604080
132186.329564,159.929825,14.911331,116.984192
132186.370860,159.897705,14.854553,116.865967
132186.412170,159.878677,14.876572,117.095520
132186.453475,160.103226,14.724014,116.878372
132186.494773,159.974167,14.887253,116.963196
132186.536078,160.103622,14.914810,116.990707
132186.577378,160.039917,14.828552,116.952148
132186.618682,159.893997,14.778900,116.905334
132186.659989,159.931534,14.898712,117.146118
132186.701295,159.850571,14.802551,117.448242
132186.742599,159.604660,15.207306,116.997879
132186.783905,159.841675,15.116241,117.291595
132186.825210,159.780762,15.091125,117.330765
132186.866514,159.816925,15.465164,116.968552
132186.907823,159.926514,15.208115,117.085190
132186.949125,159.945084,15.353867,117.065842
132186.990422,159.960449,14.953690,117.035583
132187.031731,159.844421,14.951019,117.414001
132187.073025,160.260849,14.599335,117.137436
132187.114328,160.115051,14.577576,117.418854
132187.155632,160.186523,14.828308,117.344925
132187.196942,160.020432,14.940796,117.156158
132187.238238,160.348419,14.751785,117.208542
132187.279542,160.249374,14.841446,117.229324
132187.320852,160.227295,14.839706,117.030396
132187.362147,160.118576,14.827393,116.947403
132187.403449,160.098434,14.879089,117.218292
132187.444752,160.056305,14.770554,117.034760
132187.486060,159.997559,14.978500,117.258820
132187.527357,159.811447,14.974625,117.323456
132187.568667,160.027573,14.979385,117.183578
132187.609970,159.922302,14.869751,117.013977
132187.651270,159.965027,14.532944,116.870682
132187.692573,159.844559,14.844940,117.268204
132187.733875,159.769028,14.834076,116.974976
132187.775171,160.006500,14.822556,116.892517
132187.816474,159.879135,15.058823,117.292297
132187.857776,159.846542,15.022141,117.332062
132187.899081,159.948120,15.200470,116.958862
132187.940386,159.838669,15.075638,116.822037
132187.981692,159.983337,15.094009,117.212845
132188.022997,160.184845,15.003433,116.978683
132188.064308,160.081879,14.883652,117.071594
132188.105612,160.214386,14.977859,116.833694
132188.146911,160.146454,15.043488,116.985703
132188.188222,159.990631,14.930496,117.199707
132188.229519,159.826859,15.078400,117.164627
132188.270825,160.046295,14.801315,117.081757
132188.312131,159.945923,15.068054,116.786163
132188.353434,159.822815,14.784012,117.003357
132188.394740,160.150391,14.995468,117.175354
132188.436045,160.104767,14.899094,117.257751
132188.477354,159.939926,14.994263,117.175232
132188.518652,160.007370,14.974365,117.081360
132188.559957,159.934357,15.218613,117.414566
132188.601268,160.041626,14.815445,117.068832
132188.642565,160.065292,15.033859,117.181519
132188.683869,159.989716,15.056229,117.115219
132188.725174,160.132965,14.940216,117.052872
132188.766484,159.991943,15.086075,116.908203
132188.807781,160.057327,14.915649,117.110336
132188.849092,160.086578,14.897522,117.289215
132188.890388,160.028336,14.797943,116.925674
132188.931699,160.091995,14.888184,116.825577
132188.972998,159.966400,14.948944,117.016098
132189.014303,160.011719,14.648529,117.149628
132189.055614,160.168152,14.726929,117.272095
132189.096917,160.139038,14.669601,117.028458
132189.138213,159.825974,14.679245,116.854156
132189.179517,159.812302,14.838409,117.063004
132189.220820,159.942780,14.836258,117.059326
132189.262119,159.848816,14.947876,117.203903
132189.303428,159.916977,15.009094,116.983536
132189.344723,159.931442,15.082306,117.050278
132189.386033,159.905609,14.884613,116.863693
132189.427335,159.844788,14.806442,117.016037
132189.468637,159.792923,14.807724,117.086899
132189.509933,159.904495,15.087677,117.071655
132189.551242,159.965164,14.955093,116.827545
132189.592543,159.948608,15.119019,116.825851
132189.633845,159.866608,15.112106,117.370926
132189.675140,160.090637,15.029251,117.342499
132189.716444,160.020554,15.039139,117.186584
132189.757748,160.002792,15.025543,117.485031
132189.799057,160.409424,14.810806,117.324738
132189.840356,160.021774,15.042328,117.331802
132189.881669,159.773987,14.937119,117.360306
132189.922967,160.111542,14.645447,117.065781
132189.964272,160.044968,14.924561,117.025284
132190.005578,159.868423,14.854111,117.216385
132190.046889,159.931717,15.036423,117.679565
132190.088189,159.809250,14.969788,117.046524
132190.129493,159.951843,14.984024,117.090576
132190.170798,159.790344,14.818253,117.052429
132190.212102,159.832077,14.670502,117.257812
132190.253408,159.819336,14.894333,117.283112
132190.294713,159.843231,14.915283,117.324310
132190.336023,160.171356,14.750961,116.969040
132190.377327,159.862915,14.940475,117.031906
132190.418624,159.834900,15.126160,117.221664
132190.459929,159.605820,15.109436,117.173889
132190.501232,159.766846,15.119034,116.903839
132190.542538,159.777863,15.046280,116.845612
132190.583843,160.074646,15.015762,117.192886
132190.625147,160.073425,14.741333,117.023239
132190.666452,159.963608,14.826111,117.305847
132190.707756,159.885651,14.633453,116.926697
132190.749067,159.844574,14.913742,117.519775
132190.790366,159.931458,14.766556,116.919739
132190.831674,159.857971,14.920151,116.990433
132190.872972,159.824112,14.848892,117.041824
132190.914277,159.773392,14.919418,116.903732
132190.955588,160.005325,14.903564,116.911133
132190.996882,160.025406,14.611160,117.121826
132191.038185,159.756668,14.821564,117.084305
132191.079492,159.981827,14.811310,117.042206
132191.120788,160.038712,14.849304,117.322601
132191.162091,160.223190,14.785858,116.837540
132191.203395,159.994873,14.807251,117.036942
132191.244697,159.813354,14.833878,117.002625
132191.286007,159.826431,14.734802,117.021805
132191.327306,159.890640,14.739517,117.017960
132191.368601,159.794785,15.078262,116.790009
132191.409903,159.696152,14.922974,117.061752
132191.451210,159.664230,14.939911,117.228775
132191.492507,159.699493,14.957184,117.365891
132191.533812,159.948898,14.963913,117.287933
132191.575115,159.890991,14.643845,117.020004
132191.616421,160.078552,14.881546,116.987564
132191.657716,159.875488,14.713760,116.834229
132191.699016,160.241989,14.629654,117.206772
132191.740319,160.086685,14.897980,116.990646
132191.781622,160.004532,14.663574,117.011749
132191.822929,160.040298,14.806915,117.116028
132191.864229,160.026703,14.751740,116.925949
132191.905523,159.974030,14.855133,117.352936
132191.946827,160.087036,14.781418,116.912628
132191.988136,160.191833,14.784012,116.835342
132192.029433,160.330475,14.674927,116.875000
132192.070736,160.121964,14.651184,117.031403
132192.112039,160.092255,14.876450,117.140869
132192.153349,159.898849,14.977753,116.982529
132192.194643,160.171249,14.897919,116.995590
132192.235951,160.085541,14.877762,117.108505
132192.277253,160.153976,14.854416,117.033615
132192.318556,160.167267,14.912857,117.060883
132192.359851,160.087906,15.127411,117.000534
132192.401155,160.017334,15.137268,116.983093
132192.442459,160.061661,15.015076,117.130722
132192.483763,160.116852,15.013290,117.070053
132192.525073,159.869675,14.898483,117.055328
132192.566368,159.874496,14.918259,116.987335
132192.607671,159.765610,15.083679,116.766525
132192.648977,160.081024,14.916718,117.288177
132192.690281,159.987030,14.729462,117.319382
132192.731585,160.028229,14.671097,117.194122
132192.772888,160.152771,14.903580,116.856461
132192.814190,159.974670,14.807541,117.415970
132192.855492,160.113800,14.817398,117.214584
132192.896800,160.090347,14.659668,117.075806
132192.938096,159.994675,14.918381,117.455276
132192.979406,159.935974,14.868301,117.004150
132193.020703,159.915314,14.806656,117.316269
132193.062008,160.133514,14.850967,117.409271
132193.103314,160.090836,14.784058,117.218628
132193.144620,159.823669,14.978729,117.402008
132193.185925,159.843643,14.942291,117.216278
132193.227238,159.702652,14.974945,117.246674
132193.268535,159.847473,14.925476,117.223541
132193.309841,159.918671,14.814545,117.311264
132193.351148,159.943588,14.870789,117.395065
132193.392454,160.022156,14.779953,117.344803
132193.433760,159.764816,15.117706,117.455734
132193.475066,160.082626,15.004745,117.405640
132193.516372,159.825363,14.973068,117.403549
132193.557679,160.026672,14.918747,117.117249
132193.598986,159.818253,14.651245,117.198181
132193.640292,159.873932,14.859497,117.368179
132193.681600,160.035370,14.685440,117.487427
132193.722907,159.839691,14.895401,117.643021
132193.764213,159.828949,14.898132,117.264084
132193.805519,159.891098,14.908630,117.422379
132193.846832,159.856567,14.677246,117.392319
132193.888130,159.788483,14.983307,117.394669
132193.929434,159.774139,14.953003,117.424011
132193.970745,159.835800,14.797531,117.543549
132194.012046,159.822723,15.195053,117.349777
132194.053352,159.818771,15.017426,117.328552
132194.094655,159.671249,14.921234,117.247894
132194.135960,160.004944,14.822021,117.295380
132194.177266,159.858047,14.933334,117.201462
132194.218574,160.027206,14.739655,117.339127
132194.259880,159.819061,14.897415,117.312057
132194.301185,159.908401,14.828552,117.651184
132194.342490,159.884613,14.902939,117.458023
132194.383796,159.745834,15.041962,117.567139
132194.425102,159.885803,14.857193,117.447784
132194.466406,159.817688,15.025635,117.784241
132194.507717,159.819107,14.972794,117.381668
132194.549017,159.765121,14.828308,117.823059
132194.590323,159.930984,15.013794,117.838150
132194.631627,159.928345,15.033997,117.163544
132194.672931,159.781586,15.028778,117.427780
132194.714239,159.846176,15.008408,117.615356
132194.755536,159.884964,14.985748,117.361359
132194.796839,159.864426,15.019470,117.118515
132194.838147,159.966339,15.061401,117.170700
132194.879443,159.680252,15.163834,117.107040
132194.920747,159.665924,15.005264,117.222763
132194.962061,159.655487,15.124420,117.105743
132195.003359,159.840759,14.913040,117.309860
132195.044664,159.887451,14.885895,117.303894
132195.085968,159.689194,14.807739,117.195389
132195.127273,159.714890,14.929764,117.009995
132195.168582,160.036270,14.883057,117.495773
132195.209882,159.946472,14.919769,117.350723
132195.251186,159.935379,14.948685,117.349716
132195.292489,159.804016,15.029434,117.260681
132195.333797,159.982925,14.906067,117.352783
132195.375091,159.957932,14.924026,117.370071
132195.416398,159.953812,14.740234,117.148987
132195.457693,159.834778,14.915604,117.223572
132195.499000,159.942642,14.890671,117.033264
132195.540294,159.861877,14.777771,116.939926
132195.581600,159.762741,14.757080,117.070511
132195.622900,159.857407,14.776093,116.981842
132195.664194,159.784088,14.617081,117.259689
132195.705498,159.671097,14.721954,117.373322
132195.746802,159.747208,14.694626,117.643784
132195.788104,159.924164,14.722321,117.508118
132195.829412,159.864578,14.725586,117.138702
132195.870708,159.832047,14.780518,117.458237
132195.912014,159.982529,14.672806,117.264496
132195.953324,159.914429,14.814987,117.490570
132195.994620,160.020325,14.700684,117.045074
132196.035929,160.062088,14.636551,116.902603
132196.077232,160.070801,14.658203,117.412430
132196.118529,160.192963,14.562927,116.941193
132196.159833,160.224304,14.440033,117.159073
132196.201134,159.972198,14.677948,117.016251
132196.242442,160.118408,14.496368,117.002472
132196.283737,160.210678,14.483322,117.024124
132196.325039,160.010391,14.731705,117.094070
132196.366339,159.980133,14.847733,117.074493
132196.407644,160.005417,14.910370,117.066818
132196.448947,159.748062,14.817871,117.061569
132196.490257,159.912766,14.837296,117.302597
132196.531557,159.824463,14.767746,117.180023
132196.572858,159.850540,14.957489,117.273727
132196.614163,159.763657,15.034821,117.018585
132196.655466,159.834015,14.936157,117.226303
132196.696759,159.756851,14.804276,117.242157
132196.738061,159.773895,14.834793,117.476913
132196.779368,159.786545,14.833527,117.098495
132196.820670,159.915237,14.720642,117.222092
132196.861964,160.049118,14.536194,117.099091
132196.903272,159.660904,14.782288,116.846481
132196.944568,159.918045,14.718338,117.348404
132196.985875,159.889801,14.629929,117.063202
132197.027172,159.725449,14.896820,116.816727
132197.068479,159.769196,15.059479,117.292435
132197.109771,159.773590,14.879440,116.955185
132197.151073,160.131454,14.597534,116.955841
132197.192375,159.917877,14.829987,116.782852
132197.233682,160.066589,14.830948,116.957825
132197.274978,159.801346,14.939911,117.072678
132197.316285,159.839920,14.847214,116.898102
132197.357585,159.858307,14.725235,116.876511
132197.398885,159.967850,14.883591,116.839890
132197.440181,159.842606,14.837006,116.961411
132197.481491,159.828796,14.864792,117.241760
132197.522793,159.756348,15.039322,117.129837
132197.564092,159.745605,14.914963,117.104630
132197.605393,159.898941,14.977753,117.093094
132197.646697,159.877747,14.896683,117.351227
132197.688004,159.795929,14.944473,116.897308
132197.729301,159.791290,15.000854,116.918823
132197.770603,159.609436,15.029831,116.999191
132197.811905,159.819931,15.081802,117.141617
132197.853208,159.869888,14.992554,117.052811
132197.894512,159.827042,15.091125,117.186432
132197.935816,159.987228,14.807678,117.027817
132197.977126,160.006973,14.794907,116.946198
132198.018424,159.836472,14.903336,116.982346
132198.059726,159.624023,14.976059,117.203522
132198.101028,159.756973,14.843292,117.392807
132198.142339,159.766098,15.012405,116.996628
132198.183635,159.963852,15.050339,117.146622
132198.224939,159.832870,15.106842,117.443375
132198.266248,159.800232,15.115280,117.279236
132198.307543,159.882111,15.173584,117.296356
132198.348844,159.748108,15.162674,117.556732
132198.390150,159.963669,15.136032,117.267944
132198.431445,159.803345,15.126816,116.889282
132198.472749,159.969513,14.986526,117.005463
132198.514051,159.757050,14.822205,117.330414
132198.555352,159.704254,14.931229,116.975159
132198.596652,159.792389,14.838409,117.215714
132198.637953,159.826065,14.968079,116.984070
132198.679255,159.673386,15.020386,117.417923
132198.720557,159.540344,14.995529,117.097198
132198.761860,159.604309,15.065994,117.300949
132198.803167,159.801926,15.004669,117.147781
132198.844464,159.820892,14.940445,116.991623
132198.885769,159.961929,14.985001,117.057648
132198.927069,159.851242,14.844498,116.801819
132198.968372,159.861237,14.774597,117.207489
132199.009675,159.749985,14.791626,116.823807
132199.050978,160.160599,14.600601,116.821991
132199.092279,159.771408,14.805145,117.035431
132199.133581,159.729843,14.843216,116.811920
132199.174884,159.835968,14.653488,116.987350
132199.216193,159.945816,14.523788,117.358826
132199.257487,159.867676,14.669678,117.174225
132199.298798,159.879227,14.780411,117.208237
132199.340100,159.962448,14.569504,117.568008
132199.381403,160.095566,14.775940,117.515594
132199.422705,160.121597,14.843811,117.187347
132199.464001,160.136276,14.844986,116.866318
132199.505308,159.927261,14.559616,117.218231
132199.546602,160.007202,14.878769,117.070358
132199.587906,159.971832,14.659500,117.011154
132199.629208,159.855881,14.970428,116.833450
132199.670516,160.205994,14.806320,117.361191
132199.711817,159.944809,14.850510,117.171570
132199.753116,160.230118,14.756256,117.313950
132199.794410,160.069794,14.788040,117.233841
132199.835710,160.017212,14.845444,117.142151
132199.877015,159.849152,14.689819,117.145584
132199.918313,160.055099,14.724121,117.137009
132199.959606,159.896759,14.933807,117.293793
132200.000909,159.827011,14.873184,117.491699
132200.042216,160.041199,14.948944,117.035416
132200.083511,160.145416,14.929474,117.130920
132200.124819,159.938019,15.200500,117.283142
132200.166111,160.178421,14.925537,117.027985
132200.207410,160.165283,15.065460,117.328522
132200.248711,159.999954,15.024673,116.911987
132200.290010,159.943588,14.993866,117.153549
132200.331312,160.056931,14.884262,117.361465
132200.372619,159.999146,14.783203,117.130814
132200.413911,160.094040,14.910141,117.297287
132200.455213,159.903320,14.945389,117.051437
132200.496514,160.084503,15.036362,117.146744
132200.537814,159.902023,14.723969,116.936600
132200.579115,159.810684,15.038116,117.203751
132200.620417,159.767365,14.875565,117.403214
132200.661720,159.826279,15.024963,117.136856
132200.703024,160.001556,14.919266,117.283356
132200.744326,159.614014,15.012695,117.167450
132200.785634,159.748764,14.974243,117.195694
132200.826934,159.967621,15.071365,117.397156
132200.868235,159.888199,14.900345,117.075699
132200.909530,160.071121,14.844696,117.154053
132200.950830,159.889297,14.906265,117.088470
132200.992132,159.888870,14.818008,117.336929
132201.033435,159.897461,14.993607,116.979843
132201.074744,159.969055,14.938080,117.380966
132201.116038,159.820694,14.702713,117.053680
132201.157345,160.102295,14.718750,117.210648
132201.198645,159.909241,14.866150,117.456818
132201.239944,160.024567,14.969910,117.083313
132201.281236,160.166107,14.720642,116.833115
132201.322535,160.213821,14.500977,117.207993
132201.363838,159.998413,14.841293,117.259354
132201.405139,159.863174,14.822952,117.116806
132201.446448,159.998505,14.936707,117.075790
132201.487742,159.775848,14.898636,117.315018
132201.529043,159.917984,14.933182,117.021896
132201.570341,159.770187,14.777512,117.244415
132201.611648,159.759689,14.906143,117.315018
132201.652944,159.827316,14.915405,117.377380
132201.694250,159.640244,14.905090,117.134155
132201.735554,159.807175,15.022720,117.372452
132201.776860,159.718567,14.907776,117.466629
132201.818163,159.820847,15.040176,117.355392
132201.859468,159.728561,15.039932,117.069092
132201.900771,160.021027,14.980179,117.214569
132201.942080,159.762878,15.027710,117.365463
132201.983374,159.819870,14.941849,116.994644
132202.024675,159.673309,15.145294,117.176437
132202.065976,159.893219,14.858063,117.024414
132202.107284,159.867996,14.913742,117.413910
132202.148579,159.643112,15.038055,117.178467
132202.189883,159.787018,15.008896,117.274231
132202.231187,159.797714,15.111710,117.353134
132202.272492,159.867599,15.088699,117.200943
132202.313796,159.646713,15.037796,117.332474
132202.355101,159.653320,15.175858,117.586395
132202.396406,159.746323,14.982468,117.644608
132202.437712,159.835190,14.910034,117.640961
132202.479015,159.646317,15.012802,117.272369
132202.520318,159.951035,15.116196,117.050034
132202.561621,159.820679,15.063416,117.544418
132202.602925,159.786804,14.992844,117.435211
132202.644232,159.909058,15.103287,117.284271
132202.685527,159.918304,15.135300,117.084885
132202.726833,159.873032,14.861588,117.141922
132202.768128,159.806808,14.938126,117.358597
132202.809434,159.955826,15.071304,117.546921
132202.850736,159.725174,14.732285,117.384750
132202.892031,159.904266,15.016296,117.313812
132202.933333,159.723770,14.842560,117.595215
132202.974639,159.718674,14.981110,117.633179
132203.015941,159.862122,14.908707,117.467484
132203.057244,159.788681,14.971481,117.641724
132203.098545,159.840668,15.024979,116.982758
132203.139847,159.946884,15.163910,117.329742
132203.181151,159.683731,15.098480,117.462158
132203.222453,159.760834,15.076462,117.421783
132203.263762,159.802094,14.967636,117.168488
132203.305056,159.837448,14.910889,117.340332
132203.346360,159.903717,14.989349,117.191208
132203.387665,159.859665,14.735977,117.619827
132203.428971,159.483826,15.025665,117.348358
132203.470272,159.818024,15.035156,117.467941
132203.511573,159.885406,15.029541,117.382935
132203.552882,159.533737,14.978470,117.566559
132203.594174,159.412262,15.104401,117.532242
132203.635474,159.471909,15.126663,117.672409
132203.676782,159.575974,15.184448,118.010223
132203.718077,159.637863,15.150467,117.650345
132203.759379,159.646332,15.173950,117.606293
132203.800687,159.666199,15.055374,117.606979
132203.841982,159.603210,14.993011,117.601929
132203.883284,159.623657,15.108185,117.370010
132203.924585,159.648209,15.089737,117.558167
132203.965886,159.608109,15.157394,117.438080
132204.007187,159.678741,14.774628,117.512161
132204.048489,159.645859,14.981079,117.440186
132204.089790,159.720154,14.717438,117.408844
132204.131090,159.719528,14.801941,117.368561
132204.172392,159.613144,14.855270,117.570572
132204.213692,159.626251,14.870132,117.571686
132204.254994,159.628220,14.899597,117.642593
132204.296295,159.596573,15.104340,117.587585
132204.337600,159.846237,14.734863,117.658279
132204.378902,159.803925,14.868362,117.574585
132204.420206,159.684113,14.932587,117.532639
132204.461506,159.696548,14.698853,117.287506
132204.502809,159.481430,14.901733,117.484390
132204.544113,159.807663,14.863800,117.231155
132204.585419,159.596588,15.146133,117.412888
132204.626714,159.532486,14.831909,117.342148
132204.668018,159.391403,15.166595,117.313614
132204.709320,159.686203,14.950104,117.549118
132204.750622,159.831329,14.919724,117.436127
132204.791924,159.447235,15.060959,117.431824
132204.833225,159.423981,14.986481,117.524750
132204.874533,159.668335,15.053055,117.514542
132204.915833,159.737015,14.964386,117.251572
132204.957125,159.782272,14.842972,117.365143
132204.998424,159.706024,14.985565,117.368729
132205.039732,159.632217,15.052017,117.266922
132205.081025,159.524414,15.019043,117.058243
132205.122333,159.708084,15.153748,116.906403
132205.163629,159.789001,14.994995,117.254776
132205.204936,159.639313,15.106979,117.305405
132205.246230,159.467026,15.186737,117.167404
132205.287531,159.666458,14.906647,117.322327
132205.328833,159.518753,14.898407,117.399506
132205.370136,159.420334,15.014130,117.078064
132205.411435,159.603668,14.898575,117.253021
132205.452736,159.597672,15.238754,117.391205
132205.494036,159.653442,15.192932,117.452484
132205.535338,159.477173,14.998398,117.207611
132205.576640,159.504379,15.202042,117.054321
132205.617942,159.610443,15.313675,117.074219
132205.659243,159.691956,15.003098,117.264893
132205.700543,159.710724,15.032822,117.224228
132205.741844,159.634186,15.169464,117.175812
132205.783148,159.308182,15.083267,117.121506
132205.824451,159.475677,15.131088,117.368317
132205.865755,159.414337,14.998199,117.175842
132205.907060,159.678589,15.062469,116.848022
132205.948362,159.553772,15.160400,117.066559
132205.989663,159.625259,15.082962,117.342453
132206.030965,159.659119,15.071915,117.607361
132206.072265,159.580551,15.136627,117.383972
132206.113572,159.737000,15.285080,117.077515
132206.154863,159.431183,15.267380,116.964584
132206.196169,159.737625,14.926758,117.373169
132206.237464,159.649155,14.967606,117.005600
132206.278764,159.597824,14.875992,117.501572
132206.320063,159.619583,14.870453,117.128738
132206.361364,159.864716,14.805817,117.041382
132206.402667,159.624969,15.016724,117.254059
132206.443976,159.638214,14.837296,116.953598
132206.485272,159.688171,14.557266,117.225357
132206.526573,159.606522,14.783890,116.954697
132206.567881,159.764618,14.769684,117.227142
132206.609181,159.802765,15.027618,117.239517
132206.650475,159.612076,15.207748,117.329376
132206.691778,159.776031,14.993744,117.382767
132206.733081,159.624939,15.010147,117.236435
132206.774385,159.799286,15.167252,116.946243
132206.815688,159.522263,15.057724,117.312622
132206.856992,159.661667,15.053726,117.456146
132206.898299,159.539520,15.163879,117.337814
132206.939604,159.582718,15.117188,116.907822
132206.980908,159.801620,14.944580,116.970581
132207.022212,159.776306,14.861572,117.325287
132207.063515,159.953476,14.601669,117.172211
132207.104818,159.914490,14.708145,117.298828
132207.146121,159.838486,15.045807,117.416138
132207.187432,159.833618,14.841553,117.687576
132207.228729,159.764893,14.783401,117.543823
132207.270034,159.833496,14.894714,117.340744
132207.311339,159.864471,14.867722,117.394760
132207.352642,159.824539,15.030579,117.178665
132207.393946,159.866837,15.267731,117.433426
132207.435251,159.695312,15.077286,117.485474
132207.476558,159.799591,14.863281,117.293488
132207.517862,159.791016,14.993134,117.365967
132207.559166,159.862686,15.045944,117.354248
132207.600470,159.609085,15.005463,117.417114
132207.641773,159.712280,14.970718,116.936478
132207.683078,159.812241,15.192566,117.281418
132207.724383,159.670944,15.111740,117.164932
132207.765686,159.547989,14.989929,117.092102
132207.806991,159.746979,14.984772,117.473862
132207.848296,159.762451,15.038330,117.361938
132207.889598,159.600235,14.999878,117.371780
132207.930901,160.008926,15.040359,117.407532
132207.972203,159.932480,15.033493,117.479614
132208.013506,159.764359,14.936340,117.521362
132208.054806,159.785034,14.773422,117.579117
132208.096114,160.067795,14.739822,117.231979
132208.137412,159.612900,15.113586,117.250504
132208.178715,159.675873,15.073456,116.817535
132208.220018,159.636398,15.009186,116.919601
132208.261326,159.815048,14.782242,117.233566
132208.302620,159.668030,15.011185,117.438263
132208.343923,159.604218,14.936493,117.320938
132208.385225,159.789307,14.854706,116.979568
132208.426530,159.507828,14.839340,117.263245
132208.467834,159.773575,14.809418,117.454483
132208.509138,159.797470,15.014557,117.079956
132208.550440,159.580505,15.150009,117.255417
132208.591749,159.705460,15.034851,117.225235
132208.633046,159.794022,15.159866,117.295441
132208.674357,159.911026,14.918991,117.141617
132208.715655,159.796173,14.922867,117.410751
132208.756960,159.823761,14.990280,117.535080
132208.798263,159.835785,14.872681,117.469376
132208.839566,159.757004,14.864807,117.423248
132208.880870,159.523682,14.997986,117.300186
132208.922173,159.770645,14.931290,117.377167
132208.963478,159.760315,14.830261,117.243256
132209.004783,159.661591,14.982040,117.554077
132209.046086,159.601379,14.853546,117.319733
132209.087390,159.781479,15.019440,117.370865
132209.128696,159.601990,14.906708,117.466858
132209.170007,159.807068,14.896393,117.309296
132209.211304,159.733475,14.977692,117.547150
132209.252609,159.646378,14.889572,117.297623
132209.293915,159.733292,14.756790,117.473572
132209.335221,159.725677,14.995117,117.065231
132209.376524,159.617630,14.973022,117.179581
132209.417828,159.861237,14.657181,117.431610
132209.459134,159.699478,14.753510,117.627502
132209.500436,159.709061,14.810715,117.575699
132209.541739,159.627258,14.903870,117.520599
132209.583038,159.879288,14.903122,117.392746
132209.624333,159.606018,15.030960,117.200745
132209.665641,159.446045,14.928925,117.755875
132209.706936,159.777832,15.120483,117.505630
132209.748240,159.792419,15.185928,117.300919
132209.789542,159.594437,15.173874,117.642410
132209.830846,159.567032,15.079254,117.574371
132209.872150,159.812424,14.951370,117.502090
132209.913455,159.565598,14.994690,117.268250
132209.954760,159.652878,15.130051,117.031372
132209.996062,159.816498,14.961090,117.473724
132210.037365,159.712692,14.915192,117.585480
132210.078672,159.586960,14.799362,117.404221
132210.119974,159.663666,15.051102,117.662704
132210.161271,159.618118,15.014633,117.092590
132210.202573,159.617126,14.856934,117.324310
132210.243875,159.472946,14.910782,117.371567
132210.285176,159.846939,14.905136,117.341980
132210.326476,159.612411,14.886734,117.564621
132210.367786,159.770493,15.087494,117.214569
132210.409084,159.655869,15.176727,117.452103
132210.450387,159.740555,14.963043,117.633041
132210.491692,159.646378,15.232483,117.341660
132210.532997,159.525711,15.030762,117.378586
132210.574300,159.661255,14.997955,117.497986
132210.615602,159.526489,15.255737,117.308258
132210.656902,159.536880,15.255615,117.524734
132210.698205,159.422852,15.160126,117.171265
132210.739510,159.391403,15.175018,117.002701
132210.780813,159.376678,15.120819,117.346893
132210.822116,159.451630,15.159241,117.274277
132210.863422,159.268036,15.302429,117.423920
132210.904726,159.494598,15.194016,117.497894
132210.946030,159.394562,15.232117,117.409637
132210.987336,159.477600,15.442215,117.333084
132211.028642,159.602921,15.200592,117.294556
132211.069951,159.361160,15.156448,117.542694
132211.111257,159.522293,15.267746,117.191086
132211.152561,159.648895,15.049835,117.366119
132211.193866,159.473999,15.231140,117.193024
132211.235173,159.470169,15.197205,117.228012
132211.276479,159.366486,15.200485,117.305435
132211.317785,159.197083,15.193420,117.399567
132211.359091,159.163269,15.220200,117.417358
132211.400397,159.446671,15.209915,117.306198
132211.441706,159.466537,15.355057,117.638641
132211.483016,159.399551,15.433609,117.619659
132211.524312,159.226120,15.405533,117.294632
132211.565614,159.260086,15.424576,117.815277
132211.606919,159.442764,15.525543,117.484390
132211.648223,159.354675,15.417831,117.678955
132211.689524,159.282990,15.223175,117.531570
132211.730830,159.460846,15.264008,117.457642
132211.772135,159.735825,15.247574,117.293747
132211.813443,159.528564,15.185120,117.060547
132211.854749,159.591797,15.026917,117.331406
132211.896058,159.554138,14.963623,117.214737
132211.937364,159.530319,14.836792,117.252808
132211.978671,159.603058,15.037369,117.486755
132212.019977,159.722672,15.019424,117.263062
132212.061283,159.640656,15.006821,117.361725
132212.102590,159.670715,14.998871,117.694000
132212.143899,159.861130,14.844315,117.503098
132212.185206,159.998703,14.944656,117.632233
132212.226512,159.804092,15.129456,117.469864
132212.267818,159.927475,15.160156,117.477966
132212.309126,159.888885,15.010498,116.978088
132212.350432,159.851349,15.261642,117.178497
132212.391736,159.872101,14.918777,117.111801
132212.433042,159.613235,15.071198,117.303482
132212.474348,159.750275,14.927658,117.190643
132212.515654,159.557724,14.764954,117.393921
132212.556957,159.531036,15.115051,117.219528
132212.598263,159.662537,15.034592,117.367203
132212.639571,159.608185,15.222397,117.323288
132212.680877,159.516113,15.105240,117.153992
132212.722184,159.329483,15.314362,117.915146
132212.763489,159.502167,15.092987,117.592392
132212.804794,159.603088,15.042938,117.316727
132212.846099,159.699326,14.951645,117.593750
132212.887406,159.779861,14.940353,117.704559
132212.928711,159.709213,15.009186,117.420197
132212.970016,159.792404,15.037766,117.383286
132213.011324,159.544769,15.226059,117.398163
132213.052633,159.566711,15.153854,117.328110
132213.093939,159.386398,15.076187,117.612778
132213.135246,159.613174,14.979233,117.848816
132213.176552,159.849457,14.855774,117.735260
132213.217857,159.593124,15.331894,117.500015
132213.259162,159.570480,15.149551,117.430038
132213.300467,159.790192,14.982849,117.667816
132213.341771,159.554962,15.262604,117.483459
132213.383078,159.605835,15.254196,117.278732
132213.424383,159.503815,15.304214,117.476654
132213.465690,159.734055,15.212326,117.342941
132213.506996,159.469467,15.135452,117.302841
132213.548302,159.565475,15.074524,117.238831
132213.589606,159.581970,15.208206,117.399796
132213.630912,159.591858,15.020279,117.059006
132213.672218,159.516510,15.221024,117.191238
132213.713526,159.407562,14.848526,117.273026
132213.754830,159.735367,14.951828,117.390564
132213.796135,159.415451,15.130341,117.321747
132213.837441,159.558670,15.188248,117.274643
132213.878746,159.650360,14.985535,117.216690
132213.920051,159.470978,15.051788,117.487686
132213.961356,159.382263,15.200912,117.543167
132214.002661,159.553970,15.225296,117.474457
132214.043966,159.427551,15.395630,117.396057
132214.085269,159.481842,15.300034,117.479477
132214.126572,159.380356,15.099777,117.248184
132214.167875,159.469910,15.339890,117.296860
132214.209179,159.363846,14.999527,117.063690
132214.250482,159.583603,15.122742,117.241684
132214.291782,159.653275,14.853714,117.270538
132214.333084,159.469025,14.950317,117.206406
132214.374386,159.533798,15.238754,117.143967
132214.415689,159.529739,15.126419,117.117966
132214.456997,159.624069,15.091904,117.044342
132214.498292,159.549789,15.057724,116.987640
132214.539594,159.612946,15.149139,117.025574
132214.580896,159.538651,15.121582,117.100174
132214.622200,159.558273,15.310928,117.238708
132214.663502,159.565125,15.007065,116.955078
132214.704806,159.786438,15.061493,117.245941
132214.746110,159.668060,14.937225,116.988754
132214.787414,159.748703,14.934891,116.550385
132214.828719,159.748032,14.856064,117.272369
132214.870023,159.809982,14.982300,117.147552
132214.911327,159.619873,14.851425,116.893051
132214.952631,159.607391,14.635895,117.257553
132214.993933,159.653030,14.853760,117.184250
132215.035239,159.964935,14.872482,117.453079
132215.076542,159.703552,14.648041,117.162476
132215.117846,159.580917,15.005997,117.265991
132215.159150,159.622940,14.827118,117.282303
132215.200454,159.732330,14.943314,117.225433
132215.241759,159.712143,14.817474,116.842941
132215.283065,159.731064,14.923370,117.323013
132215.324367,159.545013,14.856857,117.468704
132215.365671,159.617783,14.888306,117.447876
132215.406974,159.884979,14.772644,117.265915
132215.448285,159.680740,14.967194,117.206833
132215.489581,159.706726,14.878632,117.070694
132215.530886,159.790192,14.660294,117.054596
132215.572191,159.626572,14.846161,117.457825
132215.613498,159.480972,14.946701,117.538452
132215.654803,159.569977,14.773193,117.325516
132215.696107,159.597015,14.835861,117.379868
132215.737413,159.596512,14.694946,117.484650
132215.778718,159.634827,14.809830,117.638077
132215.820023,159.632355,14.851730,117.494003
132215.861325,159.745850,14.803757,117.292709
132215.902627,159.564743,15.024612,117.674683
132215.943929,159.469772,14.906723,117.403442
132215.985233,159.751602,15.009735,117.245621
132216.026534,159.697250,14.903427,117.279205
132216.067841,159.721191,14.768799,117.362305
132216.109139,159.706284,14.771622,117.563217
132216.150444,159.763901,14.898666,117.411407
132216.191746,159.765411,14.781555,117.420456
132216.233051,159.882965,14.798981,117.234268
132216.274352,159.668320,14.721939,117.486572
132216.315656,159.537292,14.977310,117.528061
132216.356961,159.673859,14.892685,117.628662
132216.398264,159.650742,15.040924,117.241791
132216.439568,159.943298,14.978500,117.580811
132216.480872,159.746918,14.898422,117.252075
132216.522176,159.754456,14.798843,117.074112
132216.563480,159.762421,14.814926,117.260895
132216.604785,159.804031,14.920334,117.440933
132216.646089,159.915131,14.752228,117.086014
132216.687395,159.638397,14.850006,117.324921
132216.728699,159.710373,14.674118,116.883759
132216.770005,159.493805,14.939926,117.318100
132216.811310,159.487686,14.965988,117.230515
132216.852617,159.600281,14.837296,117.129364
132216.893926,159.698257,14.741043,117.008530
132216.935234,159.799820,14.879547,117.273712
132216.976542,159.777344,15.032303,117.457993
132217.017847,159.884659,14.834763,117.222717
132217.059154,159.994476,14.915359,117.561234
132217.100458,159.760742,15.037766,117.372833
132217.141764,159.919693,14.962402,117.098923
132217.183068,159.957611,14.957336,117.295349
132217.224373,159.704269,14.770752,117.219376
132217.265680,159.774414,14.559738,117.182297
132217.306987,159.941422,14.625000,117.181061
132217.348291,159.945374,14.549728,117.123856
132217.389594,159.783081,14.588440,117.078491
132217.430893,159.913254,14.899445,117.109543
132217.472195,159.753372,14.753204,117.264893
132217.513502,160.050842,14.536560,117.198975
132217.554797,160.146271,14.372452,117.437134
132217.596098,160.136932,14.774307,117.536865
132217.637400,160.053619,14.761581,117.404114
132217.678704,160.102814,14.739380,117.256866
132217.720008,160.105576,14.685638,117.209579
132217.761309,159.949005,14.704178,117.244293
132217.802613,160.097855,14.635376,117.376053
132217.843917,160.003159,14.610870,117.470551
132217.885219,159.846359,14.662567,117.318939
132217.926521,159.896484,14.622421,117.704727
132217.967824,159.901047,14.684631,117.328705
132218.009126,159.867462,14.476593,117.348251
132218.050428,159.979340,14.576172,117.287399
132218.091732,159.944321,14.556915,117.161240
132218.133042,159.886551,14.560745,117.084930
132218.174339,160.064850,14.661591,117.386688
132218.215642,159.669174,14.625336,117.345963
132218.256945,159.831482,14.784470,117.310349
132218.298249,159.935043,14.918915,117.338516
132218.339550,160.031693,14.734985,117.354614
132218.380852,159.837555,14.644714,117.367401
132218.422155,159.731735,14.909103,117.284744
132218.463458,159.939957,14.676407,117.054764
132218.504760,159.950638,14.313354,116.998459
132218.546064,159.870331,14.614334,117.550735
132218.587367,159.896973,14.739899,117.137650
132218.628669,159.911484,14.774765,117.223740
132218.669972,159.521729,15.048584,117.457581
132218.711274,159.774033,14.679214,117.453522
132218.752577,159.861069,14.865540,117.126495
132218.793880,159.928192,14.730392,117.080688
132218.835182,159.935410,14.988495,117.298981
132218.876485,159.962265,14.804123,117.388580
132218.917787,159.769165,14.995911,117.395996
132218.959090,159.784348,14.985626,117.245438
132219.000393,159.958817,15.003632,117.338654
132219.041696,159.925674,15.131760,117.353531
132219.082996,159.892151,14.903305,117.558121
132219.124297,159.918930,14.719620,117.168930
132219.165597,159.854706,14.672516,117.255753
132219.206898,160.042953,14.780228,117.134094
132219.248199,159.894318,14.636703,117.229538
132219.289499,159.910416,14.936371,117.344421
132219.330798,159.773941,14.969696,117.130096
132219.372098,159.746948,14.881363,116.955734
132219.413401,159.816925,14.877045,117.256882
132219.454693,160.112228,14.835678,117.052734
132219.495992,159.765778,15.001587,117.036591
132219.537292,159.751266,14.831024,117.334427
132219.578593,159.830505,14.841187,116.904739
132219.619897,159.744797,15.027679,117.076584
132219.661203,160.065872,14.900986,117.075119
132219.702507,160.163696,14.751465,117.067261
132219.743811,160.090286,14.610977,117.410538
132219.785116,159.933014,14.849274,117.434204
132219.826419,159.963165,14.704285,117.356049
132219.867724,159.880615,14.792740,117.206528
132219.909028,159.705841,14.747055,117.224335
132219.950333,159.867722,14.837326,117.295883
132219.991636,159.871689,14.884705,117.305542
132220.032939,159.952713,14.964615,117.297348
132220.074241,160.017593,14.896957,117.347687
132220.115543,159.952927,14.771713,117.374344
132220.156845,160.144119,14.749878,117.026581
132220.198148,160.240143,14.821304,117.289886
132220.239446,160.159943,14.675079,116.965683
132220.280748,160.312057,14.698914,116.911560
132220.322051,159.838608,14.881744,117.342865
132220.363355,159.839325,14.852203,116.967697
132220.404658,159.809372,14.917374,116.804657
132220.445960,159.822159,14.526352,116.997620
132220.487262,159.792480,14.845551,116.864853
132220.528562,159.824417,14.689896,117.025436
132220.569864,159.860428,14.867462,116.956924
132220.611168,159.454071,14.889374,117.305374
132220.652473,159.750565,14.955536,117.040329
132220.693777,159.720749,15.130508,117.157120
132220.735083,159.778809,14.869278,116.842285
132220.776383,159.821091,14.846756,116.956406
132220.817684,159.936539,15.012192,116.887375
132220.858986,159.805298,14.991409,116.663361
132220.900290,159.786453,14.941650,116.793793
132220.941595,159.711548,14.843231,117.101608
132220.982898,159.957687,14.707748,117.249115
132221.024199,159.822968,14.864456,117.163071
132221.065500,159.825363,14.766220,117.057770
132221.106805,159.888931,14.809616,117.154175
132221.148110,159.746231,14.762741,117.282730
132221.189420,159.847839,14.857483,117.483475
132221.230724,159.964874,15.065994,117.140732
132221.272028,160.032654,15.063126,117.312256
132221.313334,159.787933,15.051193,117.476776
132221.354640,159.855026,15.058365,117.480682
132221.395948,159.921127,14.980515,117.342560
132221.437252,159.786240,15.104813,117.273880
132221.478556,160.151443,14.783386,116.970093
132221.519861,160.090195,14.666000,116.820847
132221.561164,159.970215,14.608688,117.110352
132221.602469,159.915482,14.835007,117.071228
132221.643773,160.031433,14.594009,117.034180
132221.685077,159.813385,14.603790,117.161499
132221.726383,159.821182,14.713531,117.650040
132221.767688,159.779663,14.625259,117.581512
132221.808991,159.960510,14.900970,117.879257
132221.850294,160.104874,14.815674,117.784943
132221.891599,160.004654,14.819427,117.317154
132221.932904,160.076172,15.026062,117.363922
132221.974207,159.856644,14.863968,117.540756
132222.015510,159.905212,14.642181,117.262589
132222.056813,160.177261,14.907349,117.202209
132222.098115,160.128204,14.800034,117.309769
132222.139417,159.973892,14.700668,117.604874
132222.180718,160.100266,14.631226,117.311172
132222.222023,159.890182,14.490646,117.399414
132222.263326,159.984390,14.585587,117.380997
132222.304627,159.981567,14.592453,117.255096
132222.345932,160.062897,14.631500,117.421600
132222.387236,159.915680,14.747314,117.703033
132222.428540,160.105652,14.639709,117.272690
132222.469845,160.113586,14.848511,117.208908
132222.511149,160.135590,14.928345,117.160812
132222.552452,160.284592,14.664505,117.480835
132222.593754,159.969482,14.824722,117.215820
132222.635057,159.785080,14.878754,117.171265
132222.676360,159.761841,15.135284,117.516022
132222.717661,159.992447,15.029160,117.280273
132222.758964,159.889389,14.885651,117.346207
132222.800267,159.958694,14.832825,117.218857
132222.841569,159.827393,14.880035,117.132111
132222.882871,159.729584,14.790146,117.442871
132222.924173,159.652100,14.902298,116.999023
132222.965478,159.794815,14.806046,117.049088
132223.006782,159.864685,14.728027,117.650620
132223.048087,159.831375,14.685394,117.530899
132223.089392,159.825394,14.954376,117.834442
132223.130696,159.876404,15.097061,117.495163
132223.172001,160.002090,14.897446,117.444580
132223.213305,159.872208,14.848831,117.405777
132223.254609,159.893723,14.956314,117.184326
132223.295914,159.851471,14.866592,117.698883
132223.337220,160.096619,14.893600,117.262665
132223.378527,159.958755,14.771698,117.039124
132223.419835,159.653290,14.981537,117.430969
132223.461140,159.572357,15.004501,117.535202
132223.502444,159.638992,14.849472,117.575546
132223.543748,159.772995,14.805161,117.581345
132223.585052,159.852325,14.767014,117.677536
132223.626357,159.831848,14.855804,117.844864
132223.667662,159.877151,15.046143,117.324844
132223.708967,159.803467,14.990036,117.285950
132223.750271,159.697571,14.809235,117.194016
132223.791576,159.519012,14.908661,117.572052
132223.832883,159.657684,15.020309,117.449921
132223.874188,159.561401,14.921906,117.360657
132223.915495,159.759613,15.107513,117.338303
132223.956801,159.647186,15.018143,117.538361
132223.998108,159.619949,14.854446,117.697693
132224.039414,159.769821,14.854462,117.397217
132224.080720,159.715790,14.922272,117.372498
132224.122029,159.498230,14.979797,117.584473
132224.163325,159.449081,15.124283,117.729355
132224.204631,159.448059,15.144348,117.778366
132224.245938,159.498749,15.134857,117.921799
132224.287243,159.612381,15.053131,117.586166
132224.328556,159.763275,15.155106,117.595413
132224.369855,159.703949,15.166229,117.390930
132224.411162,159.811432,15.032425,117.658646
132224.452467,159.767212,15.196381,117.391861
132224.493773,159.781860,15.091568,117.439331
132224.535079,159.830032,15.093536,117.345230
132224.576385,160.047363,14.776138,117.792419
132224.617689,159.931717,14.938568,117.553085
132224.658995,159.814575,15.039001,117.600235
132224.700302,159.969894,14.944473,117.742050
132224.741609,159.866180,14.972397,117.819702
132224.782912,160.028748,14.811798,117.558243
132224.824217,159.902756,14.866974,117.885132
132224.865521,159.871887,14.911896,117.785843
132224.906825,159.830765,14.971497,118.021744
132224.948130,159.989670,14.950043,118.006775
132224.989435,159.758560,14.856369,117.942947
132225.030740,159.854919,14.952667,117.873840
132225.072045,159.607330,14.989151,117.659393
132225.113350,159.797791,14.987167,117.918594
132225.154655,159.858276,14.878387,117.727585
132225.195960,159.923920,14.738480,117.836700
132225.237264,159.797791,14.676224,117.977066
132225.278568,159.696091,14.862946,118.036179
132225.319871,159.655899,14.988541,117.868576
132225.361175,159.548492,14.918015,117.767792
132225.402480,159.747238,14.878159,117.781433
132225.443783,159.704575,14.719482,117.794418
132225.485088,159.924606,14.868530,117.867081
132225.526393,159.757233,14.891541,117.927078
132225.567696,159.883255,14.772995,117.919235
132225.609001,159.571213,14.949860,118.182281
132225.650306,159.710266,14.996323,117.799438
132225.691611,159.687195,14.939529,117.837448
132225.732916,159.607483,15.035950,117.579681
132225.774220,159.618866,14.820221,117.686554
132225.815525,159.780960,14.897537,118.081131
132225.856830,159.877258,14.881393,117.883362
132225.898133,159.734604,14.764053,117.933105
132225.939435,159.840530,14.853439,117.561539
132225.980739,159.427811,15.034561,118.056015
132226.022044,159.405884,15.062576,118.036530
132226.063351,159.591064,15.220123,117.665359
132226.104656,159.568649,15.297089,117.948990
132226.145962,159.543320,15.120941,117.800842
132226.187271,159.883957,14.956665,117.877243
132226.228577,159.606018,15.234802,117.974747
132226.269885,159.549438,15.072647,117.764114
132226.311193,159.656342,15.000717,117.687393
132226.352500,159.928329,14.836655,117.599518
132226.393806,159.604706,14.835861,117.650406
132226.435112,159.776703,14.811356,117.888489
132226.476418,159.512512,15.068069,117.470444
132226.517726,159.738327,15.180222,117.467743
132226.559033,159.595490,15.090530,117.900146
132226.600339,159.442368,15.034058,117.722504
132226.641644,159.464172,15.045563,117.612122
132226.682950,159.800018,15.043274,117.528931
132226.724254,159.711212,15.174728,117.564087
132226.765561,159.451279,15.335068,117.918228
132226.806864,159.618927,15.117096,117.624512
132226.848169,159.767105,15.253357,117.655746
132226.889474,159.592850,15.130951,117.536224
132226.930779,159.853241,15.037415,117.645142
132226.972083,159.798340,15.088501,117.651718
132227.013389,159.883148,14.941528,117.836945
132227.054693,159.865234,15.004181,117.929916
132227.096000,159.635513,14.879059,118.077332
132227.137304,159.727402,14.976120,117.875626
132227.178609,159.516190,15.132507,118.030807
132227.219912,159.712570,14.966736,117.837189
132227.261216,159.849716,14.960495,117.835678
132227.302521,159.795609,15.037247,118.027878
132227.343827,159.700455,15.125015,118.013290
132227.385133,159.836197,15.114258,117.581436
132227.426439,159.585434,15.132111,117.710571
132227.467744,159.615662,15.150772,117.564331
132227.509050,159.669434,15.017624,117.080078
132227.550355,159.655060,15.126770,117.419220
132227.591659,159.632141,14.928604,117.557205
132227.632963,159.720795,14.714874,117.633423
132227.674267,159.789841,15.000763,117.607315
132227.715572,159.700012,15.080093,117.854553
132227.756876,159.824539,15.014099,117.758377
132227.798181,159.893967,15.049469,117.766251
132227.839486,159.698578,14.979065,117.960632
132227.880794,159.765686,15.271530,117.604568
132227.922100,159.646194,15.241119,117.785446
132227.963404,159.852005,15.064728,117.456192
132228.004708,159.673950,15.232407,117.594223
132228.046012,159.735474,15.039764,117.641541
132228.087319,159.723969,15.402237,117.567032
132228.128624,159.714386,15.396530,117.714417
132228.169928,159.878311,15.152542,117.559387
132228.211231,159.816422,15.181168,117.802078
132228.252534,159.617279,15.169800,117.558472
132228.293839,159.664154,15.326950,117.201111
132228.335144,159.568100,15.214722,117.419952
132228.376450,159.654236,15.009842,117.349884
132228.417755,159.795303,15.129242,117.335434
132228.459057,159.790176,15.079254,117.278091
132228.500361,159.600433,15.229706,117.367294
132228.541666,159.627640,15.207993,117.310730
132228.582973,159.593994,15.445770,117.485718
132228.624278,159.644608,15.290207,117.550568
132228.665583,159.548340,15.196274,117.345520
132228.706890,159.725800,15.154617,117.104202
132228.748194,159.533432,15.193253,117.184250
132228.789497,159.664383,15.109848,117.210678
132228.830801,159.685608,15.013412,116.737305
132228.872104,159.516846,15.287979,117.215088
132228.913410,159.546600,15.180817,117.396271
132228.954715,159.457062,15.404556,117.256317
132228.996019,159.592224,15.122604,117.522263
132229.037324,159.450638,15.126328,117.514786
132229.078629,159.683197,15.165329,117.365753
132229.119933,159.512131,15.138596,117.209671
132229.161236,159.788773,15.094009,117.346771
132229.202540,159.622665,15.199219,117.306213
132229.243845,159.498322,15.457458,117.529984
132229.285147,159.600937,15.279800,117.281891
132229.326450,159.592056,15.268936,117.281815
132229.367752,159.739792,15.147568,117.205460
132229.409057,159.638458,15.078949,117.009079
132229.450363,159.707047,14.973663,117.034302
132229.491668,159.640747,15.055054,117.391800
132229.532973,159.603195,15.056412,117.418625
132229.574277,159.524719,15.124252,117.422394
132229.615581,159.636368,14.949753,117.577530
132229.656885,159.436066,15.299927,117.452362
132229.698191,159.587601,15.011154,117.220718
132229.739497,159.610474,15.050812,117.097290
132229.780802,159.633072,15.077316,117.199371
132229.822107,159.577682,15.227951,117.421265
132229.863410,159.654968,15.044952,117.131607
132229.904710,159.672821,15.091965,117.102280
132229.946012,159.823425,15.139236,117.285416
132229.987313,159.945236,15.021347,117.151749
132230.028617,159.677017,15.100876,117.242294
132230.069919,159.503006,15.083420,117.153091
132230.111222,159.566055,15.011841,116.991608
132230.152524,159.721863,15.028763,117.142319
132230.193828,159.737701,15.006149,117.283279
132230.235132,159.776840,14.921677,117.310638
132230.276434,159.636719,15.012634,117.331772
132230.317736,159.850433,14.940277,117.172836
132230.359045,159.706757,14.963684,117.092133
132230.400343,159.689163,15.097214,117.050049
132230.441649,159.729721,14.785065,117.278275
132230.482951,159.726074,14.972687,116.973877
132230.524256,159.830795,14.866028,117.196732
132230.565560,159.710983,14.653229,117.087830
132230.606863,159.685944,14.934555,116.983932
132230.648165,159.520660,14.712845,117.041138
132230.689468,159.764114,14.686646,117.274704
132230.730769,159.568130,14.947998,117.235748
132230.772072,159.794678,15.149918,116.878448
132230.813374,159.617889,15.061401,117.459488
132230.854676,159.506073,15.191910,117.328400
132230.895978,159.588440,15.289612,117.136810
132230.937281,159.602402,15.251816,117.162186
132230.978585,159.720093,15.150085,117.396179
132231.019890,159.717651,15.140427,117.382050
132231.061193,159.565979,14.949783,117.205246
132231.102499,159.761307,14.829041,117.100052
132231.143805,159.777237,15.053055,116.868164
132231.185108,159.566406,14.737564,117.009293
132231.226411,159.796051,14.816193,116.959183
132231.267712,159.869400,14.746841,117.067902
132231.309015,159.674438,14.599411,116.999908
132231.350318,159.497818,14.925003,117.214493
132231.391624,159.665710,14.784485,116.881348
132231.432928,159.610779,14.859970,117.331329
132231.474233,159.785629,14.781677,117.143555
132231.515535,159.520447,14.943954,117.333862
132231.556838,159.798325,15.272278,117.176331
132231.598141,159.775360,15.011475,117.260727
132231.639445,159.620956,15.010666,117.320999
132231.680749,159.670929,15.201172,117.238022
132231.722055,159.706436,15.300766,117.080215
132231.763360,159.519119,14.954178,117.329117
132231.804663,159.810486,14.775360,117.405075
132231.845967,159.706146,14.761887,116.984314
132231.887272,159.738754,14.804001,117.378937
132231.928576,159.803391,15.019897,117.431396
132231.969881,159.810257,15.025223,117.386597
132232.011187,159.696960,14.926620,117.026672
132232.052490,159.564621,15.001419,117.464478
132232.093794,159.636948,15.099045,117.598114
132232.135100,159.677307,14.952362,117.676041
132232.176405,159.742996,14.964828,117.505005
132232.217710,159.793121,14.891052,117.139847
132232.259016,159.637787,14.989273,117.484161
132232.300322,159.733704,15.137955,117.400909
132232.341627,159.852951,14.890961,117.422577
132232.382933,159.882370,15.097015,117.311798
132232.424238,159.941071,15.027344,117.390152
132232.465544,159.734421,14.922348,117.586075
132232.506849,159.648773,14.992859,117.520599
132232.548153,159.954239,15.000916,117.130905
132232.589460,159.673050,15.034607,117.126144
132232.630765,159.916687,14.954239,117.297256
132232.672069,159.831009,15.171570,117.528778
132232.713374,160.009033,15.037811,116.994049
132232.754679,159.735550,15.295578,117.219360
132232.795982,159.790924,15.018951,117.337677
132232.837285,159.776703,15.149841,117.154663
132232.878586,159.838501,15.060883,117.056122
132232.919888,159.791351,15.196075,117.180313
132232.961190,159.702393,15.058395,117.224731
132233.002493,159.882309,15.058914,117.503098
132233.043797,159.718002,14.870255,117.533432
132233.085100,159.778290,14.910934,117.616486
132233.126403,159.752182,15.041473,117.575272
132233.167703,159.974045,14.847122,117.611465
132233.209005,159.595520,15.036621,117.750931
132233.250307,159.747330,15.003204,117.609787
132233.291609,159.661163,15.091141,117.377243
132233.332911,159.762039,15.045700,117.181717
132233.374214,159.785629,15.200150,117.584503
132233.415517,159.764893,15.080444,117.295563
132233.456818,159.813416,15.178650,116.935287
132233.498121,159.930084,14.952423,117.059891
132233.539428,159.799408,15.096268,117.462891
132233.580731,159.648163,15.081879,117.437027
132233.622035,159.748032,15.146362,117.411316
132233.663339,159.944107,15.108032,117.378708
132233.704643,159.869003,14.901505,117.427292
132233.745945,159.781998,15.166885,117.585846
132233.787249,159.710144,15.137848,117.305435
132233.828554,159.715332,15.067902,117.706696
132233.869856,159.678604,15.144714,117.594604
132233.911160,159.727737,15.017014,117.624146
132233.952465,159.801651,15.185654,117.518677
132233.993768,159.579025,15.380157,117.558945
132234.035073,159.678848,15.166992,117.191177
132234.076379,159.824112,15.333328,117.284500
132234.117685,159.600143,15.202850,117.439499
132234.158991,159.770279,15.270493,117.365189
132234.200297,159.550308,15.398743,117.328033
132234.241603,159.653809,15.208008,117.121841
132234.282910,159.719757,15.279495,117.438202
132234.324215,159.808807,15.044174,117.631012
132234.365520,159.789566,15.185959,117.165863
132234.406824,159.733765,15.153473,117.399185
132234.448127,159.856125,15.059097,117.546967
132234.489434,159.876007,15.186081,117.557068
132234.530738,159.652390,15.058868,117.627777
132234.572042,159.704849,15.156845,117.472885
132234.613349,159.697861,15.038406,117.454865
132234.654654,159.576721,15.176498,117.430176
132234.695959,159.547150,15.260742,117.473175
132234.737263,159.672745,15.256439,117.490646
132234.778570,159.699051,15.224838,117.531265
132234.819878,159.796829,15.203247,117.270920
132234.861185,159.700577,15.169006,117.300980
132234.902492,159.682709,14.922379,117.406876
132234.943798,159.583115,15.144714,117.334305
132234.985106,159.693878,15.138519,117.458267
132235.026414,159.593262,15.216705,117.479599
132235.067722,159.616318,15.505173,117.633530
132235.109028,159.804062,14.992706,117.351700
132235.150334,159.866379,14.969070,117.184586
132235.191642,159.573151,15.304199,117.336426
132235.232948,159.702408,15.194168,117.209335
132235.274255,159.776230,15.241074,117.573212
132235.315560,159.834198,15.057022,117.534592
132235.356867,159.839737,15.272125,117.324158
132235.398171,159.726471,15.020889,117.318329
132235.439475,159.836594,14.955673,117.123871
132235.480780,159.832825,15.075256,117.049896
132235.522086,159.844193,15.007065,117.326538
132235.563393,159.564590,14.858139,117.410706
132235.604703,159.641983,15.190826,117.358444
132235.645998,159.730316,15.073486,117.251312
132235.687302,159.892868,14.843597,117.345657
132235.728604,159.771866,14.807556,117.471008
132235.769906,159.703400,15.131531,117.280945
132235.811212,159.671082,15.036255,117.216339
132235.852514,159.794296,15.009399,117.211258
132235.893818,159.775803,14.899323,117.164566
132235.935124,159.823685,14.908508,117.136673
132235.976430,159.884933,15.098419,117.276352
132236.017736,159.942871,14.709808,117.312531
132236.059043,159.735703,14.920319,117.729370
132236.100348,159.690063,15.156204,117.356445
132236.141653,159.732269,15.169434,117.305832
132236.182959,159.523438,15.022888,117.229752
132236.224266,159.669373,15.182358,117.541229
132236.265574,159.657593,15.030243,117.710693
132236.306880,159.642899,15.199646,117.381165
132236.348185,159.744400,14.962830,117.056046
132236.389491,159.748123,15.127457,117.257538
132236.430794,159.847702,15.004807,117.294296
132236.472101,159.760452,15.152985,117.433258
132236.513410,159.766449,15.048172,117.514145
132236.554716,159.688217,15.345276,117.295334
132236.596024,159.811615,14.881317,117.387085
132236.637333,159.821884,14.852219,117.691376
132236.678642,159.793976,14.784637,117.173065
132236.719948,159.726715,14.790634,117.197296
132236.761255,159.553970,14.765137,117.358597
132236.802563,159.875839,14.647736,117.598709
132236.843868,159.470840,14.755661,117.808548
132236.885172,159.487274,14.830429,117.864319
132236.926477,159.534058,15.036835,117.571121
132236.967784,159.681351,14.754929,117.459671
132237.009087,159.526093,15.139465,117.633636
132237.050392,159.734711,15.017853,117.442932
132237.091698,159.550735,15.050110,117.531006
132237.133005,159.725677,14.929688,117.479782
132237.174309,159.756088,14.776993,117.700058
132237.215614,159.803589,14.943436,117.625198
132237.256919,159.548141,14.906937,117.775787
132237.298225,159.697601,14.947845,117.752747
132237.339529,159.592667,14.838791,117.710922
132237.380835,159.603012,15.109360,117.703003
132237.422139,159.646347,14.987076,117.569687
132237.463444,159.671494,15.031143,117.653793
132237.504750,159.763046,14.956055,117.631897
132237.546055,159.661453,15.149796,117.506882
132237.587361,159.722565,15.086105,117.659775
132237.628665,159.609650,15.024872,117.708969
132237.669970,159.670578,15.238922,117.790024
132237.711277,159.610138,14.878738,117.794510
132237.752582,159.775543,14.987991,117.654816
132237.793887,159.770554,14.843735,117.546432
132237.835193,159.745285,14.892792,117.838608
132237.876497,159.713867,14.907776,117.753311
132237.917802,159.490814,15.064972,117.913818
132237.959106,159.772888,15.158676,117.970932
132238.000412,159.676041,14.960739,117.770432
132238.041720,159.679291,15.105286,118.000275
132238.083026,159.737366,14.948135,117.917542
132238.124330,159.685715,15.145370,117.784180
132238.165634,159.537109,15.249710,117.966125
132238.206939,159.666931,15.215073,117.799835
132238.248243,159.704758,15.109482,117.828888
132238.289547,159.759644,15.259918,117.638077
132238.330848,159.858948,14.862152,117.529190
132238.372151,159.897644,15.050766,117.541992
132238.413454,159.925873,15.010254,117.286072
132238.454756,159.803940,14.902969,117.701294
132238.496060,159.723465,14.906891,117.715759
132238.537368,159.782837,14.633423,117.330673
132238.578675,159.719421,14.592392,117.827942
132238.619985,159.770233,14.622665,117.838531
132238.661292,159.373306,14.823196,117.739319
132238.702598,159.648453,14.700989,117.940018
132238.743904,159.772156,14.888901,117.718796
132238.785211,159.612183,14.758270,117.646973
132238.826515,159.632935,15.010864,117.632690
132238.867820,159.591248,15.010941,117.543152
132238.909122,159.522766,14.959045,117.287613
132238.950426,159.667664,15.025711,117.713028
132238.991729,159.724136,14.931107,117.570557
132239.033031,159.611588,14.877838,117.374527
132239.074332,159.712280,14.820984,117.469727
132239.115634,159.796555,14.784882,117.712112
132239.156940,159.785782,14.788406,117.713943
132239.198245,159.824341,14.704453,117.592529
132239.239551,159.800507,14.655472,117.672714
132239.280858,159.770905,14.619202,117.369537
132239.322164,159.664764,14.635651,117.480133
132239.363470,159.693024,14.615677,117.736633
132239.404775,159.628067,14.864014,117.485672
132239.446080,159.501724,15.097198,117.658096
132239.487387,159.774597,14.844086,117.785126
132239.528693,159.661438,14.848572,117.727829
132239.570000,159.701019,14.762711,117.205429
132239.611306,159.630432,15.021637,117.486313
132239.652611,159.739136,14.803574,117.792191
132239.693916,159.735031,14.826141,117.148849
132239.735221,159.516891,14.845261,117.311035
132239.776526,159.564651,15.014008,117.800247
132239.817828,159.687759,14.819031,117.462509
132239.859134,159.645279,15.122238,117.528534
132239.900437,159.765137,14.821701,117.798447
132239.941741,159.548096,15.059006,117.627502
132239.983045,159.797806,14.871063,117.598511
132240.024349,159.544571,15.041367,117.950989
132240.065651,159.600693,14.906647,117.825256
132240.106955,159.552658,14.988403,117.742416
132240.148258,159.538666,15.121475,117.648560
132240.189561,159.327255,15.040314,117.487122
132240.230865,159.622879,15.115234,117.719086
132240.272169,159.460678,14.949905,117.473572
132240.313473,159.519928,14.985291,117.863266
132240.354776,159.439621,15.079575,117.778107
132240.396078,159.271027,15.266068,117.625885
132240.437382,159.153091,15.044891,117.602875
132240.478686,159.479843,15.162964,117.795029
132240.519991,159.595123,15.226395,117.909424
132240.561295,159.548401,15.178970,117.702011
132240.602598,159.776291,15.227402,117.444992
132240.643901,159.724808,15.210770,117.538666
132240.685204,159.564346,15.201950,117.737564
132240.726509,159.426163,15.316360,117.589935
132240.767815,159.608459,14.996674,117.633331
132240.809121,159.439667,15.119431,117.534653
132240.850423,159.668335,14.821259,117.743362
132240.891727,159.520889,15.055557,117.742844
132240.933029,159.473709,15.162857,117.863007
132240.974332,159.570557,15.134430,117.806320
132241.015636,159.633652,14.952682,117.850754
132241.056938,159.856171,14.867325,117.914398
132241.098241,159.741638,15.011002,117.910156
132241.139546,159.734619,14.955719,117.939835
132241.180848,159.702301,14.998810,117.479141
132241.222151,159.841278,14.885666,117.973877
132241.263454,159.627350,14.847702,117.412476
132241.304758,159.747009,15.046295,117.436050
132241.346063,159.676773,15.004227,117.343201
132241.387367,159.559174,15.241241,117.489807
132241.428668,159.706924,15.042801,117.438995
132241.469971,159.635315,15.119415,117.669357
132241.511273,159.603836,15.053848,117.711624
132241.552575,159.449203,15.086670,117.524857
132241.593878,159.836975,14.891266,117.468201
132241.635182,159.989212,14.904327,117.343170
132241.676487,160.011765,14.860504,117.478394
132241.717793,160.004913,14.804474,117.654877
132241.759097,159.757980,15.028259,117.698288
132241.800401,159.907288,14.859528,117.291229
132241.841707,159.701553,15.017517,117.317535
132241.883013,159.931137,14.680954,117.484177
132241.924318,159.602432,15.028854,117.272400
132241.965623,159.465179,14.928070,117.532822
132242.006929,159.481506,15.094788,117.310852
132242.048235,159.772522,15.121658,117.322159
132242.089541,159.791138,14.883133,117.422699
132242.130847,159.755692,14.776810,117.365875
132242.172156,159.537125,15.032349,117.512695
132242.213462,159.651703,14.957977,117.515793
132242.254769,159.716888,15.020157,117.320679
132242.296074,159.562851,14.895737,117.376495
132242.337379,159.643250,14.810684,116.984665
132242.378682,159.700851,14.853546,117.578659
132242.419988,159.812424,14.890686,117.486084
132242.461293,159.641617,14.998581,117.085709
132242.502599,159.701447,14.932419,117.437271
132242.543905,159.672791,15.004807,117.329300
132242.585208,159.708603,15.031509,117.176453
132242.626513,159.730164,15.167358,117.394867
132242.667817,159.868301,15.170700,117.218155
132242.709118,159.799088,15.126648,117.668808
132242.750421,159.593262,15.032425,117.056229
132242.791725,159.603149,15.052307,117.515625
132242.833032,159.752792,15.048386,117.510513
132242.874339,159.720688,14.947174,117.429367
132242.915647,159.664413,14.974777,117.918106
132242.956952,159.826996,14.927597,117.769806
132242.998257,159.660324,15.201172,117.365952
132243.039564,159.823074,15.111847,117.784088
132243.080873,159.789520,15.321442,117.643311
132243.122179,159.912399,14.825882,117.008911
132243.163484,159.917877,14.934525,117.323654
132243.204790,160.030594,14.616577,117.054428
132243.246096,159.949707,14.941193,117.456848
132243.287401,159.749664,14.981796,117.722885
132243.328708,159.893478,14.933304,117.643845
132243.370014,159.760345,14.977753,117.522568
132243.411319,159.592636,14.901123,117.838181
132243.452624,159.723740,14.953690,117.775238
132243.493930,159.616577,14.997635,117.799164
132243.535235,159.471390,15.255920,117.563461
132243.576540,159.885269,15.027374,117.663269
132243.617846,159.893814,15.095505,117.582382
132243.659150,159.864624,15.154221,117.725204
132243.700456,159.789551,15.223663,117.879333
132243.741762,159.650116,15.234009,117.687225
132243.783065,159.599716,15.364044,117.443649
132243.824371,159.615112,15.000351,117.187073
132243.865676,159.755890,15.220734,117.097122
132243.906981,159.679947,15.182709,117.431458
132243.948283,159.654938,15.207611,117.526871
132243.989586,159.805496,15.174423,117.632477
132244.030889,159.722137,15.180252,117.455078
132244.072194,159.690125,15.257858,117.541763
132244.113494,159.697388,14.935913,117.638519
132244.154796,159.797333,14.877441,117.726761
132244.196099,159.665558,15.152344,117.575928
132244.237401,159.765137,15.053909,117.432663
132244.278705,159.776749,15.021194,117.413971
132244.320006,159.767868,15.257721,117.414780
132244.361312,159.817566,15.182053,117.303604
132244.402621,159.776886,14.983871,117.535782
132244.443927,159.531830,15.231155,117.548340
132244.485232,159.632980,15.039673,117.514526
132244.526534,159.748444,15.047974,117.541595
132244.567839,159.819138,14.693283,117.869232
132244.609144,159.797379,14.998138,117.129456
132244.650448,159.903580,14.917511,117.559937
