131318.134058,158.928940,14.951004,119.413864
131318.175327,158.927231,15.230896,119.425598
131318.216595,158.881592,15.142563,119.124908
131318.257863,158.920425,15.180161,119.200745
131318.299135,158.887268,15.157166,119.444168
131318.340404,158.796234,15.240402,119.432373
131318.381672,158.914169,15.216187,119.495682
131318.422941,158.816208,15.271667,119.542465
131318.464212,159.071350,15.183929,119.422012
131318.505481,158.954315,15.297699,119.368820
131318.546750,158.868515,15.194397,119.358932
131318.588021,158.840317,15.183182,119.357056
131318.629292,158.885757,15.292969,119.460083
131318.670563,158.920486,15.187027,119.537949
131318.711833,158.851196,15.288651,119.265305
131318.753104,159.093643,14.995056,119.557297
131318.794376,159.078979,14.946732,119.574966
131318.835647,159.019180,15.033188,119.677872
131318.876918,158.915100,15.001160,119.699677
131318.918190,158.978867,15.103500,119.974350
131318.959464,158.865829,14.877457,119.589249
131319.000736,158.788528,14.998550,120.073608
131319.042009,158.961441,15.191299,119.591965
131319.083283,158.921036,14.826752,119.599655
131319.124556,159.010696,15.209839,119.734772
131319.165829,158.868256,15.063370,119.775375
131319.207102,158.968414,15.423920,119.782761
131319.248373,158.965225,15.094254,119.396210
131319.289648,159.040009,15.118164,119.281036
131319.330921,159.151962,15.222946,119.401260
131319.372193,159.259705,15.090378,119.502686
131319.413465,159.084534,15.043121,119.470322
131319.454738,159.113419,15.065002,119.718948
131319.496010,158.902908,15.120483,119.602829
131319.537280,158.848465,14.981705,119.702713
131319.578549,158.946426,14.954315,119.696335
131319.619818,158.911484,14.954224,119.734192
131319.661086,159.038300,15.009277,119.697220
131319.702359,158.916580,15.185547,119.714813
131319.743631,159.008148,15.120331,119.873459
131319.784901,158.922058,14.974625,119.647980
131319.826173,158.989136,15.126556,119.887115
131319.867450,158.992264,15.131485,119.751755
131319.908727,158.929474,15.111603,119.770889
131319.949999,158.996353,15.060608,119.658340
131319.991272,159.037003,14.990875,119.557281
131320.032546,159.006424,14.981430,119.618439
131320.073819,159.017761,15.023514,119.335327
131320.115093,159.067184,15.137329,119.540359
131320.156366,159.132385,14.906586,119.677505
131320.197639,158.778091,15.075272,119.191330
131320.238915,158.643890,15.255890,119.421799
131320.280191,158.773956,15.047058,119.476517
131320.321465,158.642456,15.301422,119.540878
131320.362737,158.900833,15.309418,119.321381
131320.404005,158.523056,15.314453,119.465744
131320.445273,158.789551,15.406326,119.488541
131320.486544,159.030472,15.209869,119.518204
131320.527815,159.171890,15.256760,119.230072
131320.569088,158.892044,15.121994,119.288361
131320.610361,158.837128,15.065506,119.065247
131320.651634,159.043457,15.022034,119.391754
131320.692905,158.917694,15.181030,119.467407
131320.734175,159.086670,15.008102,119.380341
131320.775445,159.115875,15.043320,119.272781
131320.816715,158.783920,15.184479,119.543533
131320.857985,158.555298,15.336502,119.502563
131320.899259,158.926712,15.227631,119.521729
131320.940530,158.891861,15.343582,119.297302
131320.981798,158.697906,15.451584,119.555115
131321.023067,158.830002,15.260864,119.376068
131321.064338,158.950211,15.071869,119.677505
131321.105610,158.719513,15.169952,119.259430
131321.146879,158.882553,15.121017,119.520676
131321.188147,158.996506,15.128708,119.781494
131321.229419,159.026947,15.117233,119.455307
131321.270691,158.888855,15.233200,119.517441
131321.311963,158.933884,14.835648,119.727661
131321.353237,158.887848,14.991440,119.525681
131321.394507,159.088669,14.975891,119.836899
131321.435778,158.876450,15.024323,119.628586
131321.477050,158.759384,15.115417,119.927048
131321.518322,158.790100,15.003815,119.746643
131321.559595,158.973785,15.303146,119.862228
131321.600869,158.868729,15.017975,119.736313
131321.642143,158.772247,15.202621,119.601562
131321.683415,159.032578,15.042725,119.567017
131321.724687,158.881363,15.180374,119.508347
131321.765960,158.987015,14.981796,119.643616
131321.807236,158.875748,15.210602,119.483200
131321.848508,158.729492,15.179443,119.331757
131321.889779,158.823151,15.268173,119.405869
131321.931049,158.832169,15.219070,119.507568
131321.972319,158.886887,15.177963,119.674515
131322.013590,158.878555,15.256500,119.597168
131322.054858,159.088806,15.049240,119.614990
131322.096130,158.850479,15.178223,119.656876
131322.137401,159.017151,15.077789,119.632507
131322.178670,158.843246,15.076691,119.824142
131322.219938,158.708313,15.231827,119.936310
131322.261209,158.598846,15.415131,119.668213
131322.302477,158.920380,15.166885,119.587738
131322.343748,158.875168,15.221252,119.684402
131322.385019,158.839905,15.182083,119.709122
131322.426289,159.058517,15.240158,119.453629
131322.467560,159.011032,15.441452,119.556549
131322.508828,159.088272,15.143478,119.660004
131322.550099,158.960922,15.013931,119.514679
131322.591370,158.818771,15.072220,119.467926
131322.632640,158.957214,15.373444,119.460678
131322.673911,158.845047,15.346268,119.711517
131322.715181,158.935181,15.106110,119.692322
131322.756451,158.936554,15.093277,119.432770
131322.797724,158.911469,15.154495,119.605576
131322.838992,159.000092,15.193039,119.511902
131322.880261,158.902527,15.268387,119.578293
131322.921532,158.922821,15.209808,119.338455
131322.962802,159.028900,15.099365,119.730438
131323.004073,158.910614,15.177109,119.671860
131323.045344,159.196869,14.974670,119.791031
131323.086616,159.043991,15.204269,119.493774
131323.127887,159.121536,14.953659,119.523758
131323.169160,158.863495,15.111511,119.529541
131323.210431,159.092072,14.927628,119.662323
131323.251703,159.020203,15.039413,119.625336
131323.292972,159.062881,14.995712,119.643509
131323.334240,159.078384,14.968552,119.980301
131323.375510,158.972580,15.010330,119.577576
131323.416781,158.938873,14.972672,119.689453
131323.458052,159.091370,15.087692,119.782867
131323.499326,159.016937,15.135635,119.478836
131323.540598,158.837463,15.106339,119.594589
131323.581868,159.047745,14.998703,119.691452
131323.623141,159.064590,15.018875,119.661697
131323.664411,158.937592,15.274277,119.486511
131323.705684,158.932510,15.144608,119.663101
131323.746957,158.800797,15.107254,119.587082
131323.788229,159.056885,14.966385,119.538116
131323.829502,158.855576,14.937607,119.639816
131323.870773,158.840759,15.136993,119.551620
131323.912045,159.003494,14.835770,119.323914
131323.953314,158.942322,14.744370,119.349594
131323.994585,158.785538,15.020981,119.173309
131324.035853,158.886017,14.992905,119.530014
131324.077122,158.804886,15.057281,119.611069
131324.118390,158.946518,14.972336,119.259674
131324.159658,158.980072,15.136414,119.392365
131324.200927,159.058624,14.897720,119.495377
131324.242197,159.197159,15.039154,119.490097
131324.283468,159.175064,15.105469,119.269485
131324.324740,159.084900,14.944885,119.270340
131324.366012,159.119507,15.109299,119.405029
131324.407284,158.867615,15.030304,119.614731
131324.448557,158.994781,15.025223,119.144730
131324.489831,158.770264,15.071762,119.437271
131324.531105,158.936707,15.213043,119.435089
131324.572379,158.979141,14.953186,119.318619
131324.613655,158.960434,15.060913,119.357071
131324.654930,159.060608,14.948822,119.158554
131324.696203,159.042587,15.128357,119.579681
131324.737480,159.286530,15.228928,119.530960
131324.778755,159.179535,15.097290,119.687500
131324.820028,158.867706,15.122574,120.073181
131324.861301,159.062500,14.896683,119.445770
131324.902576,158.958862,15.062500,119.437378
131324.943850,159.089920,15.105240,119.497070
131324.985121,159.176285,15.238647,119.251373
131325.026394,158.967697,15.196426,119.274307
131325.067665,159.162766,15.141418,119.300781
131325.108937,158.939651,15.298386,119.378708
131325.150210,158.882187,15.159286,119.231476
131325.191483,159.035614,15.105209,119.305069
131325.232755,158.977859,15.049393,119.258453
131325.274031,158.916794,15.196655,119.551895
131325.315305,158.973160,15.117096,119.358734
131325.356579,158.948044,15.124329,119.540054
131325.397854,159.012558,14.954102,119.605728
131325.439128,158.991669,15.020630,119.677750
131325.480403,159.008041,15.038406,119.761414
131325.521675,159.116455,14.906113,119.647079
131325.562947,159.042603,15.072937,119.363571
131325.604218,159.210220,15.028687,119.122116
131325.645489,158.963577,15.040878,119.075851
131325.686758,159.090469,14.825424,119.270599
131325.728029,159.229034,14.876282,119.460266
131325.769298,159.020248,15.132874,119.454498
131325.810569,159.200333,15.001373,119.435501
131325.851839,159.018112,15.067276,119.735321
131325.893110,158.996033,14.998352,119.315598
131325.934380,159.050644,14.853699,119.435867
131325.975650,158.938812,15.248749,119.700104
131326.016919,159.267517,15.056808,119.534393
131326.058188,158.970932,15.118332,119.579544
131326.099456,158.953705,15.371979,119.612549
131326.140723,158.917938,15.284622,119.806854
131326.181992,158.952942,15.206863,119.602707
131326.223264,159.128601,15.104523,119.559250
131326.264536,159.190811,15.125519,119.610062
131326.305806,159.091522,14.940262,119.576370
131326.347076,158.986282,15.085922,119.612717
131326.388345,158.970657,14.811676,119.616318
131326.429613,158.918427,15.124741,119.406189
131326.470882,158.942581,14.942093,119.361206
131326.512154,158.980164,15.001389,119.429672
131326.553426,159.090851,14.764008,119.678650
131326.594696,159.096359,15.014389,119.410141
131326.635964,159.146393,15.052643,119.343597
131326.677235,159.097366,14.989822,119.643875
131326.718506,159.260239,15.027222,119.510101
131326.759776,159.243713,15.098831,119.607834
131326.801049,159.258743,15.037445,119.588013
131326.842318,159.166077,15.100327,119.683792
131326.883589,159.335434,15.084412,119.870407
131326.924860,159.207458,14.817642,119.295044
131326.966130,158.995255,15.050674,119.791214
131327.007402,159.023331,14.958679,119.526505
131327.048672,159.162125,15.052414,119.489487
131327.089943,159.040497,14.973587,119.575928
131327.131217,158.788162,15.067429,119.356079
131327.172490,158.953690,15.121979,119.488953
131327.213763,158.958084,15.135483,119.347488
131327.255037,158.973450,15.130157,119.397568
131327.296311,158.890106,15.222244,119.039322
131327.337585,159.161942,14.968002,119.169312
131327.378858,159.193802,15.067764,119.232117
131327.420130,159.097809,15.200348,119.231155
131327.461403,159.197571,15.103424,119.166290
131327.502677,159.024963,14.979813,119.171066
131327.543951,159.060562,14.917099,119.151077
131327.585225,159.007370,15.145584,119.440308
131327.626502,158.938202,15.114014,119.401688
131327.667775,158.877609,15.183014,119.367111
131327.709048,159.085220,14.981720,119.411041
131327.750321,158.900589,14.979065,119.642838
131327.791595,158.832397,15.115219,119.466232
131327.832864,158.993851,15.091934,119.636490
131327.874136,158.840439,15.186325,119.653091
131327.915406,158.955780,15.100754,119.334488
131327.956678,159.019714,14.828522,119.287949
131327.997949,159.141846,15.006989,119.398346
131328.039223,158.987213,15.359787,119.220062
131328.080498,159.254440,15.031403,119.306427
131328.121772,159.269226,14.956955,119.198242
131328.163046,159.185944,15.000717,119.329819
131328.204322,159.033432,14.952667,119.474594
131328.245597,159.064728,14.922745,119.276367
131328.286874,159.092484,14.950256,119.268021
131328.328149,159.231613,14.939606,119.452927
131328.369423,159.048096,14.974716,119.271988
131328.410698,159.039383,15.000534,119.505005
131328.451976,158.942520,15.059891,119.115234
131328.493251,158.907455,15.251495,119.097748
131328.534525,158.728745,15.342865,119.501404
131328.575800,158.963837,15.235840,119.345871
131328.617076,159.047806,15.127396,119.716080
131328.658348,159.018951,15.240112,119.301712
131328.699621,158.864822,15.127914,119.451981
131328.740891,159.061615,15.110352,119.123779
131328.782163,158.858368,15.123840,119.462784
131328.823432,159.113754,14.979767,119.355240
131328.864702,159.116013,15.025894,119.566360
131328.905974,158.992020,15.043823,119.642044
131328.947246,158.958267,15.099960,119.365723
131328.988517,158.931396,15.027435,119.409790
131329.029788,158.982574,15.050980,119.536789
131329.071060,158.712143,15.164124,119.828934
131329.112332,158.803543,15.440643,119.930664
131329.153604,158.734512,15.450928,119.723663
131329.194876,158.923752,15.132370,119.358475
131329.236147,158.975662,15.216034,119.796326
131329.277421,158.931412,15.124435,119.361359
131329.318693,158.802124,15.059235,119.484756
131329.359963,158.731720,15.192245,119.533157
131329.401234,158.880219,15.095032,119.149414
131329.442506,158.879929,15.182159,119.363754
131329.483774,159.104187,14.782455,119.565155
131329.525044,158.877762,15.284668,119.572662
131329.566317,158.955902,15.100830,119.498917
131329.607589,158.764343,15.023865,119.703094
131329.648861,159.173325,15.132492,119.855225
131329.690134,159.115387,14.985123,119.672806
131329.731406,159.236786,15.154709,119.586914
131329.772679,159.358032,15.157700,119.496078
131329.813950,159.220795,15.066071,119.441422
131329.855224,159.004227,15.233551,119.349304
131329.896497,159.169205,15.151047,119.281998
131329.937771,159.127853,15.035904,119.428650
131329.979042,159.282227,14.771362,119.080536
131330.020314,159.230179,15.075668,119.419662
131330.061586,159.282639,14.961349,119.212463
131330.102856,159.326263,14.908173,119.553024
131330.144128,159.263626,15.063919,119.783066
131330.185403,159.209320,14.901566,119.733337
131330.226676,159.024353,15.166336,119.310593
131330.267949,159.066376,14.949997,119.667206
131330.309222,159.124588,15.085327,119.571350
131330.350494,159.000916,15.145111,119.326309
131330.391768,159.214462,15.053040,119.333420
131330.433040,159.265396,15.115341,119.630188
131330.474312,159.080002,15.111801,119.392410
131330.515584,159.209091,15.093109,119.672699
131330.556858,159.201538,15.230515,119.453934
131330.598132,158.943604,15.381943,119.233597
131330.639406,159.028732,15.132080,119.614822
131330.680681,158.809250,15.057938,119.370743
131330.721956,158.991318,15.114731,119.770264
131330.763231,158.999100,15.287643,119.452011
131330.804505,158.942703,15.108948,119.670288
131330.845779,158.834915,15.266739,119.470459
131330.887054,158.853073,15.211319,119.698547
131330.928329,158.607178,15.154938,120.220001
131330.969604,158.698822,15.454895,120.233566
131331.010879,159.055359,15.210052,119.618607
131331.052154,158.896729,15.333481,119.777603
131331.093429,159.000046,15.270996,119.716446
131331.134706,158.975906,15.223816,119.639862
131331.175983,159.034302,15.319839,119.502197
131331.217258,158.997375,15.265930,119.528305
131331.258534,159.072006,15.114883,119.391556
131331.299812,159.013184,15.143036,119.377090
131331.341086,158.767776,15.061508,119.700439
131331.382360,159.083542,15.008286,119.579971
131331.423634,159.079025,15.154572,119.564041
131331.464909,158.985992,15.169388,119.359451
131331.506184,159.131104,14.923233,119.549210
131331.547460,158.956085,14.939789,119.415161
131331.588734,159.023972,15.077713,119.765472
131331.630008,158.825989,15.215210,119.733093
131331.671285,158.895721,15.377228,119.676636
131331.712561,159.060440,15.255356,119.538803
131331.753835,158.855026,15.116486,119.536804
131331.795108,159.125748,15.043701,119.539825
131331.836383,159.135742,15.192535,119.493973
131331.877659,158.998184,15.124695,119.853348
131331.918936,159.202362,14.894348,119.580429
131331.960212,159.249268,14.896576,119.381042
131332.001489,159.022263,14.938400,119.347305
131332.042767,159.192352,15.030304,119.585815
131332.084044,158.853760,14.918045,119.345016
131332.125320,159.103104,15.040222,119.780151
131332.166596,158.966202,15.011353,119.520081
131332.207870,158.907883,15.109436,119.478043
131332.249144,158.783966,15.321640,119.488480
131332.290417,158.870026,15.288849,119.386520
131332.331690,158.873245,15.288742,119.374878
131332.372963,159.011215,15.093384,119.331436
131332.414237,159.021957,15.371277,119.447815
131332.455510,159.144226,15.120346,119.452240
131332.496785,159.121307,14.911728,119.240784
131332.538057,159.170441,15.071823,119.331024
131332.579331,159.066193,14.885147,119.436569
131332.620604,158.961441,15.095276,119.633484
131332.661876,159.053940,15.190262,119.764893
131332.703148,159.188431,15.036713,119.593719
131332.744420,158.841187,15.071655,119.659515
131332.785694,158.923355,14.857010,119.821671
131332.826969,159.003922,15.037399,119.645615
131332.868245,159.024292,14.861771,119.451889
131332.909517,159.057831,14.952652,119.366196
131332.950790,159.077423,15.034882,119.552200
131332.992063,159.203873,14.801239,119.439331
131333.033337,159.287262,14.794312,119.284882
131333.074611,159.263687,15.070312,119.373505
131333.115884,159.259750,14.949692,119.280594
131333.157160,158.993271,14.931610,119.280090
131333.198434,159.111084,14.888321,119.398590
131333.239711,159.289047,14.944977,119.157120
131333.280985,159.206528,14.918243,119.319763
131333.322259,159.213837,14.813461,119.355820
131333.363532,159.152588,15.032394,119.392212
131333.404808,159.086853,15.100403,119.633865
131333.446083,158.984665,15.058273,119.555695
131333.487356,158.944733,15.296524,119.457230
131333.528628,159.219635,14.927063,119.513687
131333.569901,159.097000,15.203018,119.399246
131333.611173,158.959335,15.297729,119.101196
131333.652448,159.275375,14.878860,119.414932
131333.693724,159.219757,15.057831,119.555145
131333.735000,159.221085,14.749527,119.114624
131333.776276,159.277832,15.169159,119.064850
131333.817554,159.155624,14.737457,119.529312
131333.858830,159.250351,14.795349,119.526031
131333.900106,159.070953,15.056458,119.557449
131333.941381,159.180038,14.912659,119.135468
131333.982655,159.136368,14.793457,119.444046
131334.023929,159.040680,14.880173,119.375397
131334.065203,159.156952,14.883148,119.202820
131334.106478,159.149307,14.921097,119.317139
131334.147752,159.338547,15.014786,119.437943
131334.189024,159.220047,15.067780,119.229355
131334.230296,158.921051,15.220291,119.137131
131334.271570,158.998413,15.066254,119.076904
131334.312845,159.323639,15.132111,119.111435
131334.354119,159.179138,15.101028,119.189575
131334.395394,159.278259,15.046097,119.366821
131334.436667,158.958176,15.190384,119.331314
131334.477941,159.166794,14.982574,119.360474
131334.519215,159.096893,14.890366,119.420853
131334.560489,158.943192,14.973297,119.561661
131334.601765,158.912033,14.988037,119.626389
131334.643041,158.980621,14.748917,119.671539
131334.684314,158.859695,15.029755,119.758850
131334.725587,159.004562,15.026474,119.314041
131334.766859,159.015213,15.008514,119.527344
131334.808133,159.031204,14.965820,119.541138
131334.849407,159.139252,15.012314,119.529709
131334.890679,159.050797,14.985352,119.499435
131334.931950,159.150375,14.963104,119.349716
131334.973218,159.039612,15.119110,119.205490
131335.014486,159.196457,14.918869,119.266815
131335.055755,158.994141,15.005798,119.547760
131335.097023,159.025040,14.956451,119.497726
131335.138291,159.041367,14.929626,119.510773
131335.179562,158.858994,14.893143,119.291763
131335.220833,159.090134,14.794159,119.434311
131335.262103,158.784698,14.911652,119.424057
131335.303374,158.847046,14.784149,119.228348
131335.344644,158.931396,14.974976,119.063049
131335.385915,158.824615,14.695953,119.482788
131335.427188,158.751022,14.987045,119.514603
131335.468458,158.951538,14.988861,119.628998
131335.509729,158.860519,14.905045,119.523117
131335.551002,159.007248,14.792816,119.381897
131335.592276,159.094727,14.881271,119.243103
131335.633551,158.668655,15.119034,119.373901
131335.674823,159.186157,14.840057,119.348328
131335.716096,159.054306,14.747086,119.520493
131335.757368,159.064240,14.736893,119.470108
131335.798640,158.883362,14.710022,119.489105
131335.839910,159.130905,14.915009,119.683411
131335.881181,159.051010,14.848602,119.467590
131335.922453,158.830383,14.862320,119.678177
131335.963724,159.194183,14.891724,119.422485
131336.004994,158.915588,14.988358,119.523148
131336.046264,158.873337,15.138748,119.429993
131336.087535,158.832520,14.904633,119.678101
131336.128808,158.931366,15.220840,119.680161
131336.170077,158.921417,15.048752,119.468552
131336.211350,159.352264,15.035507,119.533463
131336.252626,159.149445,14.926880,119.640213
131336.293897,159.118896,14.958130,119.577194
131336.335168,159.029480,14.885773,119.355988
131336.376440,159.107971,14.703217,119.424576
131336.417711,158.978378,14.891968,119.613571
131336.458980,158.955917,14.949112,119.714447
131336.500249,158.982849,14.897644,119.693451
131336.541519,158.782898,15.157379,119.742874
131336.582787,158.901611,14.893417,119.392181
131336.624059,158.778946,15.140198,119.359833
131336.665328,159.095718,15.067535,119.528366
131336.706598,159.005234,14.918625,119.513397
131336.747869,158.992676,15.025482,119.683701
131336.789140,159.105042,14.948959,119.793686
131336.830410,159.185226,14.975510,119.547577
131336.871679,159.246292,14.982315,119.416336
131336.912947,159.259659,15.141830,119.490173
131336.954218,159.200165,14.880264,119.609009
131336.995491,159.076691,15.097488,119.628845
131337.036763,158.921448,15.090546,119.670456
131337.078035,158.842300,15.161072,119.567749
131337.119306,158.929291,15.183884,119.659027
131337.160575,158.834702,15.293365,119.510986
131337.201845,158.912582,15.211243,119.469116
131337.243117,158.842590,15.218719,119.601852
131337.284391,158.766785,15.166809,119.702881
131337.325664,158.897812,15.145645,119.509964
131337.366936,159.039658,15.053970,119.626511
131337.408208,158.831314,15.034332,119.675629
131337.449480,158.969772,15.158478,119.263519
131337.490751,159.006912,15.102966,119.200607
131337.532025,158.817368,15.016129,119.393066
131337.573298,159.006226,15.094254,119.584824
131337.614571,158.792572,15.264679,119.355942
131337.655846,158.779831,15.054764,119.317215
131337.697119,158.784058,15.137344,119.535690
131337.738393,158.921539,15.064682,119.327835
131337.779668,158.833221,15.031281,119.268814
131337.820945,158.708313,15.017365,119.545593
131337.862222,158.912750,15.246750,119.643021
131337.903497,158.767426,15.107925,119.530029
131337.944773,158.854477,15.118973,119.516434
131337.986048,158.994461,14.887741,119.839523
131338.027321,158.772339,15.214050,119.757858
131338.068596,158.824600,15.049561,119.272186
131338.109870,159.069214,15.136612,119.317703
131338.151144,158.949524,15.044098,118.972885
131338.192420,158.883453,14.871658,119.427734
131338.233694,158.641403,14.804611,118.962158
131338.274967,158.678146,14.968353,119.258942
131338.316238,158.826553,15.033386,119.418045
131338.357508,158.937225,15.076782,119.415359
131338.398781,158.675705,15.094284,119.844498
131338.440054,158.681778,15.044388,119.992584
131338.481326,158.603043,15.145096,119.672897
131338.522599,158.781387,15.025574,119.470093
131338.563871,158.630753,15.360733,119.574921
131338.605147,158.723618,14.988861,119.635849
131338.646421,158.837448,15.121902,119.349228
131338.687693,158.665359,15.268204,119.226624
131338.728965,158.825378,15.169464,119.363846
131338.770237,158.624847,15.035873,119.255524
131338.811509,158.720230,15.098480,119.580444
131338.852782,158.703537,14.985397,119.267151
131338.894053,158.984863,14.976471,119.317215
131338.935322,158.832291,15.057465,119.369171
131338.976590,158.693283,15.289917,119.427002
131339.017861,158.763931,14.964554,119.364182
131339.059130,158.805939,15.108810,119.489014
131339.100400,158.885361,15.002823,119.782074
131339.141671,158.698364,15.268845,119.526688
131339.182941,158.711624,15.016403,119.321823
131339.224210,158.878326,15.154068,119.551041
131339.265481,158.697617,15.192154,119.247208
131339.306753,158.745987,15.188385,119.438095
131339.348025,158.865234,14.984009,119.319336
131339.389298,158.821716,14.913605,119.232681
131339.430571,158.756012,14.995911,119.357254
131339.471842,158.612061,14.963211,119.281754
131339.513112,158.546860,15.038391,119.209015
131339.554383,158.555893,14.950089,119.367950
131339.595655,158.621017,15.171799,119.109634
131339.636926,158.646805,14.899261,119.144226
131339.678196,158.568924,15.267990,119.580383
131339.719466,158.532761,15.113480,119.310577
131339.760735,158.759628,15.011917,119.284271
131339.802007,158.952286,14.851761,119.529465
131339.843276,158.857635,14.929489,119.688477
131339.884547,158.981522,14.938354,119.588898
131339.925815,158.855957,14.981888,119.466522
131339.967086,158.784241,15.046646,119.354919
131340.008356,158.984314,15.091339,119.573502
131340.049627,158.787766,15.066513,119.524673
131340.090899,158.779251,15.065414,119.433792
131340.132167,158.860367,14.960739,119.225296
131340.173437,158.765930,14.902084,119.473343
131340.214707,158.698013,15.078018,119.529755
131340.255975,158.846176,14.918335,119.549698
131340.297244,158.988251,14.919968,119.493378
131340.338513,158.805191,15.086441,119.541367
131340.379782,158.799576,15.116394,119.689896
131340.421049,158.774872,15.154709,119.415009
131340.462318,158.827545,15.300720,119.489136
131340.503585,158.555954,15.116409,119.313553
131340.544854,158.675064,15.255173,119.723526
131340.586123,158.879974,14.817429,119.274384
131340.627392,158.790344,14.882004,119.271210
131340.668659,158.855453,14.951477,119.482086
131340.709928,158.814240,14.945190,119.475189
131340.751197,158.796707,14.815063,119.585846
131340.792465,158.995911,14.785706,119.357300
131340.833736,158.609177,14.837006,119.569550
131340.875010,158.688385,14.774475,119.220367
131340.916286,158.726532,14.847122,119.325623
131340.957558,158.700424,14.818069,119.223343
131340.998832,158.765244,15.037842,119.216293
131341.040102,158.954788,14.828552,119.401138
131341.081373,158.805466,15.091858,119.265305
131341.122647,158.876541,14.921082,118.988556
131341.163919,158.664917,15.090195,119.343781
131341.205190,158.781754,14.952698,119.519806
131341.246461,158.980743,14.919571,119.117294
131341.287734,158.943054,15.038467,118.881119
131341.329007,159.030182,14.964813,119.241013
131341.370280,158.871155,14.878906,119.146515
131341.411553,158.627502,15.137924,119.314163
131341.452823,158.782684,14.772675,119.339691
131341.494095,158.776062,14.900925,119.488998
131341.535368,158.556870,14.952194,119.523300
131341.576636,158.816406,14.861252,119.580780
131341.617908,158.745071,15.128708,119.567215
131341.659179,158.801529,14.821915,119.292404
131341.700450,158.832947,14.785706,119.570770
131341.741723,158.895462,14.924362,119.586685
131341.782999,158.777496,14.930191,119.437714
131341.824272,158.748230,15.151733,119.412155
131341.865546,158.753021,15.029236,119.370682
131341.906817,159.111115,14.863937,119.182129
131341.948086,159.028854,14.786469,119.216278
131341.989356,158.878738,14.750946,119.250916
131342.030627,158.920486,14.638382,119.129883
131342.071900,159.040573,14.805481,118.838928
131342.113173,158.918655,14.829086,119.054810
131342.154446,158.831268,14.731033,119.134964
131342.195719,158.579681,14.807678,119.225021
131342.236996,158.844177,14.863434,119.430405
131342.278272,158.866028,14.812790,119.444366
131342.319546,158.971603,14.822891,119.225601
131342.360818,159.047974,14.835052,119.093719
131342.402089,159.109818,14.631912,119.186478
131342.443360,159.049133,14.918625,118.982407
131342.484631,158.998703,14.776260,119.066132
131342.525902,158.838440,15.030991,119.067932
131342.567174,158.821106,15.056808,119.167603
131342.608447,158.756424,14.891281,119.038315
131342.649720,158.803513,14.589081,119.204147
131342.690994,158.902496,14.680969,119.170166
131342.732266,158.754837,14.755585,119.002182
131342.773538,158.789825,14.590485,119.048355
131342.814808,158.715988,15.006882,119.262787
131342.856080,158.733902,14.960892,119.148621
131342.897354,158.796829,15.023773,119.110916
131342.938624,158.882751,14.959229,119.023254
131342.979895,158.978806,15.191788,118.830246
131343.021169,158.829361,15.035461,119.201172
131343.062444,158.910568,14.984253,119.166626
131343.103717,158.983261,14.735260,118.760452
131343.144988,159.131622,14.879486,118.874207
131343.186259,158.921326,15.158264,118.897736
131343.227530,158.998810,14.852051,119.216248
131343.268803,158.735611,14.837646,119.101669
131343.310076,158.875488,14.913818,119.161530
131343.351349,158.774048,14.969666,118.959946
131343.392620,158.733322,14.978333,118.956024
131343.433891,158.710587,14.980438,119.031067
131343.475164,158.630798,15.029541,119.214722
131343.516434,158.744720,15.150192,119.200348
131343.557705,158.687668,15.165695,119.387894
131343.598976,158.870575,15.284531,119.272949
131343.640246,158.736542,15.210312,118.998978
131343.681517,158.614471,15.240540,119.231323
131343.722789,158.750824,15.014023,119.518143
131343.764061,158.701309,15.202133,119.153687
131343.805335,158.795700,15.113190,119.010773
131343.846607,158.622040,15.037903,118.754654
131343.887878,158.736130,14.968948,119.054428
131343.929151,158.693085,14.957642,119.480362
131343.970423,158.778091,14.745544,119.190704
131344.011701,158.798813,14.917068,119.196976
131344.052974,158.825104,14.897278,119.162216
131344.094245,158.895935,14.837936,119.355942
131344.135518,158.850006,14.756821,119.416992
131344.176789,158.807770,14.957886,119.292038
131344.218061,158.743713,14.945572,119.305710
131344.259336,158.566086,15.225815,119.304764
131344.300611,158.874466,14.875671,119.093140
131344.341883,159.019012,14.725372,119.091690
131344.383157,158.875198,14.960480,119.363235
131344.424431,159.224960,14.751007,118.939865
131344.465701,158.868530,14.794159,119.166122
131344.506974,158.631927,14.741913,119.253677
131344.548249,158.627716,15.022095,119.335358
131344.589521,158.945831,14.691086,119.319641
131344.630795,158.767593,15.032852,119.209259
131344.672069,158.914459,14.845810,119.509277
131344.713343,158.766449,14.895721,119.713882
131344.754616,158.785294,15.056244,119.722336
131344.795889,158.719345,15.085571,119.698990
131344.837163,158.819336,14.986786,119.435394
131344.878438,158.854004,14.957703,119.456497
131344.919710,158.808060,14.970551,119.270721
131344.960982,158.733353,14.996521,119.513199
131345.002253,158.841049,14.798401,119.322372
131345.043523,158.992981,14.632675,119.482269
131345.084794,159.044235,14.815308,119.081787
131345.126065,158.786530,14.924606,119.131592
131345.167336,158.808609,14.916870,119.273636
131345.208606,158.702087,14.861221,119.561737
131345.249879,158.596008,15.011932,119.490875
131345.291152,158.674026,15.056747,119.224228
131345.332426,158.469162,15.192749,119.236328
131345.373698,158.590988,15.036026,119.273376
131345.414971,158.571686,15.255325,119.423996
131345.456243,158.788071,14.911194,119.422501
131345.497516,158.665421,15.210617,119.481873
131345.538789,158.776566,15.089600,119.358612
131345.580063,158.828049,15.016571,119.125473
131345.621338,158.820755,15.071320,119.196381
131345.662615,158.872009,15.159012,119.190796
131345.703891,158.922012,15.033066,119.594482
131345.745166,158.830444,15.086502,119.420425
131345.786440,158.717087,14.802246,119.444153
131345.827715,158.754456,14.988205,119.290573
131345.868990,158.739548,15.061478,119.418762
131345.910266,158.754257,14.816742,119.604980
131345.951540,158.537811,15.195679,119.635590
131345.992814,158.763626,15.050537,119.674057
131346.034088,158.812286,14.874344,119.859253
131346.075360,158.805496,15.084061,119.214096
131346.116633,158.630188,15.229584,119.354767
131346.157906,158.810257,15.231552,119.452011
131346.199179,158.988052,15.161682,119.632187
131346.240450,158.845901,14.935318,119.680222
131346.281721,158.929810,15.022141,119.415573
131346.322992,158.836136,15.009598,119.210159
131346.364262,158.788940,14.951248,119.575089
131346.405532,158.790359,14.939499,119.413757
131346.446805,158.772171,14.947922,119.145538
131346.488079,158.927948,14.845612,119.520523
131346.529353,158.868958,14.802200,119.496613
131346.570629,158.696091,14.757339,119.265915
131346.611904,158.857330,14.820511,119.359924
131346.653178,158.685074,14.816254,119.494003
131346.694453,158.966934,15.061661,119.579041
131346.735727,158.969864,15.014053,119.452499
131346.776999,159.027054,14.870789,119.127838
131346.818274,158.691711,15.194061,119.385544
131346.859548,158.932999,15.014282,119.406754
131346.900824,159.021759,14.873352,119.440720
131346.942098,158.730042,15.174835,119.423355
131346.983373,158.784668,15.130005,119.184357
131347.024650,158.820892,15.084381,119.538315
131347.065926,158.610352,14.982147,119.340164
131347.107202,158.688583,14.983475,119.459869
131347.148479,158.731720,14.966187,119.324005
131347.189755,158.830368,15.030350,119.187653
131347.231029,158.455078,15.141785,119.770004
131347.272305,158.762390,15.049561,119.558701
131347.313578,158.746170,15.154144,119.367371
131347.354852,158.761063,15.110535,119.484833
131347.396126,158.633621,15.361252,119.778168
131347.437398,158.748322,15.117203,119.543335
131347.478671,158.737518,15.138367,119.694275
131347.519942,158.797668,14.974945,119.599884
131347.561213,158.701889,15.103363,119.503311
131347.602489,158.786102,14.995041,119.317627
131347.643762,159.089508,14.742493,119.276367
131347.685036,158.785828,14.723831,119.422318
131347.726308,158.862503,14.561127,119.359299
131347.767579,158.765198,14.918640,119.497971
131347.808854,158.673355,14.726562,119.437103
131347.850126,158.499878,14.863785,119.768005
131347.891400,158.712448,15.036270,119.420364
131347.932673,158.725403,15.160339,119.502670
131347.973947,158.715347,15.147202,119.507126
131348.015220,158.804779,15.117462,119.605164
131348.056495,158.694931,15.090515,119.510254
131348.097767,158.865280,14.956741,119.688675
131348.139039,158.725388,15.143158,119.389679
131348.180313,158.647583,15.314255,119.396622
131348.221585,158.726120,15.160477,119.249634
131348.262859,158.682907,15.065109,119.091583
131348.304131,158.648849,15.155258,119.348282
131348.345404,158.543854,15.092285,119.762833
131348.386673,158.478653,15.424438,119.526093
131348.427943,158.669434,14.980637,119.314789
131348.469217,158.687149,15.271835,119.461334
131348.510488,158.593384,15.075165,119.428680
131348.551761,158.523987,15.057404,119.586578
131348.593030,158.640305,15.280563,119.457184
131348.634303,158.739700,15.118668,119.332626
131348.675576,158.605133,15.064224,119.620300
131348.716851,158.661591,15.037643,119.515778
131348.758126,158.806915,14.960785,119.470825
131348.799400,158.560684,15.257797,119.282547
131348.840672,158.672928,15.106064,119.109192
131348.881947,158.836380,15.113220,119.351761
131348.923223,158.748840,15.123138,119.371094
131348.964499,158.728058,15.367355,119.178268
131349.005774,158.515320,14.995407,119.316498
131349.047049,158.650467,15.123962,119.469101
131349.088321,158.669998,15.061234,119.531128
131349.129596,158.822128,14.843658,119.733200
131349.170869,158.718857,14.949844,119.641663
131349.212142,158.930176,14.999298,119.720230
131349.253416,158.879013,14.943787,119.680283
131349.294688,158.922241,14.997208,119.395142
131349.335959,158.732407,15.187042,119.711090
131349.377233,158.784500,15.033676,119.226318
131349.418505,158.889023,15.104935,119.579285
131349.459778,158.892471,15.162430,119.364166
131349.501048,158.777191,15.014908,119.593018
131349.542318,158.702698,15.099258,119.198807
131349.583590,158.698334,15.023499,119.458755
131349.624863,158.643997,14.941147,119.628143
131349.666137,158.608658,15.101028,119.765488
131349.707411,158.750610,15.115341,119.900238
131349.748684,158.609009,15.351761,120.144165
131349.789955,158.741379,15.024292,119.966980
131349.831226,158.674255,15.296494,120.126526
131349.872496,158.789368,14.986542,119.909760
131349.913765,158.720184,15.195557,119.889816
131349.955034,158.587784,15.290787,119.665649
131349.996306,158.754456,15.188614,120.089279
131350.037580,158.896027,15.147110,119.477585
131350.078850,159.006363,14.916153,119.785187
131350.120122,158.889450,14.869766,119.388397
131350.161396,158.835098,14.662949,119.556152
131350.202670,158.893448,14.752533,119.435837
131350.243942,158.884872,14.849640,119.659058
131350.285215,158.805786,15.016373,119.486008
131350.326488,158.818069,14.917252,119.304214
131350.367759,158.584900,15.011673,119.448700
131350.409031,158.830933,14.875183,119.420044
131350.450303,158.666458,14.919464,119.588104
131350.491574,158.820541,14.819016,119.546234
131350.532844,158.559372,15.227798,119.450485
131350.574117,158.646591,14.912766,119.489456
131350.615391,158.764923,15.006348,119.444351
131350.656663,158.885330,14.951462,119.697662
131350.697936,158.911514,14.867340,119.292908
131350.739212,158.868866,14.682648,119.179749
131350.780488,158.910278,14.619720,119.063736
131350.821761,159.066483,14.658920,119.198212
131350.863037,158.760651,14.604004,119.166748
131350.904313,159.052368,14.481552,119.078888
131350.945589,158.715195,14.809387,119.187561
131350.986864,158.905258,14.753967,119.332214
131351.028141,158.760788,14.997040,119.192001
131351.069415,158.908539,14.877243,119.235352
131351.110687,158.767197,15.033127,119.021439
131351.151965,158.800781,15.187958,119.291595
131351.193239,158.715515,14.910446,118.813293
131351.234513,158.766190,15.151611,119.464523
131351.275790,158.948868,15.103455,119.207397
131351.317063,158.843750,15.156143,119.107162
131351.358337,158.874985,15.110962,119.087402
131351.399612,158.844223,14.953339,118.981323
131351.440886,158.664658,15.088028,119.361908
131351.482160,158.634399,14.961563,118.951004
131351.523433,158.575409,15.073425,119.013168
131351.564707,158.880203,14.900574,119.476578
131351.605979,158.683807,14.772598,119.160248
131351.647252,158.701691,14.731171,119.532883
131351.688525,158.846710,14.997421,119.381607
131351.729797,158.790527,14.914612,119.387756
131351.771068,158.934875,15.052048,119.338379
131351.812345,158.774384,14.827606,119.441101
131351.853619,158.734924,14.853287,119.425095
131351.894892,158.845215,14.990524,119.331955
131351.936166,158.946213,14.742264,119.429245
131351.977441,159.047775,14.718719,119.223679
131352.018715,159.019394,14.486710,119.022842
131352.059991,158.950012,14.645615,119.369263
131352.101266,158.960419,14.783691,119.183838
131352.142539,159.003952,14.670074,119.121826
131352.183815,158.731995,14.874954,119.368652
131352.225091,158.746765,14.781540,119.267853
131352.266366,158.825699,14.859497,119.364197
131352.307640,158.742889,14.871750,119.530380
131352.348915,158.980331,14.921631,119.222305
131352.390191,158.836365,14.987793,119.413910
131352.431466,158.723969,14.944901,119.399826
131352.472743,158.788940,14.815094,119.100784
131352.514018,158.932175,14.833511,119.096939
131352.555293,158.959854,14.890060,119.198715
131352.596572,158.837845,14.990707,119.219406
131352.637850,159.050171,14.932846,119.229034
131352.679126,159.018112,14.599167,119.034332
131352.720401,158.952454,14.892303,119.350098
131352.761674,159.038605,14.955551,119.359650
131352.802950,158.982452,14.674637,119.192474
131352.844223,158.959015,14.738098,119.456833
131352.885498,158.771103,14.782532,119.440948
131352.926773,158.703186,14.944000,119.377274
131352.968047,158.952835,14.929306,119.347855
131353.009324,158.635468,14.979889,119.326584
131353.050600,158.927322,14.829437,119.145569
131353.091876,158.905655,14.976105,119.228546
131353.133150,158.636978,15.038956,118.976639
131353.174424,158.865753,14.871414,118.970474
131353.215697,158.916565,14.760880,118.702728
131353.256971,158.894287,14.775162,119.142151
131353.298243,159.008530,14.808533,118.794373
131353.339519,158.969955,14.630112,119.000870
131353.380795,159.030243,14.637405,119.096069
131353.422069,158.963577,14.869034,119.117294
131353.463344,158.987564,14.904907,118.888870
131353.504620,159.039642,14.775848,119.019150
131353.545894,158.985107,14.758804,118.783279
131353.587166,158.948486,14.818893,119.101532
131353.628439,158.893188,14.946045,118.912201
131353.669714,159.054733,14.687180,118.975266
131353.710989,158.929428,14.811768,119.048996
131353.752264,159.029312,14.804535,119.153320
131353.793541,158.961777,14.748367,119.101151
131353.834818,158.803101,15.096405,118.964096
131353.876095,158.915833,14.735184,119.135574
131353.917371,158.871185,14.746582,119.060898
131353.958645,158.905151,14.822159,119.132751
131353.999920,158.936707,14.762238,119.110855
131354.041197,158.943817,14.854721,119.133118
131354.082476,158.951599,14.881760,119.203278
131354.123755,158.954315,14.783798,119.319962
131354.165035,158.874374,14.548569,119.584305
131354.206313,158.902710,14.939423,119.452423
131354.247592,158.653427,15.142166,119.593552
131354.288869,158.687225,15.063873,119.311417
131354.330147,158.849625,15.053757,119.170212
131354.371425,158.744598,14.924423,119.368881
131354.412701,158.808914,14.938690,119.312469
131354.453977,158.751190,14.942368,119.027390
131354.495253,158.858170,14.855255,119.170242
131354.536530,158.862549,14.846603,119.277527
131354.577806,158.826447,14.788025,118.999588
131354.619083,158.875427,14.641525,119.660156
131354.660361,159.001419,14.662506,119.289200
131354.701638,158.843216,14.924484,119.195450
131354.742917,159.122360,14.795013,119.274368
131354.784196,159.119400,14.709366,119.490341
131354.825473,158.908218,14.851761,119.416458
131354.866752,158.838272,14.965347,119.299088
131354.908031,158.815933,14.818161,119.202362
131354.949310,158.813141,14.822372,119.247314
131354.990590,159.044052,14.746567,119.431488
131355.031867,158.783142,14.896713,119.369736
131355.073144,158.942459,14.727997,119.036850
131355.114422,158.806290,14.914246,119.226852
131355.155699,158.660828,14.977158,119.178665
131355.196977,158.710770,14.763855,119.433548
131355.238256,158.661331,14.936829,118.979477
131355.279535,158.620590,14.983566,119.337357
131355.320810,158.669357,14.881348,119.268845
131355.362085,158.843475,14.798676,119.109024
131355.403362,158.810349,14.677002,119.361603
131355.444636,158.578644,14.935104,119.639450
131355.485915,158.708771,15.070297,119.496735
131355.527192,158.799683,14.985367,119.642960
131355.568468,158.697510,14.873810,119.404694
131355.609745,158.899384,15.078217,119.279236
131355.651022,158.634811,15.173584,119.502213
131355.692299,158.851135,14.988617,119.105545
131355.733576,158.644638,15.080566,119.426926
131355.774852,158.549774,15.031250,118.873932
131355.816128,158.708557,14.868240,119.249481
131355.857405,158.590195,14.838745,119.159958
131355.898682,158.750122,14.832382,119.103333
131355.939961,158.585373,15.061066,119.139130
131355.981238,158.756485,14.824585,118.911377
131356.022515,158.655441,15.072281,119.109848
131356.063791,158.731552,14.877472,119.240677
131356.105069,158.849304,14.747849,119.250351
131356.146346,158.621048,14.887985,119.380524
131356.187622,158.706146,15.179199,119.251022
131356.228898,158.772308,14.883148,119.110489
131356.270174,158.628098,14.932083,119.263580
131356.311447,158.674210,14.968796,119.386673
131356.352724,158.690689,15.019821,118.982269
131356.394000,158.975037,14.833572,119.169113
131356.435273,158.822769,15.083145,119.002655
131356.476550,158.772659,15.046524,119.374939
131356.517826,158.855408,14.742920,119.111252
131356.559105,158.885727,14.919724,119.140076
131356.600381,158.712570,15.074631,119.350266
131356.641656,158.745911,14.763214,119.358505
131356.682931,158.798721,14.875717,119.460663
131356.724205,158.853210,14.781067,119.229874
131356.765479,158.875412,14.891006,119.288681
131356.806752,158.988052,14.767487,119.327789
131356.848022,158.937378,14.861404,119.357193
131356.889293,159.172531,14.779510,119.861588
131356.930565,158.987442,14.914169,119.430267
131356.971836,158.948975,14.822784,119.486801
131357.013108,159.045929,14.787323,119.159790
131357.054383,158.947861,14.805328,119.411575
131357.095656,158.903870,14.844101,119.479935
131357.136928,158.714355,14.817062,119.616638
131357.178203,158.860992,14.801285,119.298813
131357.219475,158.775558,15.147827,119.397766
131357.260749,158.647232,15.093567,119.769012
131357.302022,158.629837,15.210251,119.946930
131357.343294,158.616623,15.152008,119.672318
131357.384566,158.579132,15.176941,119.638336
131357.425842,158.628738,15.072769,119.604141
131357.467116,158.736588,15.086212,119.446289
131357.508389,158.783859,15.165237,119.510513
131357.549660,158.723282,15.053406,119.677414
131357.590932,158.723694,14.888000,119.531509
131357.632204,158.851807,15.066818,119.573883
131357.673476,158.637054,15.003952,119.226944
131357.714747,158.686279,14.899078,119.555145
131357.756019,158.664703,14.976181,119.545181
131357.797289,158.813019,15.045410,119.621292
131357.838561,158.633087,15.031860,119.427185
131357.879831,158.764954,14.929016,119.361649
131357.921100,158.841644,14.922363,119.498566
131357.962368,158.568314,15.191269,119.384277
131358.003638,158.754196,15.266983,119.415344
131358.044905,158.749680,14.996338,119.592972
131358.086175,158.512207,15.166138,119.596848
131358.127445,158.619186,15.026321,119.472916
131358.168717,158.542450,15.216980,119.617416
131358.209992,158.581055,15.356354,119.148544
131358.251266,158.685455,15.414078,119.463242
131358.292540,158.715378,15.179901,119.345139
131358.333811,158.413986,15.277206,119.646790
131358.375082,158.584885,15.094727,119.366043
131358.416353,158.543945,15.095306,119.179947
131358.457626,158.528259,15.202255,119.414352
131358.498897,158.554413,15.114838,119.195206
131358.540166,158.391739,14.988174,119.561142
131358.581438,158.334808,15.069977,119.522400
131358.622709,158.316299,15.091492,119.368073
131358.663980,158.462540,15.167877,119.161346
131358.705250,158.494522,15.257568,119.229599
131358.746521,158.535233,15.409164,119.409317
131358.787791,158.495850,15.219696,119.592072
131358.829065,158.746307,15.313492,119.464142
131358.870334,158.748825,15.276657,119.346588
131358.911604,158.764221,15.172714,119.536270
131358.952875,158.585220,15.132660,119.330276
131358.994147,158.796066,14.803726,119.433075
131359.035421,158.727142,15.019943,119.254166
131359.076694,158.531036,15.084534,119.210846
131359.117970,158.513290,15.171265,119.213379
131359.159246,158.639954,14.968109,119.340424
131359.200521,158.362946,15.026123,119.678253
131359.241794,158.398773,15.202713,119.497955
131359.283067,158.657318,15.067383,119.431702
131359.324338,158.665375,15.124878,119.515579
131359.365611,158.708313,15.250961,119.629303
131359.406885,158.620453,15.103958,119.391220
131359.448159,158.601883,15.282501,119.381638
131359.489436,158.560379,15.351517,119.346176
131359.530713,158.463226,15.225327,119.390503
131359.571988,158.656418,15.186920,119.243729
131359.613263,158.540237,15.249863,119.365906
131359.654536,158.604492,14.939697,119.124557
131359.695811,158.444855,15.275238,119.278702
131359.737086,158.674179,15.132843,119.706024
131359.778363,158.410721,15.160965,119.825363
131359.819636,158.557510,15.110413,119.430038
131359.860910,158.550064,15.268234,119.418915
131359.902184,158.603287,15.225937,119.328110
131359.943456,158.711411,15.245087,119.680893
131359.984730,158.806656,15.166611,119.402786
131360.026004,158.886398,14.914062,119.480408
131360.067275,158.692780,15.283264,119.338272
131360.108546,158.767181,15.194962,119.389664
131360.149818,158.880859,14.973541,119.195755
131360.191090,158.728043,14.949188,119.256989
131360.232364,158.836746,15.135132,119.051300
131360.273635,158.746262,14.952194,119.290970
131360.314905,158.628983,15.210770,119.222260
131360.356177,159.019257,14.927811,119.334671
131360.397448,158.709671,15.007782,119.159286
131360.438723,158.514236,15.079865,118.992737
131360.480000,158.661560,14.728790,119.322510
131360.521274,158.716614,14.947372,119.149292
131360.562547,158.662872,15.205734,119.220688
131360.603819,158.721481,15.249298,119.314301
131360.645093,158.673431,15.370987,119.409454
131360.686365,158.870987,15.225357,119.502213
131360.727640,158.982498,15.190765,119.185730
131360.768917,158.826706,15.133667,119.044250
131360.810192,158.939926,15.215561,119.085327
131360.851466,158.942780,14.937546,119.058792
131360.892741,158.854996,14.949234,118.902725
131360.934017,158.827316,15.092896,119.260803
131360.975292,158.982773,14.916168,118.910889
131361.016567,158.925095,14.906845,119.191925
131361.057843,158.910843,15.062637,119.130096
131361.099118,158.975922,15.242508,119.259048
131361.140393,158.817841,15.263016,119.141327
131361.181668,158.745407,15.263718,119.034149
131361.222940,158.928360,15.183273,119.025848
131361.264214,158.918259,15.369980,119.163559
131361.305489,158.849915,15.224121,119.044342
131361.346764,159.122040,15.218643,118.965439
131361.388039,159.395050,15.001602,118.732513
131361.429312,159.183578,15.100494,118.937088
131361.470584,159.209442,14.987976,119.080887
131361.511859,158.947037,14.970047,119.183060
131361.553135,158.973511,15.079041,119.471207
131361.594410,158.929749,15.208527,119.273743
131361.635682,158.943924,15.301849,119.206009
131361.676954,158.883698,15.030640,118.931915
131361.718229,158.790787,15.238754,118.990845
131361.759503,158.670929,15.098969,119.243149
131361.800775,158.861023,15.253586,119.109177
131361.842047,158.892334,15.361908,119.145844
131361.883322,158.833221,15.176178,119.262360
131361.924595,158.781693,15.186340,119.473434
