128613.973103,142.941544,9.825211,122.733627
128614.014391,142.769653,9.693741,122.687622
128614.055680,142.814484,9.771744,122.835617
128614.096970,142.815292,9.825516,122.555298
128614.138258,142.936172,9.676193,122.915512
128614.179549,142.991455,9.749405,122.356110
128614.220840,142.925751,9.659637,122.606293
128614.262134,142.712677,9.749344,122.522308
128614.303427,142.799408,9.842819,122.714127
128614.344718,142.650482,9.895859,122.421371
128614.386010,143.038788,9.684006,122.613892
128614.427301,142.933243,9.870575,122.329361
128614.468592,143.051605,9.640411,122.618851
128614.509883,143.189896,9.551285,122.650528
128614.551172,142.892914,9.852753,122.456772
128614.592461,143.135391,9.636230,122.641220
128614.633749,142.997955,9.645844,122.413742
128614.675040,142.794571,9.889755,122.335968
128614.716331,142.810333,9.917282,122.568237
128614.757618,142.901855,9.600815,122.215378
128614.798908,142.818787,9.854507,122.380951
128614.840198,142.939117,9.698318,122.260056
128614.881488,142.967285,9.699646,122.446945
128614.922776,142.971802,9.635941,122.388550
128614.964068,142.930389,9.652328,122.226151
128615.005359,142.840897,9.970657,122.845398
128615.046649,142.901169,9.859314,122.436310
128615.087941,142.832977,9.771072,122.648331
128615.129235,142.958801,9.910934,122.409775
128615.170524,143.056458,9.993744,122.401703
128615.211813,142.995651,9.848938,122.457352
128615.253102,142.628754,9.991714,122.497253
128615.294391,142.660736,9.962875,122.502014
128615.335680,142.644028,9.786469,122.561035
128615.376967,142.651901,10.073181,122.700256
128615.418254,142.673065,10.005157,122.528397
128615.459542,142.701614,9.891830,122.281403
128615.500833,142.928085,9.940048,122.458694
128615.542123,143.029022,9.833176,122.285812
128615.583414,142.839996,9.774902,122.247040
128615.624705,142.981552,9.870651,122.586823
128615.665996,143.246735,9.777191,122.309708
128615.707286,142.937119,9.527924,122.553909
128615.748578,143.060150,9.838806,122.039169
128615.789868,142.966095,9.870728,122.607178
128615.831158,142.879333,9.870819,122.466263
128615.872447,143.127960,9.677185,122.238663
128615.913738,143.124451,9.635651,122.443146
128615.955030,142.936569,9.744766,122.217331
128615.996319,143.185684,9.699188,121.988281
128616.037610,143.105362,9.691681,122.085266
128616.078903,143.327499,9.660446,122.059036
128616.120194,143.054016,9.691879,122.147995
128616.161484,143.047531,9.696548,122.309219
128616.202776,143.042664,9.821457,122.081573
128616.244069,142.844070,9.800598,122.316849
128616.285360,142.881241,9.846741,122.195892
128616.326650,143.189575,9.750504,122.253983
128616.367938,143.166962,9.836258,122.544281
128616.409227,143.292328,9.788986,122.181320
128616.450516,142.976440,9.887497,121.994949
128616.491805,143.001999,9.754639,122.150162
128616.533095,143.240326,9.784180,122.128799
128616.574387,142.915802,9.702316,121.974579
128616.615680,142.930161,9.863815,122.153549
128616.656971,142.837952,9.749390,122.395798
128616.698266,142.893356,9.573700,121.934067
128616.739559,142.862869,9.819580,122.170792
128616.780852,142.850021,9.920258,121.848862
128616.822145,142.995468,9.809067,122.242508
128616.863439,143.012146,9.787033,122.080093
128616.904730,143.166397,9.614899,121.914062
128616.946020,143.165176,9.671692,122.051590
128616.987309,143.059662,10.020004,122.481613
128617.028601,143.094360,9.869583,122.146133
128617.069893,143.287857,9.954147,122.533585
128617.111184,143.041077,10.125168,122.192017
128617.152478,143.023270,9.996262,122.261215
128617.193769,143.213928,9.724625,122.415207
128617.235062,143.015747,9.953033,121.892227
128617.276352,142.953262,9.924042,122.159821
128617.317643,142.966354,9.847076,121.739517
128617.358935,142.922195,9.912262,122.229462
128617.400226,142.894272,9.615204,122.319412
128617.441516,143.031784,9.681564,121.805191
128617.482806,142.899109,9.784668,122.343704
128617.524099,142.967224,9.787842,122.626572
128617.565388,143.094482,9.794052,122.336227
128617.606678,143.215378,9.963806,122.066574
128617.647967,143.275528,9.842590,122.244736
128617.689258,143.189301,9.694458,122.336777
128617.730550,143.271347,9.783035,122.559677
128617.771841,142.826492,9.947800,122.565948
128617.813133,142.924591,9.890335,122.466156
128617.854428,143.052734,9.795395,122.559097
128617.895718,142.986649,9.794708,122.080704
128617.937009,142.950668,9.979294,122.129608
128617.978301,143.058151,9.670105,122.257446
128618.019593,142.957443,9.737686,122.410339
128618.060885,143.142075,9.642197,122.497116
128618.102175,143.074081,9.814362,121.949142
128618.143466,143.075775,9.786621,122.219864
128618.184758,143.068527,9.644592,122.469574
128618.226048,142.847794,9.806549,122.396820
128618.267336,143.016922,9.965424,122.496109
128618.308625,143.127106,9.784836,122.144058
128618.349915,142.988022,9.895325,122.338501
128618.391207,142.890854,9.865677,122.589783
128618.432497,143.121872,9.551331,122.201584
128618.473787,142.807266,9.882935,122.330750
128618.515079,142.850922,9.827942,122.595688
128618.556367,142.908646,9.810516,122.390228
128618.597657,142.557129,10.129257,122.379776
128618.638948,142.641693,9.950729,122.270935
128618.680239,142.681488,10.226379,122.114258
128618.721531,142.790176,10.182114,122.479324
128618.762823,142.830276,9.893600,122.338058
128618.804115,142.773834,9.781097,122.247452
128618.845406,142.859146,9.889847,122.354843
128618.886697,143.009949,9.965744,122.365860
128618.927987,142.799500,10.061844,122.342896
128618.969277,143.030807,10.056946,122.461746
128619.010567,142.997116,10.065063,121.898926
128619.051857,142.926483,10.274414,122.410004
128619.093147,142.843414,9.971924,122.193863
128619.134436,143.049255,9.924225,121.932205
128619.175727,142.975388,9.713409,121.811935
128619.217014,142.792969,9.826019,121.741943
128619.258304,142.982895,9.954605,121.979477
128619.299592,142.811218,9.913208,122.400070
128619.340881,142.839355,9.942444,122.338776
128619.382172,143.041077,9.925339,122.374252
128619.423464,143.147186,9.963562,122.235626
128619.464757,143.106049,9.883621,122.122330
128619.506049,143.209091,9.930725,122.096954
128619.547341,142.976776,10.000656,122.312302
128619.588634,142.994705,9.821213,122.320847
128619.629927,142.806946,9.845764,122.088531
128619.671219,142.917130,9.913681,121.567322
128619.712509,142.971466,9.987686,122.155029
128619.753796,142.989227,10.108398,122.168365
128619.795086,143.011673,9.643616,122.239929
128619.836375,143.117477,9.647720,121.951904
128619.877664,143.146317,9.662369,121.806274
128619.918952,143.142914,9.914917,121.819901
128619.960243,143.072342,9.717834,122.098938
128620.001535,142.939041,9.832321,122.457123
128620.042826,143.121063,9.706345,122.342499
128620.084116,143.048279,9.806686,122.276093
128620.125406,142.813751,9.817383,121.925766
128620.166697,143.157776,9.772202,121.966812
128620.207988,143.019608,9.976639,122.216339
128620.249280,143.010315,9.921478,122.446472
128620.290568,142.925903,9.885452,122.209579
128620.331858,143.099792,10.107071,122.054306
128620.373149,143.027725,9.808640,122.026245
128620.414439,142.991714,9.781082,121.772583
128620.455728,142.952682,9.487152,121.577576
128620.497019,142.913162,9.872269,121.696030
128620.538308,142.940857,9.791016,121.823029
128620.579596,142.913300,9.724838,121.835892
128620.620884,142.840988,9.930328,121.849854
128620.662173,142.845184,9.586868,121.937988
128620.703463,142.632919,9.807449,122.321945
128620.744755,142.744064,9.784332,121.863220
128620.786042,142.655411,9.974594,121.846725
128620.827332,142.638412,9.706314,122.383438
128620.868620,143.042694,9.574783,121.909271
128620.909909,142.784790,9.790619,121.891296
128620.951198,142.954269,9.576202,121.930130
128620.992488,142.949341,9.545914,122.005066
128621.033774,142.903473,9.693024,121.525833
128621.075060,142.853882,9.647141,121.783401
128621.116348,143.137482,9.429260,121.802902
128621.157637,142.934113,9.531647,121.632507
128621.198923,143.026093,9.464935,121.839066
128621.240210,143.140686,9.740814,121.960999
128621.281499,143.285110,9.656250,122.233063
128621.322788,142.955872,9.736023,122.228546
128621.364079,142.811279,9.786530,121.961868
128621.405366,143.095932,9.978378,122.047302
128621.446656,143.101990,9.939819,121.889343
128621.487945,143.068161,9.841446,122.010361
128621.529234,142.931244,9.882629,121.927322
128621.570524,143.014282,10.014511,121.779022
128621.611812,142.983673,9.728180,122.077286
128621.653103,142.560303,9.995850,121.891312
128621.694391,142.961060,10.205338,121.951736
128621.735681,142.966141,10.064575,122.153046
128621.776969,143.002289,10.070206,121.836655
128621.818257,142.763519,9.945480,121.815826
128621.859547,142.934677,10.099670,122.062531
128621.900837,142.856659,10.118378,122.034088
128621.942128,143.143036,9.722519,121.971985
128621.983417,143.023148,9.973434,122.313156
128622.024707,142.760574,10.180923,122.091095
128622.065998,142.989502,9.939331,121.660110
128622.107288,143.141724,10.040680,121.961914
128622.148577,143.145966,9.901886,121.876984
128622.189866,142.972076,9.715973,121.717300
128622.231155,142.946152,9.917831,121.633057
128622.272442,143.001633,9.644287,121.761230
128622.313733,142.976761,9.500763,122.055313
128622.355024,143.040878,9.836044,122.237610
128622.396313,143.199829,9.504272,121.707962
128622.437604,143.025375,9.583176,121.830505
128622.478895,143.064774,9.590302,122.096527
128622.520188,142.977280,9.710800,121.765869
128622.561480,143.124725,9.691605,121.733292
128622.602769,143.147705,9.855484,121.875443
128622.644060,143.159943,9.397263,121.922836
128622.685348,143.290207,9.538803,122.220352
128622.726638,143.265961,9.480530,121.850082
128622.767927,143.040543,9.666473,122.198456
128622.809218,143.090897,9.681839,121.859207
128622.850507,142.979691,9.707092,121.944702
128622.891797,143.118530,9.773453,122.111328
128622.933089,142.893799,9.676315,121.972580
128622.974381,142.960114,9.646408,122.002274
128623.015672,143.046783,9.674683,122.360992
128623.056961,142.942078,9.703552,122.132690
128623.098252,143.168991,9.594376,122.388077
128623.139541,143.062057,9.665146,122.196808
128623.180833,143.213364,9.811646,122.280518
128623.222126,143.168793,9.925537,122.387390
128623.263417,143.215073,9.761642,122.214783
128623.304705,143.066559,10.033371,122.313339
128623.345995,143.102341,9.570969,121.936218
128623.387284,142.934036,9.923569,121.969254
128623.428574,143.140091,9.782486,121.932541
128623.469867,142.927399,9.784653,122.271744
128623.511159,142.830582,9.827423,122.018997
128623.552451,142.914047,9.782776,122.370529
128623.593743,143.073532,9.730469,122.287292
128623.635035,142.806244,9.713181,121.829834
128623.676324,143.008316,9.805862,122.015564
128623.717613,143.103958,9.907303,122.150040
128623.758904,143.093597,9.922363,121.917786
128623.800193,143.270691,9.804901,122.090805
128623.841482,143.191696,9.892746,122.211960
128623.882770,143.172226,9.993057,122.192245
128623.924060,143.066147,9.944687,122.140488
128623.965349,143.239426,9.831665,122.230011
128624.006639,143.155777,9.984573,121.957291
128624.047926,143.096649,9.935242,121.888290
128624.089212,143.020203,9.944244,122.195374
128624.130502,143.071030,9.803406,121.932144
128624.171790,142.870453,9.767471,121.995529
128624.213079,142.898834,9.851196,121.713425
128624.254368,142.867691,9.914459,121.757462
128624.295656,142.913391,9.694443,122.132172
128624.336945,143.103821,9.969086,122.065292
128624.378235,143.041504,9.860062,121.891815
128624.419524,142.989838,9.945602,122.265182
128624.460812,143.156418,9.855164,122.283371
128624.502101,143.211288,9.902954,122.171555
128624.543390,143.078445,9.914246,122.099792
128624.584679,143.177383,9.835999,122.294159
128624.625969,143.131927,9.810913,121.931915
128624.667262,142.824814,9.958359,122.128342
128624.708551,142.842316,9.625641,122.108185
128624.749839,142.905731,9.657639,122.111877
128624.791129,142.777679,9.747406,121.908829
128624.832418,142.972473,9.847794,122.115906
128624.873708,143.188904,9.632126,122.146820
128624.914999,142.875153,9.673462,122.055740
128624.956290,142.715363,9.719009,122.293243
128624.997582,143.063416,9.494263,122.369141
128625.038874,142.984787,9.891235,122.345139
128625.080165,143.096985,9.852478,122.123047
128625.121455,142.950760,9.994308,122.261414
128625.162746,143.115997,9.717712,122.161621
128625.204037,142.911499,10.044449,121.981598
128625.245332,143.014069,9.821793,122.038300
128625.286624,142.974091,9.571808,121.929443
128625.327917,142.946930,9.747986,121.979492
128625.369211,143.018860,9.524643,121.903717
128625.410502,142.565460,9.707687,121.969360
128625.451794,142.738083,9.704468,121.960251
128625.493088,142.566818,9.628250,121.916397
128625.534381,142.736343,9.688202,121.736023
128625.575672,142.564804,9.978500,122.155396
128625.616961,142.655182,9.787735,121.851837
128625.658251,142.627335,9.923294,122.206512
128625.699545,142.928741,9.855942,122.204254
128625.740835,142.985291,9.941727,121.870438
128625.782126,142.833298,9.733582,122.343872
128625.823417,142.994339,10.034332,121.999710
128625.864708,142.903931,9.668167,121.725296
128625.905997,142.804657,9.812103,121.743408
128625.947287,143.017914,9.741791,121.769470
128625.988576,142.843933,9.822693,121.585220
128626.029866,142.956146,9.608017,121.936752
128626.071157,142.905945,9.657486,121.867340
128626.112450,143.002167,9.606003,121.959244
128626.153741,143.018875,9.707886,121.739197
128626.195035,142.936188,9.620071,122.072525
128626.236328,142.929932,9.748627,121.796936
128626.277619,142.997589,9.698502,121.858688
128626.318908,142.906631,9.801605,121.941132
128626.360199,142.971863,9.906265,121.871277
128626.401490,143.060089,9.737503,122.049332
128626.442781,143.024445,9.819534,121.815247
128626.484071,143.104263,9.652542,121.917358
128626.525362,143.192291,9.776382,122.245239
128626.566651,142.855728,9.679031,121.968567
128626.607941,142.988434,9.729828,121.774673
128626.649233,143.007706,9.448624,122.001892
128626.690525,143.042679,9.806763,121.879089
128626.731814,143.125214,9.547348,121.767502
128626.773102,142.724731,9.938065,121.635117
128626.814391,142.927856,9.747986,122.088455
128626.855678,142.949631,9.933334,122.148880
128626.896966,143.133469,9.681854,122.054871
128626.938253,142.916321,9.955521,122.044113
128626.979541,143.125885,9.788269,122.163589
128627.020829,143.135086,9.866425,122.150787
128627.062117,143.168671,9.855957,121.946548
128627.103407,142.945892,9.853790,122.348480
128627.144693,142.950104,10.057175,122.079712
128627.185981,143.048248,9.935959,122.171982
128627.227268,142.897797,10.118790,122.253769
128627.268555,142.511932,9.914551,122.033981
128627.309841,142.845871,9.820114,122.148621
128627.351130,142.756027,9.725388,122.264816
128627.392418,142.628525,9.876343,122.282242
128627.433704,142.732559,10.032806,122.452347
128627.474994,142.838318,9.974365,122.223755
128627.516279,142.642410,9.948502,122.148666
128627.557565,142.913467,9.993118,122.473740
128627.598851,142.780807,10.148315,122.528061
128627.640139,142.830872,10.181122,122.514343
128627.681429,143.062347,9.811386,122.434326
128627.722719,143.036835,9.921249,122.289291
128627.764008,142.970505,9.881546,122.412506
128627.805294,142.921616,10.138428,122.053452
128627.846583,142.947250,9.864304,122.242874
128627.887872,142.999222,10.030228,122.038620
128627.929162,142.916290,10.046417,122.192520
128627.970450,142.810898,10.057892,121.836578
128628.011740,142.643677,10.188980,122.340881
128628.053025,142.802856,10.015366,121.993256
128628.094312,142.828415,10.001251,122.319992
128628.135600,142.736847,10.050003,122.166061
128628.176887,142.995575,10.042282,122.355667
128628.218175,142.856750,10.178223,122.512939
128628.259464,142.985977,10.112549,122.087753
128628.300755,142.878723,10.068436,122.062225
128628.342044,142.451385,10.113266,122.174820
128628.383331,142.839859,9.893616,121.955719
128628.424618,142.753784,10.134415,122.095764
128628.465904,142.678375,10.104446,121.940628
128628.507188,142.713623,10.117538,121.951096
128628.548475,142.494141,10.040741,122.004547
128628.589762,142.485229,10.039383,121.711746
128628.631049,142.746017,9.925140,121.922852
128628.672334,142.799652,10.049240,121.981918
128628.713619,142.823318,9.959549,121.728836
128628.754907,143.003220,10.087448,121.980835
128628.796195,143.030884,10.008240,122.231400
128628.837481,142.875671,9.891632,121.881989
128628.878765,142.829498,10.167480,122.235046
128628.920051,143.045563,10.034439,122.103943
128628.961338,142.842529,10.005859,122.410370
128629.002627,142.811966,9.941086,121.762726
128629.043916,142.720123,10.105240,122.475113
128629.085204,142.792419,9.911987,122.098343
128629.126491,142.752228,10.068848,122.307251
128629.167780,142.795792,9.774200,122.211975
128629.209067,142.917068,9.919937,122.040497
128629.250355,142.934982,9.771240,122.196121
128629.291643,142.947037,10.057449,122.380264
128629.332932,142.989151,9.849731,122.172699
128629.374221,142.848526,9.844513,122.020432
128629.415509,142.926331,9.943481,122.212677
128629.456800,142.938339,10.062561,122.355927
128629.498091,143.104721,10.086609,122.222504
128629.539379,142.912552,10.211639,122.250534
128629.580668,143.044510,9.828278,122.045212
128629.621957,142.878525,10.035202,122.098221
128629.663247,142.901794,9.900375,122.093109
128629.704536,142.956009,9.925278,121.963776
128629.745823,142.975327,9.966309,121.943192
128629.787112,142.962631,9.737946,122.034714
128629.828402,142.798141,10.023407,121.817673
128629.869691,142.965820,9.925339,121.933899
128629.910980,142.988235,9.821457,121.881866
128629.952269,142.953293,9.956482,122.073883
128629.993557,142.997910,9.857941,121.744980
128630.034844,143.130737,10.067215,122.079163
128630.076131,142.971542,10.120590,122.218826
128630.117419,142.957047,10.204834,122.095367
128630.158706,143.065414,10.092514,121.887375
128630.199995,142.785294,9.986618,122.209091
128630.241283,142.799011,9.966751,121.887741
128630.282570,142.950287,9.880692,121.862503
128630.323855,142.887344,10.116760,121.735809
128630.365141,142.805099,10.032547,121.784760
128630.406428,143.092514,9.861664,122.067780
128630.447715,142.899399,9.877960,121.980331
128630.489002,142.742950,10.166122,122.112015
128630.530291,143.070724,9.799423,122.098450
128630.571578,143.187653,9.568558,122.163544
128630.612865,143.009354,9.596359,121.939667
128630.654151,143.073303,9.839050,122.031479
128630.695435,143.093628,9.644958,122.298676
128630.736720,143.022034,9.734299,122.437988
128630.778007,142.974747,9.995041,122.044662
128630.819293,142.933243,9.747787,122.092316
128630.860579,143.139725,9.645584,122.321869
128630.901866,143.054688,9.566269,121.864578
128630.943153,142.895966,9.924377,121.927307
128630.984442,142.930527,9.668274,121.741684
128631.025731,143.017319,9.440094,122.212921
128631.067018,143.009857,9.687286,122.280273
128631.108307,143.021576,9.626709,121.865479
128631.149594,143.020615,9.772324,122.227722
128631.190881,142.912048,9.822861,122.270935
128631.232166,143.165848,9.756149,122.232605
128631.273451,143.200943,9.792633,122.084015
128631.314737,143.091125,9.993256,122.271805
128631.356025,143.127991,9.917511,122.191147
128631.397315,143.017960,10.174637,122.615433
128631.438604,143.216934,10.004959,122.444061
128631.479895,142.859482,10.003143,122.209457
128631.521185,143.003525,9.942642,122.183029
128631.562475,142.974304,9.849991,122.100967
128631.603765,143.112106,9.828384,122.467255
128631.645053,143.138763,9.953354,122.094925
128631.686343,142.969528,9.900925,122.194168
128631.727633,142.921402,10.054169,122.206680
128631.768924,143.096329,9.760452,122.245361
128631.810213,142.898285,9.786423,121.987045
128631.851500,142.945572,9.823074,121.999084
128631.892787,142.988068,10.002792,122.078476
128631.934076,143.079666,10.020157,122.251495
128631.975366,143.008286,9.966858,122.363602
128632.016654,143.080826,9.795135,122.095474
128632.057943,142.857468,10.169556,122.115387
128632.099233,142.992142,10.022034,122.036148
128632.140522,142.948364,9.942078,122.124390
128632.181811,143.003067,9.888092,122.141556
128632.223101,143.035019,9.941132,122.001862
128632.264390,142.927734,10.095947,121.965820
128632.305679,142.745087,10.143723,122.325836
128632.346968,142.741013,10.012054,122.216400
128632.388259,143.060944,10.011871,121.895004
128632.429551,142.908844,9.996140,121.919205
128632.470841,143.125748,9.980133,121.957062
128632.512130,142.992950,9.866898,122.161163
128632.553421,142.969513,10.027313,122.106918
128632.594710,142.814590,10.027100,122.336243
128632.635998,142.948990,10.194580,122.378250
128632.677289,142.850250,10.010818,122.128189
128632.718580,143.099075,9.912811,122.044479
128632.759875,143.040741,9.924530,122.280685
128632.801164,143.228775,9.807602,122.055771
128632.842451,143.046677,9.931854,121.995956
128632.883739,142.819733,10.058273,121.954239
128632.925029,142.753769,9.962036,122.232330
128632.966321,143.105667,9.973969,122.224426
128633.007610,142.838013,10.130539,122.251541
128633.048902,142.872879,9.995178,122.171021
128633.090191,142.823532,9.906586,122.055832
128633.131480,142.977722,9.939804,122.296310
128633.172769,142.860611,10.124741,122.267532
128633.214056,142.793106,10.201935,122.196930
128633.255343,142.733658,10.164505,122.422882
128633.296633,142.852173,9.998505,122.215393
128633.337920,142.674988,9.797272,122.246216
128633.379208,142.782837,10.030396,122.164795
128633.420498,142.957031,9.748352,121.855484
128633.461789,142.648880,9.893066,121.885574
128633.503078,142.656296,9.899475,122.359680
128633.544367,142.825684,9.992249,122.137894
128633.585655,142.802444,9.818253,122.225525
128633.626945,142.867691,9.856934,121.977585
128633.668235,142.731750,9.975891,122.142487
128633.709523,142.822952,10.020630,122.413589
128633.750810,142.512283,10.013916,122.386917
128633.792097,142.685120,9.922638,122.197906
128633.833382,142.951782,10.112305,122.235641
128633.874668,142.822144,10.069092,122.287842
128633.915954,142.976364,9.953796,122.233643
128633.957242,142.892532,9.864212,121.904129
128633.998528,142.903702,9.953751,122.380081
128634.039813,142.943863,9.740677,122.428970
128634.081099,142.743042,9.902893,121.850006
128634.122388,142.805130,9.666458,121.774338
128634.163673,142.904785,9.854294,121.983429
128634.204957,142.828156,9.634247,121.955322
128634.246245,142.729034,9.732269,122.120148
128634.287532,142.757172,9.938873,122.091339
128634.328820,142.866226,10.055069,122.178711
128634.370106,142.989212,9.855530,122.456497
128634.411394,143.122849,9.807632,122.193878
128634.452683,143.015839,9.818176,122.105972
128634.493975,142.783783,9.858170,121.976501
128634.535263,143.028320,9.728729,122.387436
128634.576551,143.128754,9.794403,122.497116
128634.617838,142.993500,9.815521,122.201294
128634.659127,142.791122,10.018387,121.839111
128634.700412,143.106583,9.723724,121.807266
128634.741699,143.112305,9.678467,121.956757
128634.782986,142.854675,9.650009,122.357040
128634.824274,142.839859,9.837173,122.215912
128634.865562,142.906021,9.900604,122.369827
128634.906850,142.706207,9.920624,122.369263
128634.948137,142.934814,9.710052,122.447922
128634.989424,142.998489,9.500107,122.371658
128635.030714,142.925400,9.686981,122.141129
128635.072008,143.097610,9.861115,122.119858
128635.113299,143.028763,9.621002,122.330460
128635.154590,143.190231,9.614258,122.256088
128635.195880,143.103622,9.527847,121.957199
128635.237171,143.121750,9.693985,122.359528
128635.278459,143.148346,9.927658,121.970963
128635.319747,143.217133,9.823822,122.121017
128635.361036,142.984833,9.625946,122.219147
128635.402325,142.861740,9.625732,121.992813
128635.443614,143.015015,9.572632,121.943710
128635.484902,142.928711,9.973022,122.180222
128635.526189,142.996414,9.599380,122.051514
128635.567478,143.000320,9.721664,122.384277
128635.608767,142.963440,9.732712,122.208221
128635.650058,143.044647,9.699982,122.083115
128635.691348,143.180832,9.718292,122.137497
128635.732638,143.056808,9.996262,122.098328
128635.773929,143.041473,9.800415,122.330933
128635.815219,143.105820,9.920578,122.590057
128635.856508,142.959274,9.765778,122.231812
128635.897799,142.950958,9.768845,121.992432
128635.939088,142.887451,9.841446,121.765198
128635.980374,142.938019,9.589203,122.048203
128636.021660,142.841721,9.712387,121.867905
128636.062947,142.973053,9.761581,122.078156
128636.104235,142.996872,9.754074,121.791458
128636.145521,143.052460,9.652542,122.052002
128636.186805,142.876144,9.945816,122.046646
128636.228091,142.914062,9.825043,122.078217
128636.269376,142.960251,9.797729,122.345062
128636.310665,142.978287,9.631332,122.456100
128636.351954,142.877548,9.980896,122.243759
128636.393243,142.806015,10.257828,122.419983
128636.434532,142.879715,10.196152,122.434128
128636.475821,142.705322,10.130463,122.392410
128636.517108,142.769745,9.852753,122.130875
128636.558397,142.718933,9.872284,122.150299
128636.599689,143.008072,9.781082,121.868042
128636.640978,142.860138,9.905243,121.942581
128636.682270,142.988419,9.939041,122.092926
128636.723560,143.038422,9.794266,122.390305
128636.764851,142.897949,9.776962,122.339493
128636.806140,142.840927,9.740997,122.019363
128636.847428,143.003662,9.576096,122.048065
128636.888715,143.162216,9.637650,122.124817
128636.930003,143.167999,9.754639,122.206223
128636.971290,142.948273,9.891830,122.317627
128637.012579,143.177429,9.670639,122.150299
128637.053871,143.155746,9.688812,122.271423
128637.095164,143.249771,9.571579,122.463943
128637.136456,143.187897,9.648987,122.145538
128637.177745,143.144272,9.716965,122.433334
128637.219035,142.935410,9.784500,122.345123
128637.260327,143.067169,9.664963,122.154160
128637.301615,142.962418,9.704712,122.288269
128637.342903,143.053940,9.782318,122.298218
128637.384193,143.166153,9.711548,121.947449
128637.425483,142.929382,9.987579,122.294434
128637.466772,142.825867,9.960526,122.657318
128637.508060,143.205292,9.774811,122.524078
128637.549349,143.004150,9.874725,122.378876
128637.590640,143.079544,9.595932,122.390915
128637.631930,143.044113,9.823181,122.482315
128637.673219,143.074142,9.734970,122.449203
128637.714508,142.946259,9.895401,122.406815
128637.755796,143.113220,9.838028,122.366135
128637.797086,143.192429,9.606125,122.479034
128637.838374,143.084717,9.901611,122.342636
128637.879664,142.876740,9.501297,122.157166
128637.920955,143.048523,9.633728,122.262558
128637.962245,143.005600,9.714523,122.607483
128638.003536,142.869263,9.829865,122.338638
128638.044825,142.846741,9.693939,122.250198
128638.086112,143.021042,9.611008,122.239044
128638.127401,142.966812,9.797348,122.275742
128638.168689,143.037201,9.610779,122.162888
128638.209977,142.972778,9.820663,122.363800
128638.251265,143.170074,9.621384,122.249695
128638.292551,143.123215,9.710968,122.117096
128638.333835,143.076370,9.847656,122.358826
128638.375120,143.024948,9.590866,122.189102
128638.416404,142.937836,9.876007,122.317734
128638.457686,143.156387,9.775177,121.996674
128638.498972,143.124939,9.786011,122.066910
128638.540258,142.723907,9.696533,122.307449
128638.581544,143.006531,9.871063,122.046112
128638.622830,142.911682,9.756012,122.433670
128638.664119,143.204315,9.616180,122.284988
128638.705409,142.815140,9.808029,122.318466
128638.746699,143.096329,9.810471,122.428116
128638.787989,143.080048,9.911057,122.377319
128638.829278,143.001724,9.718781,122.469528
128638.870569,143.266174,9.510223,122.427551
128638.911858,143.152786,9.504349,122.226151
128638.953148,143.516022,9.710419,122.125107
128638.994439,143.274918,9.829453,122.226517
128639.035729,143.130966,9.635056,122.276703
128639.077021,143.158081,9.831924,122.103897
128639.118312,143.029770,9.768723,122.320312
128639.159599,143.108826,9.459259,122.309921
128639.200886,143.350998,9.595428,122.439560
128639.242174,143.168015,9.872482,122.339874
128639.283462,143.372818,9.706940,122.332550
128639.324750,143.049088,10.048798,122.442307
128639.366038,143.517822,9.721725,122.343979
128639.407327,143.261856,10.023956,122.161331
128639.448615,143.461792,9.768768,122.663742
128639.489901,143.268524,9.785782,122.379028
128639.531188,143.417389,9.973602,122.205841
128639.572475,143.199875,9.868896,122.329208
128639.613765,143.210236,9.784515,122.340042
128639.655054,143.249496,9.858459,122.040665
128639.696342,143.200195,9.541443,122.236877
128639.737632,143.420441,9.489182,122.231094
128639.778921,143.284042,9.631149,122.382996
128639.820209,143.465897,9.355133,122.339767
128639.861496,143.299652,9.414536,122.092087
128639.902785,143.290161,9.604797,122.643814
128639.944075,143.391449,9.482956,122.354507
128639.985362,143.329651,9.737762,122.587128
128640.026651,143.419022,9.783264,122.448166
128640.067939,143.325043,9.733032,122.529190
128640.109229,143.503922,9.485519,122.364868
128640.150517,143.335709,9.383255,122.398911
128640.191807,143.125168,9.510742,122.181259
128640.233097,143.170807,9.608124,122.310318
128640.274383,143.350418,9.723862,122.607361
128640.315671,143.212219,9.502197,122.146454
128640.356961,142.853745,9.699753,122.284668
128640.398251,142.980087,9.908340,122.339417
128640.439540,142.907562,9.745605,122.320587
128640.480831,143.096497,9.563263,122.115173
128640.522122,143.267105,9.637390,122.042694
128640.563411,143.216583,9.555130,122.301865
128640.604700,143.259872,9.617386,122.389008
128640.645988,143.414017,9.516678,122.288101
128640.687276,143.377792,9.494736,122.628021
128640.728565,143.385254,9.530991,122.321732
128640.769854,143.443558,9.437180,122.493332
128640.811142,143.342163,9.853287,122.287689
128640.852431,143.218613,9.771240,122.386703
128640.893722,143.319717,9.583389,122.435257
128640.935014,143.157532,9.703537,122.551071
128640.976308,143.324478,9.721298,122.622131
128641.017602,143.153992,9.678101,122.538132
128641.058894,142.938812,9.575134,122.213562
128641.100186,143.026260,9.743011,122.311401
128641.141478,143.165756,9.625824,122.107071
128641.182771,143.074127,9.471481,122.265884
128641.224059,143.273560,9.546066,122.312256
128641.265347,143.152191,9.694107,122.489334
128641.306636,143.238266,9.836166,122.626343
128641.347927,143.201828,9.529129,122.481949
128641.389219,143.139252,9.820679,122.579010
128641.430508,142.947739,9.791595,122.415344
128641.471797,143.423691,9.476791,122.256302
128641.513087,143.031006,9.588516,122.273010
128641.554377,143.213623,9.752213,122.255997
128641.595668,143.161819,9.531921,122.350937
128641.636959,142.957672,9.561737,122.244263
128641.678249,142.867172,9.518433,122.133743
128641.719540,142.930054,9.583893,122.318375
128641.760831,143.209030,9.677078,122.336243
128641.802119,142.898956,9.852280,122.745636
128641.843407,142.906174,9.651123,122.795761
128641.884694,143.071198,9.541397,122.734161
128641.925982,142.977371,9.679214,122.677078
128641.967270,143.202362,9.576767,122.659714
128642.008557,143.017609,9.567688,122.689224
128642.049846,142.968140,9.848175,122.702652
128642.091137,143.084625,9.803497,122.581833
128642.132428,142.868118,9.942749,122.679001
128642.173720,142.911179,9.878555,122.389923
128642.215011,143.201553,9.567230,122.341507
128642.256303,142.782104,9.800079,122.170258
128642.297595,143.072388,9.843750,122.300507
128642.338889,142.823746,9.735535,122.259628
128642.380181,142.915710,9.910889,122.376984
128642.421474,142.824005,9.711533,122.310730
128642.462768,142.929138,9.767700,122.468353
128642.504061,142.789978,9.754150,122.635620
128642.545357,142.919235,9.547012,122.367996
128642.586654,142.938278,9.842102,122.581451
128642.627948,143.028870,10.199722,122.502625
128642.669239,143.214676,9.683289,122.329758
128642.710532,142.949203,9.949524,122.439941
128642.751825,142.718613,9.945480,122.220505
128642.793113,142.885757,9.866867,122.461975
128642.834403,142.736969,9.974869,121.956665
128642.875695,142.795822,9.733322,122.128220
128642.916982,142.767807,9.567703,122.061401
128642.958270,142.807068,9.837006,122.145599
128642.999564,142.951859,9.729019,122.115494
128643.040856,142.821609,10.050735,121.983185
128643.082147,143.130356,9.891541,122.530640
128643.123436,142.828537,9.753738,122.111771
128643.164723,143.002441,9.687622,122.506393
128643.206010,142.959366,9.734909,122.221130
128643.247296,142.989212,9.831497,122.232727
128643.288588,142.946869,9.830917,122.055237
128643.329880,142.879333,9.744110,122.228882
128643.371173,142.988937,9.847031,122.615921
128643.412467,142.796494,9.810135,122.379517
128643.453762,142.982361,9.573792,122.506744
128643.495056,142.877167,9.625122,122.370834
128643.536349,142.845596,9.819031,122.209000
128643.577639,142.758072,9.748581,122.167221
128643.618929,142.754547,9.741928,122.524918
128643.660218,142.783157,9.792648,122.435379
128643.701508,142.714096,9.884384,122.859451
128643.742800,143.048050,9.811996,122.986298
128643.784089,143.018768,9.722458,122.995422
128643.825379,142.997574,9.816422,122.413681
128643.866671,143.010086,9.970047,122.678925
128643.907962,142.962601,9.821442,122.186539
128643.949254,143.013260,9.776108,122.546448
128643.990547,143.107208,9.762650,122.394623
128644.031839,142.925430,9.808456,121.819092
128644.073134,142.945694,9.702637,122.221207
128644.114427,142.882462,9.725662,122.388229
128644.155719,142.878998,9.635773,122.386185
128644.197009,142.811798,9.391327,122.181763
128644.238298,143.031708,9.691132,122.338898
128644.279589,143.009232,9.490494,122.243668
128644.320879,143.122665,9.841949,122.624054
128644.362167,143.003342,9.560837,122.640823
128644.403456,142.875427,9.925568,122.859726
128644.444748,142.826508,9.785416,122.658524
128644.486036,142.986893,9.858093,122.514481
128644.527325,142.939758,9.815353,122.753586
128644.568614,143.058487,9.994354,122.431824
128644.609903,143.019440,9.666534,122.890976
128644.651197,142.963745,9.908340,122.541748
128644.692493,143.042374,9.649323,122.865143
128644.733785,143.025940,9.514755,122.461853
128644.775076,142.858902,9.737564,122.521378
128644.816367,142.993973,9.489670,122.479919
128644.857656,142.973892,9.664230,122.372513
128644.898945,143.129410,9.687668,122.283157
128644.940235,143.112839,9.677643,122.361893
128644.981525,142.959274,9.744705,122.194611
128645.022817,143.035797,9.668854,122.399429
128645.064106,143.118927,9.851669,122.382233
128645.105396,142.930389,9.945663,122.548172
128645.146684,142.965515,9.870621,122.503113
128645.187974,143.000610,9.637192,122.511093
128645.229262,142.912415,9.802917,122.406067
128645.270552,142.990097,9.538086,122.443085
128645.311842,143.033798,9.452545,122.227325
128645.353133,142.909988,9.689438,122.449982
128645.394424,142.856674,9.544922,122.285873
128645.435715,142.668549,9.657181,122.062988
128645.477008,142.926041,9.731506,122.108185
128645.518303,143.152588,9.687881,121.769882
128645.559594,142.964569,9.629471,122.143616
128645.600887,142.950043,9.764374,122.105896
128645.642179,142.919785,9.666336,122.392868
128645.683469,143.069489,9.959961,122.513763
128645.724757,142.946121,9.918167,122.682587
128645.766047,142.973145,9.809067,122.583725
128645.807337,143.000931,9.821472,122.283905
128645.848628,142.891891,9.904861,122.213791
128645.889919,143.046387,9.803207,122.096985
128645.931209,142.759521,9.786484,122.260986
128645.972499,142.727859,9.874222,122.223541
128646.013789,142.967102,9.690384,122.045303
128646.055077,142.776260,9.603165,122.214935
128646.096368,142.979309,9.536926,122.383408
128646.137660,142.996719,9.573471,122.656555
128646.178951,142.977188,9.808777,122.558167
128646.220243,142.784927,9.759003,122.470810
128646.261533,142.859787,9.718277,122.483704
128646.302827,143.208603,9.740128,122.625381
128646.344115,143.004227,9.874619,122.464767
128646.385407,142.944794,10.035355,122.564117
128646.426696,142.872253,10.003296,122.691177
128646.467985,142.784317,10.159897,122.702637
128646.509275,142.902588,9.958130,122.408646
128646.550565,143.102295,9.885498,122.416626
128646.591856,142.790634,9.836670,122.131393
128646.633147,143.041565,9.798218,122.182907
128646.674437,142.824875,9.893127,122.013931
128646.715726,142.905396,9.847534,122.309311
128646.757017,143.166168,9.834061,122.597397
128646.798309,142.939590,9.732605,122.219940
128646.839599,143.212677,9.640106,122.377075
128646.880889,143.024918,9.870590,122.504852
128646.922179,143.092850,10.034653,122.726410
128646.963466,143.101974,9.918488,122.491669
128647.004758,143.034393,10.061920,122.540207
128647.046050,143.072510,9.845718,122.338913
128647.087339,143.066803,9.724792,122.528839
128647.128631,142.868744,9.857666,122.345779
128647.169923,142.828201,9.758835,122.356979
128647.211215,142.707779,9.840820,122.429764
128647.252507,142.974030,9.647079,122.272522
128647.293796,142.893219,9.502731,122.681503
128647.335086,142.988831,9.556305,122.782852
128647.376376,143.065216,9.699142,122.420349
128647.417668,143.210709,9.723007,122.375183
128647.458958,143.283783,9.636765,122.651215
128647.500250,143.269699,9.569061,122.654007
128647.541540,143.151093,9.908417,122.095139
128647.582829,142.991806,9.911209,122.637070
128647.624117,143.038162,9.847443,122.811218
128647.665408,143.032944,9.799362,122.579391
128647.706697,142.943542,9.777054,122.441757
128647.747987,142.975418,9.860123,122.313019
128647.789280,142.973969,9.755600,122.224411
128647.830571,142.732864,9.776016,122.308640
128647.871862,142.970200,9.711823,122.534027
128647.913153,143.173843,9.650955,122.123154
128647.954445,143.105057,9.625854,122.468689
128647.995738,143.140305,9.515945,122.428741
128648.037027,143.053329,9.829605,122.564117
128648.078311,142.973969,9.769882,122.182571
128648.119598,142.959824,9.800797,122.496994
128648.160888,143.018036,9.922012,122.174973
128648.202177,143.025620,9.897003,122.331894
128648.243466,143.068405,9.796890,122.286346
128648.284754,143.097916,9.906525,122.397141
128648.326041,143.144333,9.894653,122.179016
128648.367330,142.884460,9.720978,122.312195
128648.408620,142.968262,9.634598,122.234863
128648.449910,142.956039,9.838089,121.972305
128648.491201,142.647888,9.832428,121.977386
128648.532494,143.047760,9.582886,122.037308
128648.573787,142.836319,9.671890,121.966507
128648.615081,142.982178,9.610229,121.865631
128648.656373,143.034378,9.702454,122.049423
128648.697666,142.860840,9.791824,122.012650
128648.738960,142.843445,9.781860,122.147903
128648.780253,142.797897,9.798706,122.071136
128648.821545,142.865997,9.782211,121.983627
128648.862835,143.098984,9.804749,121.757889
128648.904124,143.218567,9.925690,121.945160
128648.945413,143.161377,9.760483,122.191666
128648.986704,143.180191,9.599594,121.968399
128649.027997,143.049332,9.688705,122.091003
128649.069288,143.203491,9.887573,122.148376
128649.110579,143.138077,9.744019,121.953217
128649.151871,142.941605,9.677750,122.048813
128649.193160,143.056320,9.685974,121.928604
128649.234451,142.877457,9.764664,122.139862
128649.275742,142.936371,9.814209,122.006805
128649.317031,143.047211,9.713211,122.199265
128649.358320,142.868393,9.733170,122.046692
128649.399613,143.142258,9.564575,122.431732
128649.440904,143.207336,9.970322,122.547791
128649.482195,142.984909,9.900696,122.271271
128649.523486,143.148560,10.028564,122.027481
128649.564773,143.106827,9.569931,121.970596
128649.606061,143.215546,9.859329,122.280518
128649.647351,143.190689,10.060394,122.146515
128649.688639,142.946548,9.956177,122.016525
128649.729926,142.891891,9.949661,122.100952
128649.771212,143.013718,9.871490,122.490585
128649.812499,142.977798,10.047714,122.396545
128649.853788,142.809250,10.072205,122.402924
128649.895073,142.941376,9.933151,122.131561
128649.936362,143.117233,9.971054,122.542892
128649.977650,142.983917,9.966568,122.339890
128650.018943,142.944977,9.778763,122.537582
128650.060235,142.943512,10.103241,122.251007
128650.101526,143.141846,10.125259,122.292526
128650.142817,143.236008,10.010162,122.360504
128650.184109,142.996918,10.228195,122.118164
128650.225400,143.220886,10.046280,122.528641
128650.266691,143.112030,9.789276,121.990341
128650.307980,143.104355,10.136429,122.315506
128650.349272,143.029160,10.030273,122.415726
128650.390562,142.894104,9.897598,121.906616
128650.431852,143.123795,9.748840,122.261810
128650.473141,143.042450,9.903061,122.450150
128650.514430,143.117188,9.724884,122.196136
128650.555718,143.118301,9.866638,122.254379
128650.597008,142.942200,10.051605,122.385635
128650.638299,143.055237,10.032349,122.279221
128650.679591,143.089935,9.938461,122.238083
128650.720881,143.118576,9.901749,122.239212
128650.762175,143.295868,9.855331,122.283676
128650.803466,143.310760,9.608780,121.966553
128650.844758,143.275513,9.815384,121.976471
128650.886049,143.090820,9.739944,121.880234
128650.927340,143.009857,9.794189,121.957016
128650.968632,143.137589,9.937836,122.012878
128651.009924,143.090057,9.741150,122.124786
128651.051215,143.173233,9.806595,121.994095
128651.092506,142.985001,9.992554,122.071564
128651.133796,142.901199,9.782959,121.998734
128651.175086,142.933044,9.902496,122.129349
128651.216377,143.087296,9.728455,122.109756
128651.257668,143.119247,9.985611,122.275864
128651.298959,143.037979,9.759583,122.191040
128651.340250,143.184326,9.790359,122.028824
128651.381542,143.294067,10.060303,122.197296
128651.422834,143.177429,9.884338,121.972198
128651.464125,143.217621,9.865128,122.463089
128651.505414,143.255051,9.869446,122.242676
128651.546705,143.289383,9.699432,122.239304
128651.587998,143.032272,9.909668,122.093307
128651.629288,143.184418,9.970657,121.925095
128651.670581,143.131760,9.883530,122.182022
128651.711874,143.037277,10.062195,122.230804
128651.753166,143.245972,9.749588,122.060669
128651.794457,143.141495,9.877930,122.152634
128651.835746,143.151611,9.837112,122.100571
128651.877037,143.276154,9.863907,122.246658
128651.918327,143.139755,9.840240,122.378159
128651.959618,143.120041,9.887512,122.179199
128652.000909,143.248352,10.265869,122.338928
128652.042201,143.251160,10.017365,122.368057
128652.083492,143.082443,10.042206,122.350281
128652.124785,143.118652,10.337128,122.186432
128652.166076,143.288757,9.858170,121.997192
128652.207368,142.932129,10.192764,122.061218
128652.248659,143.083084,10.205673,122.194290
128652.289951,143.196625,10.016296,121.964478
128652.331245,142.995132,10.160080,122.147705
128652.372538,142.934296,10.208267,122.247559
128652.413832,143.127441,10.327148,122.176895
128652.455124,142.982300,9.890106,122.162415
128652.496419,143.100754,10.036026,122.240906
128652.537713,143.325256,9.935333,122.276581
