39285.729654,154.422104,18.744156,124.984772
39285.770955,154.630829,18.532867,125.154434
39285.812262,154.428726,18.653763,125.283127
39285.853560,154.425171,18.857422,125.041473
39285.894859,154.359177,18.918518,124.812485
39285.936158,154.439209,18.721390,125.104767
39285.977457,154.113495,18.716431,125.017990
39286.018751,154.283325,18.579788,124.928879
39286.060057,154.285797,18.957520,125.160599
39286.101354,154.505859,18.829498,124.573792
39286.142649,154.383408,18.872726,125.047913
39286.183956,154.221756,18.869125,125.080551
39286.225254,154.366867,18.807419,125.347626
39286.266546,154.224594,19.044556,124.944000
39286.307843,154.325394,18.784317,125.107422
39286.349142,154.320175,18.487534,125.356293
39286.390447,154.138733,18.966583,125.283966
39286.431747,154.277420,18.830139,125.225952
39286.473045,154.359024,18.859741,125.030396
39286.514334,154.303253,18.764938,124.898819
39286.555634,154.250351,18.694702,124.917801
39286.596933,154.169647,18.629669,125.146423
39286.638232,154.290848,18.633118,124.793701
39286.679537,154.143677,18.610092,124.983185
39286.720834,154.289932,18.903931,125.009537
39286.762134,154.284195,18.645447,125.294266
39286.803435,154.269379,18.545700,125.235840
39286.844737,154.117615,18.695404,125.229553
39286.886035,154.214264,18.799072,125.216232
39286.927338,154.220108,18.824234,124.989944
39286.968639,154.228867,18.876831,124.988983
39287.009947,154.026611,18.802933,125.240921
39287.051248,154.190979,18.909195,125.239838
39287.092542,154.261734,18.639389,124.849075
39287.133849,154.184418,18.738327,125.008316
39287.175149,154.118225,18.770844,124.800888
39287.216448,154.279205,18.699783,125.168106
39287.257747,154.246613,18.731461,125.142914
39287.299041,154.004211,18.629288,125.414520
39287.340347,154.088760,18.686935,125.388733
39287.381639,154.024002,18.634293,125.424255
39287.422941,154.245987,18.738876,125.293747
39287.464242,154.193848,18.834549,125.490982
39287.505549,154.244965,18.823212,125.624512
39287.546844,154.167908,18.953781,125.545364
39287.588153,154.113647,18.750168,125.516678
39287.629454,154.035110,18.980133,125.536942
39287.670752,154.159470,18.854889,125.551422
39287.712059,154.158508,18.702972,125.607056
39287.753351,154.207886,18.746063,125.360229
39287.794653,153.973434,18.860275,125.509735
39287.835954,154.113235,18.737549,125.312210
39287.877262,154.275970,18.659561,125.462418
39287.918564,154.200882,18.716003,125.592804
39287.959860,154.050873,18.817535,125.313431
39288.001168,153.983948,19.150711,125.451843
39288.042462,154.180832,18.708466,125.475281
39288.083769,153.989365,19.109283,125.610306
39288.125063,153.926254,19.069977,125.421814
39288.166364,153.799957,18.960342,125.473862
39288.207671,153.954636,19.002213,125.610641
39288.248971,154.084610,18.825851,125.375549
39288.290270,153.895126,19.118469,125.583130
39288.331563,154.047379,19.127350,125.488571
39288.372865,154.035889,19.136185,125.510574
39288.414172,154.205643,19.086212,125.025589
39288.455467,153.881775,19.061523,125.269806
39288.496775,154.076462,18.747055,124.983673
39288.538070,153.946533,18.907379,125.029678
39288.579379,153.987564,19.109039,125.294586
39288.620674,153.598816,19.091141,125.238693
39288.661972,153.850235,18.972046,125.193298
39288.703271,153.983429,18.972397,125.173035
39288.744578,153.871277,19.315247,125.263016
39288.785873,153.955124,19.240372,125.368561
39288.827181,153.803711,19.171509,125.115372
39288.868474,153.931839,19.168732,125.569809
39288.909782,154.037140,19.129074,125.271683
39288.951084,154.329163,18.898148,125.151016
39288.992386,154.253708,19.037903,125.075134
39289.033680,154.160187,19.139313,125.279251
39289.074988,154.281631,18.791779,125.439590
39289.116289,154.257523,18.986877,125.103226
39289.157587,154.123001,19.035721,124.803940
39289.198885,154.256149,19.007645,125.124084
39289.240188,154.100052,18.760941,124.868027
39289.281492,153.896500,18.969955,125.346115
39289.322795,154.157257,18.870193,125.443253
39289.364100,154.060974,18.875824,125.415771
39289.405399,154.093735,18.921936,125.138702
39289.446702,154.332535,19.014206,125.665451
39289.488003,154.307037,18.960419,125.440659
39289.529306,154.181702,18.731628,125.454788
39289.570609,154.221802,18.767776,125.348969
39289.611913,154.290970,18.828156,125.285324
39289.653215,154.378235,18.889053,125.197891
39289.694522,154.172165,18.675293,125.253387
39289.735822,154.327469,18.926331,125.253433
39289.777123,154.439178,18.718582,125.175751
39289.818424,154.240799,18.994583,125.259338
39289.859725,154.085587,18.776581,125.124542
39289.901023,154.276321,18.842789,125.099609
39289.942332,154.262466,19.092545,125.218674
39289.983629,154.349976,18.754333,125.206604
39290.024936,154.421005,18.877869,124.866058
39290.066236,154.396500,18.827515,125.091782
39290.107536,154.269379,18.883621,125.129684
39290.148834,154.252960,18.871994,125.188232
39290.190133,154.305679,18.898590,124.641663
39290.231432,153.987579,19.047913,124.640533
39290.272730,154.002670,18.975250,124.925446
39290.314030,153.859863,19.163666,124.779037
39290.355323,153.965210,18.870621,124.874100
39290.396632,154.033905,18.977814,124.493454
39290.437933,154.013855,18.918365,124.570374
39290.479236,154.037582,19.245636,124.801193
39290.520530,153.924164,18.944229,125.000366
39290.561832,154.025879,19.189667,124.621490
39290.603139,154.051056,19.173569,125.046082
39290.644439,154.241165,19.185562,124.662476
39290.685733,154.073456,19.286453,124.738205
39290.727035,154.195572,18.938324,124.870407
39290.768338,153.814758,19.087738,124.924957
39290.809640,154.085068,19.169922,124.950424
39290.850940,154.304077,19.000793,124.856506
39290.892240,154.387863,18.906891,124.544357
39290.933540,154.129135,19.108978,124.763672
39290.974847,154.288269,18.789597,124.516571
39291.016142,154.075531,19.137238,124.814972
39291.057444,154.289841,18.893188,125.056839
39291.098746,154.307922,18.779739,124.767029
39291.140051,154.070282,18.940903,125.100647
39291.181354,154.222397,18.919128,125.235794
39291.222657,154.091995,18.839798,125.048569
39291.263966,154.206680,19.054108,125.183533
39291.305263,153.984146,19.042191,125.058533
39291.346567,154.428009,18.799088,124.737854
39291.387871,154.231049,18.915710,124.993469
39291.429175,154.187424,19.120331,124.554428
39291.470476,154.177963,18.897110,125.105026
39291.511776,154.225647,19.057678,124.943680
39291.553085,154.246155,19.068817,125.195770
39291.594383,154.202515,18.812836,125.036896
39291.635684,154.240326,18.847855,125.028809
39291.676985,154.487946,18.706192,125.138611
39291.718287,154.399841,19.046768,124.863525
39291.759595,154.185684,18.614029,124.781464
39291.800891,154.226746,18.740372,125.434998
39291.842194,154.145950,18.889999,125.134781
39291.883498,154.346451,18.832336,124.924225
39291.924800,154.179474,18.823853,125.223633
39291.966103,154.276367,19.037460,124.972885
39292.007412,154.054108,18.847443,125.248047
39292.048709,154.307312,18.927307,125.275330
39292.090012,154.144531,18.920120,125.148804
39292.131320,154.282471,18.886978,124.946609
39292.172614,154.338989,18.851166,125.033539
39292.213923,154.177933,18.854630,125.127563
39292.255217,154.437607,18.670120,125.550964
39292.296518,154.487473,18.689606,125.291946
39292.337818,154.439468,18.821365,125.285263
39292.379123,154.446823,18.717529,125.444962
39292.420414,154.239426,18.705261,125.289139
39292.461715,154.335464,18.502380,125.488876
39292.503015,154.301590,18.723038,125.116364
39292.544316,154.114258,18.678055,125.397934
39292.585615,154.488937,18.806183,125.249954
39292.626913,154.141434,18.777557,125.022507
39292.668213,154.196640,18.654770,125.347229
39292.709516,154.419815,18.510834,125.297714
39292.750823,154.108414,18.815308,124.917252
39292.792116,154.452423,18.573700,125.159576
39292.833424,154.244919,18.635208,125.264786
39292.874720,154.528244,18.531693,125.154083
39292.916022,154.198471,18.876877,124.988815
39292.957324,154.297607,18.609283,125.128342
39292.998627,154.136154,18.665604,124.959702
39293.039928,154.354401,18.694092,125.160751
39293.081231,154.300949,18.685898,125.128113
39293.122535,154.286667,18.891785,125.252380
39293.163836,154.229446,18.701370,125.376526
39293.205144,154.423904,18.803268,125.355408
39293.246441,154.262146,18.837769,125.118851
39293.287741,154.271225,18.706436,125.313278
39293.329043,154.509003,18.673477,125.379791
39293.370349,154.226791,18.867996,125.061264
39293.411644,154.350281,19.040131,124.909866
39293.452947,154.307037,18.943451,124.942184
39293.494250,154.490433,18.635300,125.325439
39293.535555,154.366257,18.871719,125.228470
39293.576858,154.365723,18.954956,125.415436
39293.618161,154.288132,18.936066,125.041946
39293.659470,154.251160,18.970551,125.285141
39293.700774,154.277161,18.922134,125.275925
39293.742072,154.139374,19.025528,125.021927
39293.783375,154.425323,18.953003,125.065903
39293.824678,154.324860,18.909897,125.148102
39293.865979,154.262238,18.953415,124.987762
39293.907282,154.199356,18.878525,125.321487
39293.948583,154.279099,18.920593,125.195801
39293.989885,154.274719,18.826050,125.136932
39294.031193,154.112762,19.089874,125.079269
39294.072489,154.314560,18.932648,125.122040
39294.113793,154.294479,18.924988,125.196213
39294.155097,154.406464,18.916412,125.334991
39294.196399,154.516113,18.882065,125.357651
39294.237701,154.392181,18.700684,125.641113
39294.279003,154.326187,18.943008,125.111847
39294.320305,154.216248,18.975952,125.216171
39294.361606,154.215469,18.867218,125.407013
39294.402908,154.095245,19.266144,125.513748
39294.444217,154.300125,19.116226,125.313034
39294.485513,154.439911,19.442062,125.327316
39294.526814,154.333679,18.955307,124.985367
39294.568120,154.268051,18.922821,125.083450
39294.609413,154.192856,19.215195,125.311111
39294.650714,154.284241,19.453339,125.200119
39294.692016,154.168762,19.182831,125.241608
39294.733324,154.203781,18.858612,125.184860
39294.774619,154.131165,19.262436,125.494156
39294.815922,154.188766,18.995850,125.468811
39294.857224,154.137375,19.200882,125.179703
39294.898525,154.038101,19.112640,125.392548
39294.939827,153.957230,19.155594,125.406677
39294.981129,154.470734,19.146896,125.655243
39295.022432,154.228989,18.966064,125.402161
39295.063736,154.169525,19.233902,125.268860
39295.105041,154.026855,19.266083,125.496216
39295.146344,154.187073,19.133240,125.381592
39295.187646,154.155258,19.184113,125.246353
39295.228950,154.272232,19.106705,125.264511
39295.270254,153.952774,19.532211,125.282394
39295.311560,154.245132,18.935059,125.057388
39295.352865,154.015198,19.316788,125.207840
39295.394166,154.289230,18.838242,125.207886
39295.435473,154.429443,18.844482,125.224579
39295.476774,154.102921,19.122894,125.371506
39295.518066,154.086243,19.129623,125.231018
39295.559372,154.051270,19.058502,125.532135
39295.600667,154.149841,19.233978,125.832703
39295.641969,154.120987,19.294510,125.844116
39295.683278,154.118851,19.250534,125.114090
39295.724573,154.093872,19.320129,125.203033
39295.765876,154.035172,19.333893,125.321259
39295.807182,154.115646,19.231995,125.225281
39295.848487,154.011581,19.409012,125.602646
39295.889790,154.224899,19.456894,125.182220
39295.931092,154.195068,19.300156,124.964539
39295.972395,153.898972,19.249847,125.217331
39296.013697,154.110413,19.191910,125.149994
39296.055008,154.218201,19.315582,124.884872
39296.096304,154.176910,19.104858,125.064957
39296.137606,154.102127,19.315964,124.758438
39296.178908,154.331818,19.093674,124.825378
39296.220218,154.100143,19.241028,125.266068
39296.261516,154.279449,19.024734,125.391998
39296.302819,154.156357,19.179291,125.442795
39296.344128,154.287369,19.174805,125.134521
39296.385423,154.274429,19.221527,125.057068
39296.426724,154.373062,19.011459,125.329071
39296.468026,154.147919,19.033829,125.131638
39296.509328,154.051682,19.170166,125.044937
39296.550631,154.243301,19.386444,125.378937
39296.591936,154.197571,18.995148,124.962402
39296.633241,154.319748,18.907013,125.226746
39296.674545,154.267242,18.845520,125.062469
39296.715850,154.430756,18.957199,125.267761
39296.757154,154.086197,18.848099,124.981934
39296.798458,154.386566,18.773376,125.166809
39296.839770,154.284668,18.946045,125.198425
39296.881071,153.798691,19.060501,125.151382
39296.922367,154.303055,18.994751,125.229034
39296.963669,154.085709,19.075424,125.119690
39297.004972,153.962982,19.216064,125.274826
39297.046276,154.193222,19.230560,125.302643
39297.087580,154.057175,19.134476,125.142014
39297.128887,154.362213,19.050735,124.755386
39297.170181,154.038071,19.315323,124.808334
39297.211484,154.123276,19.183350,124.624084
39297.252787,154.085388,19.250412,124.865494
39297.294090,154.133240,19.055832,125.140427
39297.335395,154.273529,19.012741,125.054916
39297.376697,154.193771,19.219299,125.051437
39297.418001,154.086029,18.855301,124.973358
39297.459304,154.264313,18.985107,125.321564
39297.500608,154.168076,18.847977,125.453262
39297.541913,154.305756,18.911453,125.588211
39297.583217,154.165115,19.039688,125.155319
39297.624519,154.128647,19.123444,125.164246
39297.665823,154.202530,18.942017,125.020233
39297.707126,154.099411,18.958023,125.170868
39297.748425,154.088333,19.140991,125.212830
39297.789727,154.228134,18.951492,125.298706
39297.831030,154.199539,18.875031,124.949020
39297.872331,153.997955,19.158569,125.087997
39297.913632,154.034454,19.168823,125.434784
39297.954933,153.954559,19.108231,125.162704
39297.996242,154.211838,18.925278,125.222260
39298.037537,154.175049,18.898499,125.291046
39298.078845,153.908081,19.020462,125.520996
39298.120137,153.838547,19.049774,125.366928
39298.161439,153.591187,19.101059,125.400391
39298.202742,153.866592,19.224228,125.326218
39298.244046,153.982346,19.257339,125.301056
39298.285351,153.946106,19.266785,125.247360
39298.326658,153.839050,19.272263,125.379669
39298.367963,153.897675,19.299408,125.116425
39298.409271,153.753784,19.252838,125.155136
39298.450576,153.993942,19.462585,124.551025
39298.491882,154.021149,19.110077,125.030899
39298.533185,153.884720,19.273270,124.938492
39298.574487,153.930939,19.055206,125.007431
39298.615789,154.002579,19.050476,125.043716
39298.657094,153.916351,18.977600,124.829529
39298.698395,153.942337,19.021072,124.955383
39298.739705,153.875229,19.058762,125.330002
39298.781002,153.895660,19.163498,125.235336
39298.822305,153.851776,19.378967,125.126663
39298.863607,153.859238,19.434875,124.974533
39298.904911,153.881454,19.448441,125.096176
39298.946212,154.057678,19.315903,125.318192
39298.987513,153.947418,19.417465,125.026733
39299.028817,153.966583,19.180267,125.302750
39299.070120,154.020050,19.291595,125.383636
39299.111421,153.999893,19.158981,125.195068
39299.152723,154.134506,19.204239,125.243469
39299.194028,154.018387,19.228638,125.214554
39299.235330,154.095062,19.260117,125.421707
39299.276633,154.123062,19.179352,125.434357
39299.317937,154.052704,19.124893,125.076294
39299.359240,154.144379,19.323441,125.227371
39299.400543,154.087524,19.293030,125.372482
39299.441848,153.922119,19.350647,125.101044
39299.483151,153.847168,19.313614,125.259735
39299.524456,154.060501,19.228851,125.227905
39299.565759,153.966476,19.284637,125.278519
39299.607063,154.016235,19.403687,125.442261
39299.648366,153.951401,19.301956,124.866043
39299.689671,153.900452,19.397430,125.167694
39299.730975,154.085632,19.204544,125.261627
39299.772279,154.075378,19.111755,125.199448
39299.813585,154.083664,19.232437,125.162384
39299.854890,154.026306,19.140305,125.421249
39299.896195,153.951981,19.293518,125.207642
39299.937499,153.858063,19.493881,125.368805
39299.978804,154.042374,19.206787,125.210907
39300.020109,153.962372,19.215683,125.576706
39300.061413,153.803574,19.126602,125.411591
39300.102717,153.807739,19.406052,125.210678
39300.144022,153.970810,19.156708,124.809601
39300.185330,154.109238,19.242004,125.104370
39300.226636,154.092468,19.177368,125.011612
39300.267943,153.990433,19.288834,125.264694
39300.309250,154.038559,19.099777,125.044769
39300.350555,154.170212,19.254486,125.028992
39300.391857,153.965775,19.297012,124.906677
39300.433162,154.027649,19.210495,124.629059
39300.474467,154.011108,19.349518,124.954010
39300.515770,154.045868,19.250076,124.789337
39300.557075,153.994446,19.162827,124.780487
39300.598382,153.819305,19.167770,125.201157
39300.639687,153.996048,19.238144,125.352127
39300.680993,153.957047,19.070526,125.158157
39300.722299,153.993088,19.142197,125.357040
39300.763604,154.054810,19.189545,125.109680
39300.804908,153.917343,19.388474,125.342529
39300.846211,153.981171,19.428650,125.272873
39300.887513,154.081589,19.289536,125.196335
39300.928816,154.059753,19.233688,125.285461
39300.970121,154.093445,19.195084,125.205170
39301.011422,154.068314,19.174362,125.089523
39301.052724,154.006393,19.200348,125.375412
39301.094027,154.378601,19.116684,125.277893
39301.135328,154.261292,18.900635,125.313644
39301.176634,154.305511,19.108658,125.123291
39301.217937,154.377258,19.113373,124.674988
39301.259240,154.296036,18.916031,124.978973
39301.300543,154.215302,18.937790,124.676971
39301.341848,154.365250,19.001648,125.002945
39301.383151,154.266739,18.857727,125.044632
39301.424451,154.246796,19.240875,124.984070
39301.465756,154.161423,19.234650,125.245697
39301.507061,154.241837,18.975815,124.869980
39301.548365,153.961212,19.266754,124.936829
39301.589666,154.103592,19.227051,124.930374
39301.630965,154.194183,19.029373,124.957077
39301.672272,154.301056,19.149902,124.862213
39301.713568,154.163605,19.329147,124.969818
39301.754869,154.304245,18.937103,125.072372
39301.796171,154.201691,19.038864,125.217484
39301.837471,154.022202,19.173431,124.962967
39301.878772,154.039581,19.142899,124.707855
39301.920073,154.005356,19.138229,124.881195
39301.961375,154.064163,19.184784,125.292236
39302.002679,154.198898,19.316895,125.215927
39302.043982,154.111252,19.240875,124.715210
39302.085287,154.105942,19.221359,125.411896
39302.126591,154.034149,19.048035,125.077148
39302.167894,154.009827,19.099487,125.029587
39302.209197,154.238815,18.891617,125.226303
39302.250505,153.964447,19.037384,124.884094
39302.291802,154.061325,19.196854,124.996399
39302.333104,153.795898,19.045975,125.336197
39302.374405,154.146774,19.050201,125.297760
39302.415707,154.048172,19.306519,125.188843
39302.457011,154.008347,19.195038,125.247528
39302.498313,153.982971,19.076141,124.900436
39302.539618,153.803177,19.353592,124.716751
39302.580922,153.934753,19.115692,125.132462
39302.622225,154.087570,19.412994,125.206879
39302.663530,153.844971,19.332794,124.918442
39302.704834,154.000107,19.467606,125.320496
39302.746140,154.070831,19.117889,124.920914
39302.787447,153.966385,18.980789,125.096359
39302.828750,153.904007,19.120972,124.897354
39302.870053,153.995865,19.124435,124.825745
39302.911360,154.075592,19.178314,124.776611
39302.952655,154.062592,19.171814,125.074615
39302.993959,153.835388,18.905334,125.272034
39303.035264,153.892578,18.991730,125.039780
39303.076567,154.044861,18.774307,124.944809
39303.117873,153.884399,18.966263,124.883438
39303.159174,153.932480,19.095230,125.027359
39303.200477,153.916183,19.047577,124.829590
39303.241780,154.037231,19.170334,125.220963
39303.283084,153.961472,19.168091,125.186264
39303.324388,154.003922,19.110245,124.987854
39303.365692,154.166016,19.233475,124.787643
39303.406997,154.017654,19.247925,125.110992
39303.448299,154.336868,18.962723,124.925476
39303.489603,154.120956,19.229431,124.703552
39303.530905,154.015106,19.106750,124.915390
39303.572211,154.098953,18.901123,124.727783
39303.613506,154.039948,18.876755,124.927795
39303.654807,153.882614,19.225510,125.313843
39303.696106,154.302063,18.897110,125.209625
39303.737413,153.990997,19.139099,125.199722
39303.778708,154.173141,18.854279,125.021851
39303.820008,154.126892,18.735779,124.818237
39303.861311,153.846008,18.846252,124.926773
39303.902613,154.100143,18.947952,125.204788
39303.943916,154.092697,18.833694,125.102951
39303.985218,154.097046,18.822571,125.244110
39304.026523,154.218689,18.685135,125.373581
39304.067826,153.998032,18.987656,124.978012
39304.109128,154.010178,19.018204,124.945099
39304.150430,153.791351,19.068161,125.113480
39304.191731,154.030518,18.864319,125.225708
39304.233032,153.832153,18.921188,125.347015
39304.274334,153.835266,18.962234,125.234726
39304.315642,153.872620,18.976807,125.205688
39304.356938,153.951340,19.096161,124.938614
39304.398246,154.058456,18.878052,125.077698
39304.439543,154.058380,18.847336,125.214203
39304.480846,153.933426,19.036194,125.532928
39304.522151,153.856552,19.354080,125.166611
39304.563457,154.003220,19.109314,125.383240
39304.604762,153.793411,19.040131,125.272598
39304.646069,154.123962,18.852539,124.949051
39304.687374,153.993454,18.976837,125.147049
39304.728683,154.254990,18.818710,124.889069
39304.769986,153.954956,19.009476,124.845276
39304.811288,154.270874,18.688049,125.417038
39304.852593,154.036469,18.684753,125.109375
39304.893898,154.011414,18.545654,125.026779
39304.935202,153.829269,18.896576,125.137924
39304.976505,154.055481,18.831573,125.180542
39305.017807,153.939255,18.925354,125.555267
39305.059110,153.923599,18.578018,125.637436
39305.100415,153.813599,18.860352,125.464676
39305.141718,154.036758,18.776047,125.391403
39305.183022,153.799042,18.893234,125.401123
39305.224327,153.978409,19.115265,124.978180
39305.265630,153.799942,19.007996,125.228943
39305.306935,153.884949,19.162643,125.113693
39305.348238,154.028564,18.834824,124.926025
39305.389546,154.010468,19.057190,125.320282
39305.430844,153.830750,18.925430,125.030090
39305.472148,154.108292,18.828979,125.298782
39305.513456,154.073212,18.720947,124.881012
39305.554761,153.999298,18.727905,125.098526
39305.596064,154.069885,18.855530,124.932129
39305.637369,153.730637,18.850082,124.949265
39305.678673,153.917496,18.710129,125.288269
39305.719979,153.931442,18.699295,125.208969
39305.761284,154.019836,18.760788,125.159668
39305.802588,154.132736,18.723984,124.949997
39305.843891,153.947510,18.929886,124.891739
39305.885199,154.145645,18.611053,125.056580
39305.926495,154.083542,18.803070,124.867172
39305.967797,154.202362,18.951523,125.106659
39306.009098,154.171890,18.849167,124.893463
39306.050400,154.289459,18.800003,124.942352
39306.091703,154.302628,18.779938,125.243347
39306.133004,154.113312,18.670792,125.081955
39306.174306,154.233170,18.823257,125.035233
39306.215607,153.880920,18.923523,125.365555
39306.256909,154.040787,18.727646,125.175110
39306.298210,153.729385,18.957657,125.369904
39306.339513,154.084244,18.749161,125.651688
39306.380816,153.848938,18.972046,124.752975
39306.422118,154.019196,18.891174,125.191223
39306.463423,153.924088,19.105927,124.911880
39306.504727,153.953064,19.010025,125.115768
39306.546028,154.095825,18.795624,125.318069
39306.587331,154.104401,18.648224,125.173706
39306.628635,154.107635,18.637344,124.937531
39306.669936,154.115891,18.822418,125.109299
39306.711241,153.961670,18.670609,125.045380
39306.752545,154.152084,18.914856,124.868134
39306.793854,154.143158,18.781769,124.916489
39306.835148,154.238327,18.776291,124.884018
39306.876450,153.931854,18.966263,125.043030
39306.917751,154.153427,18.735504,124.959076
39306.959055,153.952698,18.781067,125.478210
39307.000365,154.185516,18.745590,125.263351
39307.041660,153.795929,19.042862,125.132278
39307.082961,154.107529,18.864899,125.461777
39307.124262,154.161652,18.946060,125.190994
39307.165564,154.188751,19.023438,125.275024
39307.206869,154.277466,18.896652,125.174896
39307.248162,154.019928,19.126343,125.010361
39307.289470,153.952286,18.993484,125.264694
39307.330764,154.105362,18.930267,125.339508
39307.372063,154.290894,18.849426,125.301819
39307.413361,154.096725,18.754288,125.253998
39307.454662,154.213867,18.870071,124.874405
39307.495962,154.296738,18.853287,125.023392
39307.537262,154.327850,18.714172,125.206970
39307.578562,154.113937,18.823120,124.996765
39307.619866,154.272110,18.950500,125.242004
39307.661169,154.082687,18.897446,125.217392
39307.702470,154.208633,19.096558,124.973297
39307.743770,154.001465,18.960175,124.942780
39307.785072,154.264908,18.988327,125.209488
39307.826372,153.969940,19.038010,125.151428
39307.867678,153.943710,19.165985,124.844147
39307.908974,154.049820,19.119202,125.055435
39307.950277,154.088120,19.119965,125.222733
39307.991579,154.161362,19.202713,125.409286
39308.032878,153.878494,18.981323,124.860718
39308.074178,154.114456,19.002380,125.200287
39308.115480,153.822220,19.008835,125.022598
39308.156783,154.043228,19.141769,125.241791
39308.198087,154.117096,19.057297,125.256638
39308.239389,153.831360,19.033875,125.254395
39308.280688,154.370285,18.912598,125.020599
39308.321994,154.189789,19.141724,125.270096
39308.363289,154.289307,18.894089,125.104156
39308.404591,154.099365,18.995544,125.290405
39308.445896,154.306213,18.950317,125.194366
39308.487206,154.079346,18.925583,125.190964
39308.528504,154.311417,19.162460,125.384354
39308.569807,154.053482,19.134842,125.205292
39308.611113,153.946655,18.881470,125.452148
39308.652416,153.873383,19.009552,125.213745
39308.693717,153.672577,19.167984,125.203140
39308.735021,153.964935,19.066391,125.322495
39308.776324,153.690231,19.315796,125.389191
39308.817628,153.725876,19.022324,125.317368
39308.858932,153.933228,19.062485,125.225281
39308.900237,153.977921,18.977432,125.139908
39308.941541,154.070770,19.218445,125.177444
39308.982845,154.056259,19.232712,125.248138
39309.024149,154.008972,19.179871,125.261414
39309.065451,154.044296,18.922165,125.514893
39309.106752,153.981491,18.998962,125.505661
39309.148060,154.281921,18.958145,125.241013
39309.189353,153.970016,19.160446,124.995361
39309.230656,154.000336,19.155258,124.979935
39309.271960,154.007248,19.051361,124.892593
39309.313262,153.815811,19.132294,124.923508
39309.354562,153.945786,19.043777,124.959671
39309.395863,154.149780,19.030014,125.205612
39309.437164,154.061722,18.752792,125.096909
39309.478465,153.928329,18.907349,125.387375
39309.519767,154.039398,18.782394,125.420685
39309.561070,153.993393,19.048157,125.380920
39309.602372,153.989487,19.170166,125.363708
39309.643676,154.127945,19.098801,125.454926
39309.684978,153.837540,19.028091,125.305115
39309.726280,153.955704,19.163300,125.139084
39309.767585,153.993103,19.040314,125.138657
39309.808887,154.036896,19.159119,124.859436
39309.850189,153.948944,19.052704,125.219208
39309.891492,153.860092,19.083313,125.627060
39309.932801,153.962845,18.881195,125.093246
39309.974098,154.219482,19.022171,125.430832
39310.015402,154.093765,18.749634,125.353271
39310.056705,153.904053,19.124756,125.396378
39310.098006,154.019012,19.041962,125.469604
39310.139307,154.037048,18.942764,125.490097
39310.180609,154.098587,18.785339,125.199890
39310.221910,154.010101,19.096954,125.136230
39310.263211,154.025192,19.124985,125.309616
39310.304515,154.189362,18.917435,125.229050
39310.345816,154.353470,18.734283,125.186874
39310.387117,154.335815,19.021667,124.969757
39310.428416,154.085480,18.755798,125.168961
39310.469720,154.165817,18.699570,125.228729
39310.511024,154.236115,18.764801,125.114944
39310.552329,154.042328,19.081146,125.084732
39310.593633,154.172028,18.873550,125.067123
39310.634937,154.140533,19.063065,125.156906
39310.676241,153.937485,18.947449,125.056686
39310.717547,154.075760,18.951035,125.151321
39310.758849,154.071213,19.143341,124.901443
39310.800151,154.187943,19.038483,125.275558
39310.841454,154.088074,19.143539,125.175674
39310.882755,154.339172,18.855362,125.432846
39310.924055,153.831573,19.047928,125.679459
39310.965355,154.141815,18.804230,124.975906
39311.006659,154.083862,18.850769,125.128571
39311.047962,154.056381,18.943237,124.730408
39311.089266,154.045654,18.939545,125.166656
39311.130572,154.046814,18.861298,124.903687
39311.171875,154.115082,18.965988,124.976730
39311.213185,154.160736,19.131302,124.741119
39311.254483,153.975586,19.030014,125.183090
39311.295789,154.000351,18.973434,124.792633
39311.337093,154.158783,19.067978,124.956955
39311.378397,154.107941,19.114029,125.058624
39311.419701,153.957275,19.142548,124.977356
39311.461002,154.357208,18.938797,124.894638
39311.502305,154.148605,18.766312,124.729004
39311.543611,154.142685,18.803345,124.942429
39311.584914,154.137299,18.891495,124.760635
39311.626219,154.083130,19.135696,124.569183
39311.667524,154.130951,18.727264,124.490646
39311.708827,154.084930,18.749649,124.512527
39311.750130,154.021729,18.745987,124.717941
39311.791432,154.121246,18.715042,124.807312
39311.832736,154.216736,18.654160,124.873062
39311.874039,154.099075,18.802338,124.908066
39311.915341,154.079559,18.756042,125.049637
39311.956641,153.992401,18.714752,125.004898
39311.997945,154.199875,18.679367,124.817596
39312.039251,154.237320,18.758957,124.902817
39312.080556,154.226334,18.839905,124.866287
39312.121861,154.104584,18.739609,124.635544
39312.163165,154.167313,18.636414,125.177048
39312.204466,154.228806,18.854324,124.925461
39312.245767,154.236328,18.691696,124.967606
39312.287070,154.186768,18.719345,124.876190
39312.328374,154.340210,18.572830,124.575867
39312.369678,154.208588,18.692596,124.764465
39312.410983,154.300751,18.783752,124.915634
39312.452288,154.349960,18.615341,124.991608
39312.493591,154.249451,18.928711,125.310532
39312.534894,154.122574,18.818939,125.265060
39312.576198,154.246094,18.754761,125.228760
39312.617502,154.236557,18.900574,124.924133
39312.658807,154.360809,18.862030,125.116379
39312.700111,154.337051,18.827332,124.948227
39312.741415,154.265411,18.751221,125.000168
39312.782720,154.301331,18.798584,124.943939
39312.824027,154.440201,18.941132,125.038696
39312.865332,154.374054,18.877136,124.645660
39312.906637,154.494431,18.581512,124.840759
39312.947942,154.119415,18.901901,124.758759
39312.989247,154.270859,18.855667,125.023605
39313.030553,154.157822,18.819458,125.133377
39313.071857,154.014938,18.804291,124.818146
39313.113165,154.030899,18.966705,124.895294
39313.154470,154.076904,18.752518,124.855423
39313.195774,154.052933,18.760635,124.757721
39313.237081,154.114105,18.706085,124.672195
39313.278387,154.249832,18.853363,124.906967
39313.319690,154.008759,19.063004,124.958496
39313.360997,153.983765,19.145462,124.877640
39313.402295,154.064941,18.810242,124.790237
39313.443597,153.983109,19.097626,125.011551
39313.484897,153.872971,18.965729,124.896240
39313.526203,154.006790,19.096878,125.009628
39313.567507,153.897720,19.101395,124.864395
39313.608806,153.973206,19.033386,125.037750
39313.650112,153.998413,19.144867,125.232925
39313.691404,153.987610,19.101852,124.864670
39313.732705,154.027786,18.881149,124.875580
39313.774005,153.847931,18.925385,125.000610
39313.815307,153.907013,19.005234,124.799637
39313.856610,154.023972,19.003326,125.167526
39313.897915,154.153717,18.810852,124.856995
39313.939224,154.109589,18.882629,124.819717
39313.980520,154.010620,18.704147,124.889008
39314.021823,154.071793,18.853607,124.919586
39314.063133,154.265030,18.698013,124.949417
39314.104434,154.353668,18.788940,124.951843
39314.145728,154.171555,18.915924,124.830017
39314.187032,154.134705,18.764175,124.909592
39314.228335,154.176910,18.630280,125.118240
39314.269640,154.036560,18.614136,125.301514
39314.310949,154.135834,18.598785,124.852493
39314.352245,154.230988,18.496323,124.709213
39314.393553,154.289597,18.723465,124.890625
39314.434847,154.034271,18.785294,125.248474
39314.476149,154.330551,18.492249,125.278534
39314.517451,154.178299,18.729050,124.584412
39314.558752,154.216522,18.799606,124.944733
39314.600060,154.113541,18.961121,124.875854
39314.641365,154.241898,18.598785,124.691788
39314.682672,154.372665,18.931976,124.730103
39314.723979,154.249786,18.502975,124.740829
39314.765284,154.276947,18.624847,124.936935
39314.806590,154.141678,18.626343,124.908524
39314.847895,154.344955,18.450516,124.813889
39314.889200,154.122269,18.553024,125.129089
39314.930502,154.290024,18.831604,125.070999
39314.971807,154.264740,18.713013,124.797852
39315.013113,154.253143,18.811356,124.783340
39315.054420,154.092407,18.800262,124.929306
39315.095725,154.303436,18.810013,125.240524
39315.137030,154.450073,18.702026,125.109406
39315.178334,154.550232,18.612366,124.813065
39315.219639,154.342148,18.775024,125.058090
39315.260943,154.368484,18.938416,125.168396
39315.302246,154.659882,18.435501,124.956406
39315.343551,154.336792,18.798019,124.923431
39315.384855,154.353958,18.612274,125.029160
39315.426159,154.511551,18.579498,125.215485
39315.467464,154.271149,18.679840,124.857254
39315.508769,154.233261,18.947968,124.982132
39315.550072,154.287445,18.785385,125.063599
39315.591374,154.404175,18.809280,125.164963
39315.632676,154.377701,18.672653,124.974579
39315.673980,154.376495,18.770111,125.107452
39315.715280,154.286240,18.785767,125.014694
39315.756583,154.264038,18.862122,124.923477
39315.797886,154.050446,18.926025,124.952927
39315.839188,154.236206,18.935349,124.933258
39315.880491,154.412079,18.790482,125.108917
39315.921794,154.272980,18.829010,125.235489
39315.963100,154.445847,18.841537,125.027313
39316.004406,154.372559,18.944962,125.016113
39316.045710,154.332108,18.970261,124.876999
39316.087016,154.319855,18.720551,125.373276
39316.128320,154.377106,18.785782,125.324799
39316.169625,154.334824,18.789185,125.190414
39316.210931,154.391861,19.081207,125.385147
39316.252236,154.070450,18.898376,125.211258
39316.293543,154.125916,18.779083,125.412201
39316.334846,154.161865,18.824570,125.050812
39316.376148,154.061539,18.909119,125.227875
39316.417447,154.238510,18.911057,125.098969
39316.458749,154.208282,19.099304,125.299911
39316.500052,154.123901,18.954422,125.023422
39316.541356,154.147949,18.917496,125.211243
39316.582660,154.330124,18.758148,125.302399
39316.623965,154.217880,18.826263,125.175919
39316.665269,154.189697,18.924057,125.105103
39316.706575,153.982468,18.984207,125.134842
39316.747880,154.161789,18.676132,125.392868
39316.789184,154.215836,18.767746,125.166321
39316.830487,154.234695,18.792953,125.227097
39316.871794,154.332794,18.801056,124.983612
39316.913098,154.228104,18.724136,125.186691
39316.954402,154.302368,18.672928,124.941162
39316.995705,154.349380,18.618561,124.879684
39317.037007,154.434097,18.612640,125.089401
39317.078319,154.242004,18.938339,124.902756
39317.119615,154.272446,18.743927,124.969452
39317.160919,154.162933,18.940887,125.063858
39317.202225,154.321838,18.965378,125.171799
39317.243529,154.370590,18.883850,125.123840
39317.284834,154.276031,18.880554,125.078445
39317.326140,154.100037,18.883224,125.136368
39317.367445,154.283264,18.797943,124.962418
39317.408751,154.186615,18.908997,124.880585
39317.450060,153.953369,19.087662,125.124161
39317.491366,153.805222,18.902359,125.251144
39317.532674,154.155975,18.722916,125.043289
39317.573981,154.272125,18.803711,125.138077
39317.615285,153.872879,19.007507,125.353546
39317.656589,154.380341,18.869125,124.951416
39317.697894,154.289185,18.805008,124.732925
39317.739201,154.258911,18.824234,124.890015
39317.780507,154.206070,18.691864,124.831955
39317.821813,154.132858,18.915482,124.885788
39317.863117,154.131241,18.847397,124.837738
39317.904422,154.069733,19.014862,124.732315
39317.945728,154.163574,18.992401,124.995331
39317.987035,154.110748,18.854202,124.702759
39318.028343,154.162292,18.880096,124.869125
39318.069651,153.999802,18.977844,125.002136
39318.110957,154.207352,19.089645,124.912125
39318.152265,153.896286,19.140778,125.412704
39318.193570,154.163147,18.948120,125.010101
39318.234875,154.241089,18.926208,125.141907
39318.276183,154.178955,18.937424,124.879944
39318.317489,154.277542,18.978485,125.063080
39318.358798,154.172882,19.217773,125.177841
39318.400105,154.178009,18.956924,125.190277
39318.441414,154.076447,19.173615,124.973984
39318.482725,154.170975,19.034607,124.988434
39318.524034,154.034088,19.134521,124.951416
39318.565343,154.281052,18.896408,125.076599
39318.606649,154.182510,18.895538,125.220245
39318.647956,154.478058,18.962051,125.204590
39318.689261,154.447800,18.893250,125.320892
39318.730568,154.302246,18.822556,125.169174
39318.771876,154.490860,18.781464,124.936874
39318.813185,154.220520,18.836960,125.110703
39318.854492,154.315704,18.784439,125.085022
39318.895799,154.431686,18.930618,125.426834
39318.937106,154.233673,19.054062,125.217194
39318.978412,154.443161,18.992859,125.108383
39319.019719,154.298752,19.091217,124.836945
39319.061025,154.324402,19.054138,125.022873
39319.102333,154.264740,19.142929,125.274475
39319.143639,154.175522,19.123795,125.287598
39319.184946,154.294495,18.970993,125.203415
39319.226253,154.125671,18.747025,124.794861
39319.267559,154.064835,19.160065,125.094025
39319.308866,154.055481,19.120758,125.265518
39319.350171,154.325317,19.012375,125.514130
39319.391474,154.018951,19.107346,125.092117
39319.432777,154.447586,19.029739,125.096817
39319.474084,154.243729,18.895706,125.002914
39319.515391,154.286194,19.107620,125.314880
39319.556697,154.286316,18.909332,125.048874
39319.598002,154.274887,19.299591,124.963455
39319.639307,154.321533,19.091476,124.769806
39319.680614,154.389252,19.074463,125.185837
39319.721919,154.045090,18.990631,124.812408
39319.763226,154.385437,19.143646,125.073517
39319.804532,154.136154,19.073334,124.825790
39319.845836,154.144745,19.107407,125.203339
39319.887138,154.447449,18.942032,125.101166
39319.928439,154.117981,19.014404,125.173538
39319.969739,154.261948,19.001297,125.056290
39320.011040,153.957367,19.176941,125.459457
39320.052340,154.105713,19.037872,125.003418
39320.093642,154.019760,19.064209,125.231796
39320.134946,154.061218,19.239578,125.434647
39320.176247,153.910599,19.182434,125.409424
39320.217549,154.075180,19.368988,125.497070
39320.258852,154.106995,19.356979,125.512726
39320.300154,153.950836,19.210373,125.359314
39320.341456,154.084274,19.102203,125.249252
39320.382764,154.341751,18.972305,125.286652
39320.424066,154.323883,18.978149,124.943161
39320.465365,154.454208,19.069809,124.949783
39320.506669,153.966492,19.065979,125.369537
39320.547972,154.206848,18.945816,125.032288
39320.589277,154.198715,19.000992,125.466431
39320.630580,154.289520,19.072891,125.119751
39320.671884,154.152451,18.892334,125.059692
39320.713187,154.357971,19.035919,125.276505
39320.754491,154.014465,19.101639,125.374924
39320.795793,154.169495,18.968369,125.433792
39320.837099,154.296585,19.084595,124.782410
39320.878405,154.199310,19.101776,125.095123
39320.919710,154.289246,18.927475,125.098434
39320.961014,153.981995,19.299576,124.993866
39321.002318,154.069199,19.166489,125.223358
39321.043621,154.244034,19.052628,125.312073
39321.084923,154.177399,18.959229,125.372940
39321.126227,154.160690,18.862671,125.108566
39321.167531,154.112228,18.961914,125.041824
39321.208833,153.957993,19.052261,125.380508
39321.250135,154.064468,18.898834,125.068741
39321.291437,154.042191,19.001816,125.010178
39321.332737,154.169769,18.831345,125.163330
39321.374038,154.243896,18.755020,125.061462
39321.415341,153.951569,19.038712,124.935364
39321.456644,154.362686,18.962219,124.928574
39321.497948,154.163040,19.045441,125.046539
39321.539252,154.228699,18.910583,124.929565
39321.580556,154.067261,18.781693,124.858963
39321.621860,154.110825,18.940796,125.083649
39321.663164,153.955902,19.074493,124.627274
39321.704471,154.070358,19.191635,124.578812
39321.745779,154.086243,19.306000,124.684128
39321.787087,154.219742,18.955627,124.489319
39321.828393,153.958618,19.119034,124.671097
39321.869698,153.993164,19.060944,124.755554
39321.911001,154.292709,18.959137,124.611801
39321.952305,153.921097,19.118988,124.760666
39321.993607,154.061447,19.210175,124.892151
39322.034910,153.953171,19.125519,124.637848
39322.076213,154.015762,19.111649,124.690857
39322.117518,154.268738,19.142487,124.562073
39322.158821,154.327881,18.967819,124.753540
39322.200128,154.289719,19.101105,124.961121
39322.241435,154.286972,18.894745,125.006393
39322.282743,154.269623,18.892197,124.902588
39322.324050,154.264694,18.803970,124.761658
39322.365357,154.234436,18.951004,124.928940
39322.406666,154.108383,19.073090,124.934021
39322.447971,154.117325,18.844833,124.802597
39322.489278,153.875671,18.813004,125.090302
39322.530583,154.011215,19.022202,124.834427
39322.571887,153.981674,19.103348,124.865982
39322.613191,153.964874,19.124176,124.948471
39322.654496,154.057724,18.897537,124.881287
39322.695801,154.035202,19.001709,124.888824
39322.737105,154.125183,18.712494,124.796280
39322.778411,154.183731,18.877182,124.976944
39322.819716,154.223297,19.043106,124.914032
39322.861023,154.118774,18.911514,125.055252
39322.902328,154.240295,18.919327,125.020782
39322.943633,154.176468,18.965652,124.801605
39322.984936,154.088516,19.069458,124.745651
39323.026243,153.943542,19.073517,125.009201
39323.067549,154.046616,19.065323,124.890457
39323.108856,154.072067,18.806137,125.143860
39323.150163,153.966064,19.036652,124.932922
39323.191470,154.209595,18.864838,124.899323
39323.232777,154.037109,18.872635,124.755783
39323.274086,154.305374,18.951431,125.265778
39323.315393,153.959045,18.873566,125.108490
39323.356701,154.071747,18.933762,125.011444
39323.398009,154.081863,18.864563,125.231171
39323.439318,154.299194,18.824509,125.302826
39323.480627,154.194824,18.745773,125.471283
39323.521934,154.079956,18.711197,125.644318
39323.563240,154.247818,18.924835,125.368423
39323.604546,154.190079,18.983017,125.273758
39323.645852,154.258286,18.959198,125.348404
39323.687158,154.211502,18.778900,125.145309
39323.728462,154.125427,18.775101,125.275574
39323.769765,153.894730,18.917496,125.609909
39323.811069,153.999420,19.149139,125.343719
39323.852375,153.888382,19.171783,125.145416
39323.893680,153.998199,19.023895,124.986160
39323.934986,153.882721,18.931335,125.484161
39323.976291,154.130325,18.978989,125.204941
39324.017596,154.150864,19.068039,125.102188
39324.058902,154.054062,18.966797,125.197632
39324.100207,153.883423,19.109650,125.422073
39324.141512,154.052322,18.846390,125.072372
39324.182820,154.108337,18.824219,124.949966
39324.224126,154.096313,18.673309,125.063522
39324.265433,154.097702,18.735092,124.957626
39324.306737,154.076584,18.744720,125.338547
39324.348040,153.944260,19.024185,125.158218
39324.389346,154.184952,18.648880,124.806580
39324.430652,154.281113,18.770294,125.192535
39324.471957,154.201675,18.683121,125.394150
39324.513264,154.261856,18.828735,125.292923
39324.554573,154.017990,18.756729,125.057343
39324.595881,154.262146,18.684189,125.398361
39324.637190,153.966278,19.060654,125.461990
39324.678497,154.087830,18.885941,125.735077
39324.719803,154.131989,18.803482,125.277130
39324.761110,154.037430,18.952927,125.169769
39324.802416,153.987061,18.954926,125.430099
39324.843723,153.921585,18.990631,125.333206
39324.885031,154.060623,18.791656,124.940155
39324.926341,154.203369,18.925949,124.948242
39324.967648,153.875717,18.923309,125.453476
39325.008955,153.849960,18.821259,125.466324
39325.050261,154.118820,18.850464,125.420380
39325.091566,153.954361,19.062607,125.375473
39325.132874,154.111801,18.875717,125.296127
39325.174181,154.063904,18.897552,125.546066
39325.215488,153.802368,19.093048,125.570435
39325.256795,153.892471,19.087448,125.532227
39325.298100,153.994125,19.144638,125.123245
39325.339404,153.970688,18.675003,124.941818
39325.380709,154.192825,18.924194,125.123535
39325.422014,154.020462,19.124039,125.065521
39325.463322,153.971725,19.119278,125.187454
39325.504628,153.971634,19.073532,125.349030
39325.545934,154.131729,18.845230,125.150757
39325.587241,154.084763,18.728119,124.643677
39325.628547,154.083588,18.753128,125.168808
39325.669853,154.225479,18.755066,125.007492
39325.711159,154.157776,18.740219,125.066589
39325.752466,154.113937,18.742508,125.431488
39325.793771,154.162506,18.808548,125.313904
39325.835076,154.211258,18.673477,125.364761
39325.876381,154.079697,18.826736,125.028549
39325.917686,154.116486,19.030670,125.438690
39325.958992,154.046860,18.963028,125.130463
39326.000300,154.009811,18.924988,125.127991
39326.041609,154.118759,19.091064,125.163574
39326.082919,153.958939,19.199356,125.341599
39326.124229,154.231735,19.011703,125.327057
39326.165539,154.357025,18.939041,125.280014
39326.206845,154.098251,19.178146,125.218964
39326.248150,154.065338,19.163025,125.296600
39326.289455,154.207047,18.882355,125.092270
39326.330759,153.937775,19.080872,125.232315
39326.372067,154.147156,18.851303,125.368729
39326.413375,154.047714,19.129364,125.136551
39326.454683,154.189865,18.920593,125.200500
39326.495991,154.028061,19.249847,125.408707
39326.537298,154.114258,19.313965,125.296280
39326.578606,153.999634,19.162750,125.227707
39326.619914,154.126190,19.264145,125.472595
39326.661222,154.231812,19.146286,125.339539
39326.702527,154.203918,19.318817,125.411530
39326.743836,154.252686,19.381409,125.598785
39326.785146,154.130676,19.176392,125.110367
39326.826455,154.050156,19.144196,125.154617
39326.867764,154.034531,18.948853,125.305161
39326.909075,154.056549,18.951401,125.140640
39326.950386,154.266220,18.775513,125.078934
39326.991697,154.264145,19.032272,125.055298
39327.033009,154.032852,19.120193,125.208313
39327.074320,154.040939,19.171631,125.223511
39327.115629,154.144806,18.903229,125.280914
39327.156939,154.304504,18.652634,125.535583
39327.198249,154.252975,18.757278,125.345215
39327.239557,154.277084,18.896881,125.273315
39327.280864,154.357407,18.623245,125.394669
39327.322170,154.278839,18.862411,125.268738
39327.363478,154.306290,18.832382,125.307159
39327.404786,154.282745,18.789734,125.468735
39327.446096,154.150696,19.105804,125.239426
39327.487409,154.001236,18.926605,125.108643
39327.528721,154.419678,18.746902,125.266541
39327.570032,154.175552,18.860916,125.252258
39327.611341,154.266907,18.673080,125.750137
39327.652651,154.346939,18.755920,125.417892
39327.693961,154.464462,18.554642,125.624283
39327.735272,154.262451,18.706741,125.609482
39327.776584,154.353790,18.683105,125.623306
39327.817895,154.205826,18.906555,125.245468
39327.859206,154.436523,18.823761,125.616043
39327.900517,154.281616,18.918915,125.417007
39327.941828,154.432007,18.943497,125.579193
39327.983138,154.231308,18.852554,125.456238
39328.024449,154.402756,18.931976,125.062927
39328.065759,154.204849,18.887985,125.255356
39328.107069,154.397751,18.868469,125.342545
39328.148377,154.402542,18.963242,125.205444
39328.189687,154.275696,19.024338,125.452698
39328.230995,154.449234,18.893616,125.331894
39328.272305,154.216965,19.073059,125.406952
39328.313614,154.293747,19.209351,125.451019
39328.354922,154.153046,19.181442,125.682434
39328.396231,154.370667,18.878677,125.183640
39328.437541,154.374557,19.020721,125.257446
39328.478851,154.134079,18.818939,125.195282
39328.520159,154.147324,19.166473,125.398041
39328.561467,154.159866,19.092728,125.116425
39328.602780,154.155197,19.108871,125.135468
39328.644079,154.019760,18.818207,125.286880
39328.685385,154.355240,19.084503,125.265701
39328.726691,154.244186,18.962967,125.296844
39328.767996,154.345886,18.769104,125.433304
39328.809299,154.239502,18.760376,125.215607
39328.850605,153.980423,19.073273,125.191574
39328.891911,153.994827,18.909775,125.228012
39328.933220,154.149704,18.840332,125.747421
39328.974528,153.868393,19.021774,125.614258
39329.015835,154.049088,19.125793,125.479095
39329.057144,154.063980,19.127289,125.460297
39329.098450,154.159302,19.186691,125.509949
39329.139756,154.080536,18.937943,125.257904
39329.181061,154.159668,18.858322,125.307770
39329.222368,154.113190,18.842560,125.487762
39329.263675,154.196289,18.962418,125.341232
39329.304984,153.915863,18.995972,125.141510
39329.346292,153.802246,18.964706,124.917084
39329.387601,154.220413,18.910065,125.079865
39329.428909,154.014694,18.695633,125.127960
39329.470217,154.209076,18.698135,125.448257
39329.511526,154.142532,18.812943,125.336441
39329.552833,154.004868,18.811234,125.678589
39329.594140,154.132767,18.783844,125.378418
39329.635445,154.007690,18.538086,125.398117
39329.676750,154.287567,18.668015,125.721802
39329.718056,154.228516,18.922668,125.614548
39329.759362,154.190948,18.839462,125.356064
39329.800669,154.074829,18.998901,125.628052
39329.841977,154.176163,18.647690,125.637543
39329.883283,154.110764,18.766312,125.515701
39329.924589,154.103455,18.804382,125.373581
39329.965896,154.127777,18.609070,125.579788
39330.007203,154.311432,18.402451,125.313629
39330.048509,154.153320,18.787796,125.315048
39330.089816,154.517166,18.664734,125.138092
39330.131121,154.199509,18.809540,125.229843
39330.172426,154.154083,18.763702,125.480820
39330.213731,154.093338,18.791000,125.490051
39330.255036,154.024841,18.996796,125.826492
39330.296341,154.197632,18.989929,125.498566
39330.337649,154.368378,18.963699,125.329224
39330.378956,154.198257,19.029968,125.386703
39330.420262,154.159760,18.884811,125.271332
39330.461566,154.084091,18.913773,125.416672
39330.502871,154.209595,18.874115,125.166077
39330.544178,154.308762,18.796280,125.261566
39330.585485,154.243149,18.777206,125.365723
39330.626791,154.358963,18.792252,125.198273
39330.668099,154.257980,18.709290,125.415710
39330.709408,154.158173,18.610306,125.215408
39330.750715,154.139221,18.878540,125.497040
39330.792024,154.222290,18.692551,125.213699
39330.833331,154.021225,18.867950,125.824844
39330.874640,154.028931,19.004013,125.695221
39330.915947,154.281723,18.930908,125.775818
39330.957254,154.258545,18.679489,125.436111
39330.998561,154.026657,19.166901,125.735092
39331.039869,154.161179,18.893753,125.456314
39331.081176,154.289108,18.845505,125.309723
39331.122481,154.196915,18.907135,125.367462
39331.163786,154.107361,19.059158,125.516800
39331.205092,154.087112,19.061325,125.692764
39331.246398,154.276489,18.729904,125.277603
39331.287704,154.307877,18.795074,125.664398
39331.329011,154.096420,18.784897,125.338348
39331.370314,154.269455,18.918610,125.443832
39331.411619,154.095200,19.050720,125.634979
39331.452921,154.125946,18.780975,125.204697
39331.494224,154.005844,18.796677,125.343887
39331.535530,154.124725,18.836441,125.749161
39331.576836,154.007568,19.116638,125.452347
39331.618143,154.249390,18.902878,125.427917
39331.659449,154.175613,18.858887,125.647400
39331.700754,154.333298,18.929550,125.301498
39331.742061,154.116516,18.786087,125.279434
39331.783369,154.122955,18.772522,125.219101
39331.824674,154.184570,18.789490,125.361542
39331.865978,154.272583,18.773163,125.373672
39331.907285,154.186127,18.746002,125.357040
39331.948589,154.163269,18.933289,125.533752
39331.989893,154.333710,18.837234,124.965851
39332.031195,154.363190,18.899994,125.131989
39332.072502,154.251450,18.902603,124.978378
39332.113809,154.112900,18.824203,125.530365
39332.155114,154.106949,18.925827,125.273865
39332.196420,153.949036,19.150742,125.416473
39332.237723,154.248474,18.753220,125.408295
39332.279029,154.373810,18.582428,125.387909
39332.320331,154.159897,18.874023,125.596924
39332.361636,154.352310,18.768188,125.601486
39332.402939,154.218063,18.845612,125.241486
39332.444243,154.253281,18.946625,125.183746
39332.485548,154.204529,18.675735,125.048538
39332.526853,154.441330,18.630310,125.249191
39332.568159,154.197311,18.925064,125.187225
39332.609467,154.161057,18.956970,125.138840
39332.650769,154.123657,18.616241,125.161407
39332.692075,154.135620,18.786438,125.387650
39332.733378,153.955261,19.048538,125.408401
39332.774679,154.277954,18.782486,125.141525
39332.815983,154.356888,18.812851,124.982117
39332.857288,154.373871,19.029388,125.116531
39332.898594,154.198059,19.296921,125.008881
39332.939899,154.371796,18.970535,125.215195
39332.981206,154.082657,19.141724,125.183914
39333.022515,154.293518,18.968155,125.116867
39333.063820,154.333969,18.971985,125.271637
39333.105126,154.472519,19.036423,125.317215
39333.146431,154.275162,19.100937,125.338852
39333.187735,154.156845,19.085617,125.489029
39333.229038,154.299774,19.036148,125.147934
39333.270341,154.449600,18.811768,125.084320
39333.311644,154.335129,18.827133,125.059494
39333.352948,154.208725,18.866348,125.111130
39333.394250,154.105515,18.999344,125.107086
39333.435551,154.182755,18.828339,125.034592
39333.476856,154.333984,18.928894,125.128464
39333.518161,154.304611,19.037201,125.146271
39333.559465,154.449356,19.104782,125.328659
39333.600772,154.307083,19.007538,125.109650
39333.642076,154.557571,18.716034,125.272507
39333.683382,154.592438,18.954697,124.983749
39333.724686,154.367401,18.918488,125.164764
39333.765992,154.288666,18.948883,125.263992
39333.807298,154.377213,18.965195,125.116333
39333.848605,154.440231,18.954269,125.089920
39333.889911,154.471390,18.796524,124.965088
39333.931218,154.465164,18.913177,124.789276
39333.972523,154.348236,18.907104,125.267166
39334.013829,154.243378,18.951050,125.296707
39334.055136,154.432709,18.914703,125.267075
39334.096442,154.346588,18.783325,125.232193
39334.137746,154.313858,19.008575,125.022690
39334.179052,154.443390,18.953735,125.100128
39334.220357,154.325516,18.823959,125.172485
39334.261662,154.420578,18.957596,125.022949
39334.302968,154.423126,18.824615,125.034088
39334.344275,154.437866,18.869812,125.055481
39334.385582,154.186859,18.834274,124.871048
39334.426889,154.371323,18.926361,125.130432
39334.468199,154.419113,18.864197,125.020248
39334.509509,154.521408,18.861160,125.217148
39334.550816,154.413834,18.876480,125.485901
39334.592126,154.327606,18.904099,125.260147
39334.633431,154.305939,18.776627,125.263809
39334.674738,154.274933,18.969925,125.596222
39334.716046,154.047104,19.278442,125.050507
39334.757354,154.136414,19.227341,125.166092
39334.798664,154.055374,19.387711,125.130524
39334.839969,154.271286,19.029266,125.276794
39334.881277,154.510666,19.103897,125.032593
39334.922586,154.352493,18.920273,124.943634
39334.963893,154.533249,18.754242,125.169601
39335.005201,154.367950,18.783020,125.120316
39335.046509,154.445023,18.843445,125.447906
39335.087815,154.249146,18.764633,125.337280
39335.129124,154.288437,19.165237,125.270996
39335.170435,154.501190,19.113449,125.347809
39335.211745,154.342621,18.861282,125.372223
39335.253052,154.303894,18.852234,125.457565
39335.294361,154.404877,18.827347,125.340271
39335.335671,154.513260,19.008575,125.339096
39335.376979,154.349640,19.064102,125.292374
39335.418288,154.241226,19.312195,125.168701
39335.459596,154.383438,18.892441,125.388504
39335.500904,154.418533,18.947220,125.394745
39335.542212,154.324371,19.075989,125.025635
39335.583520,154.354599,19.024979,125.168304
39335.624827,154.290024,18.896698,125.226273
39335.666135,154.342087,18.872330,125.090347
39335.707446,154.207504,19.176178,125.212372
39335.748754,154.188950,19.107773,125.061371
39335.790061,154.408295,18.925613,125.182251
39335.831369,154.265808,18.981827,124.999008
39335.872676,154.238663,18.815430,125.002930
39335.913985,154.328506,18.954742,124.985718
39335.955295,154.169250,18.830078,125.202866
39335.996604,154.089264,19.220200,125.126373
39336.037912,154.129807,19.005737,124.977829
39336.079222,154.268204,18.968735,125.075394
39336.120531,154.277176,18.901047,124.735336
39336.161838,154.276184,19.050537,125.228683
39336.203147,154.219131,18.839783,125.004150
39336.244456,154.326569,18.907562,124.996918
39336.285762,154.166458,18.921524,125.233261
39336.327069,154.269867,19.016708,125.115784
39336.368377,154.282928,18.817764,124.955566
39336.409686,154.170044,18.845215,125.187164
39336.450995,154.289627,18.704681,125.357819
39336.492304,154.142654,19.196396,125.642670
39336.533614,154.183350,19.238831,125.130127
39336.574922,154.158905,19.164856,125.310394
39336.616232,154.208145,19.010010,125.383453
39336.657543,154.283493,19.010605,125.275467
39336.698853,154.099487,19.248947,125.241653
39336.740166,154.201874,19.048615,125.322739
39336.781481,154.036957,19.286621,125.601379
39336.822793,154.044327,19.145370,125.608459
39336.864102,154.030289,18.874588,125.434143
39336.905413,154.042526,19.222336,125.526917
39336.946722,153.994797,19.289352,125.392838
39336.988031,154.161621,18.830521,125.246597
39337.029341,154.076233,19.190460,125.360535
39337.070652,154.136520,18.891205,125.121521
39337.111962,153.997498,19.090836,125.028885
39337.153273,154.215668,18.837814,125.357925
39337.194579,154.165909,19.021622,125.188675
39337.235891,154.300323,18.912170,125.234711
39337.277201,154.265045,19.020538,125.315720
39337.318511,154.119324,18.886139,125.269196
39337.359823,154.198715,18.795822,125.216385
39337.401134,154.173798,18.851166,125.480453
39337.442441,154.071411,18.819855,125.263138
39337.483751,154.203995,18.821320,125.334213
39337.525061,154.269608,18.731003,125.240616
39337.566373,154.126846,18.942505,125.559158
39337.607685,154.022980,18.740067,125.466568
39337.648998,154.122482,18.854553,125.748169
39337.690309,154.213120,18.691452,125.307663
39337.731620,154.111328,18.533554,125.349762
39337.772931,154.050568,18.954285,125.387268
39337.814241,154.100250,19.055984,125.101242
39337.855551,154.147751,18.728317,125.659241
39337.896860,153.977219,18.823395,125.775787
39337.938169,153.800858,18.948837,125.632080
39337.979480,154.236984,18.945297,126.002945
39338.020791,154.275375,18.838226,125.584534
39338.062101,154.066727,18.884460,125.428024
39338.103410,153.982544,18.850815,125.222336
39338.144717,154.064301,18.770309,125.370102
39338.186024,154.081558,18.784409,125.554932
39338.227333,153.878250,18.753067,125.442062
39338.268641,154.145584,18.849579,125.502747
39338.309948,154.130951,18.931244,125.587067
39338.351256,153.996826,19.044327,125.667480
39338.392563,153.968842,19.083374,125.743607
39338.433873,154.076035,19.144791,125.136169
39338.475181,153.922684,19.145142,125.505859
39338.516490,153.817413,19.084671,125.312805
39338.557797,154.141953,19.192398,125.726578
39338.599104,154.068054,18.960815,125.695526
39338.640410,154.100464,18.783371,125.681885
39338.681717,154.039017,19.158463,125.764374
39338.723024,154.195496,18.854111,125.887741
39338.764330,154.083160,18.807327,125.476608
39338.805636,153.847687,19.086044,125.333176
39338.846943,154.077530,18.720306,125.465469
39338.888247,154.128845,18.780945,125.534546
39338.929552,154.151291,18.788483,125.579422
39338.970855,154.288788,18.685638,125.283615
39339.012157,154.291183,19.021332,125.094406
39339.053457,154.135223,18.765045,125.698135
39339.094761,153.890198,18.983200,125.257828
39339.136067,154.062866,19.050400,125.315689
39339.177373,153.980225,18.656372,125.406647
39339.218679,153.904419,19.047607,125.588730
39339.259987,154.064774,18.942596,125.445984
39339.301292,154.042053,19.149124,125.476028
39339.342600,154.164642,18.844940,125.106659
39339.383909,153.937729,19.149780,125.766373
39339.425215,153.931274,19.058884,125.605576
39339.466523,153.994537,19.196060,125.436432
39339.507832,153.833817,19.077759,126.089432
39339.549139,153.997314,19.185715,125.782608
39339.590445,153.982925,19.049362,125.813538
39339.631753,153.981064,19.229477,125.528549
39339.673061,154.050262,19.204773,125.470612
39339.714368,153.939514,19.212387,125.448288
39339.755675,154.041443,19.152786,125.720413
39339.796982,153.933426,19.079803,125.545578
39339.838289,154.222900,18.995895,125.484406
39339.879597,154.084763,19.122879,125.570175
39339.920903,154.002869,19.097626,125.220535
39339.962209,154.037048,18.806427,125.862228
39340.003515,154.031937,18.822098,125.289978
39340.044821,154.001160,18.967789,125.551239
39340.086130,153.873520,18.956467,125.365662
39340.127438,154.268982,18.854477,125.655151
39340.168745,153.936951,18.901077,126.096680
39340.210051,153.823181,19.055420,125.731232
39340.251356,153.862427,18.967026,125.831604
39340.292662,154.102600,18.833054,125.778397
39340.333969,154.007126,19.024963,125.909607
39340.375275,153.883957,18.966705,126.132507
39340.416580,154.111404,18.987778,125.496735
39340.457887,154.064041,19.104782,125.652817
39340.499192,154.037491,18.986252,125.826157
39340.540496,154.077316,18.796326,125.621048
39340.581800,154.208725,18.778183,125.911530
39340.623106,153.887711,19.057373,125.742798
39340.664411,153.981949,19.093430,125.858795
39340.705716,153.912186,18.993027,125.650284
39340.747021,154.050873,19.023773,125.930099
39340.788326,153.809265,19.029816,125.843445
39340.829632,153.987793,19.068588,125.828705
39340.870939,154.027969,19.294632,125.713226
39340.912244,153.921021,19.376938,125.492859
39340.953549,154.060272,19.438782,125.608780
39340.994856,154.013214,19.215881,125.683517
39341.036162,154.046524,19.255569,125.548706
39341.077470,154.523804,18.925797,125.696075
39341.118776,154.246780,18.835892,125.609360
39341.160081,154.252167,18.960907,125.770706
39341.201386,154.027390,19.034592,125.700638
39341.242690,154.217056,19.096619,125.548706
39341.283995,154.132248,19.098679,125.718658
39341.325300,154.332947,18.997482,125.392761
39341.366605,153.926926,19.093445,125.747421
39341.407907,154.063019,19.119522,125.571487
39341.449209,154.381897,18.832214,125.616379
39341.490515,154.352417,18.917007,125.778473
39341.531819,154.116287,19.163177,125.444168
39341.573127,154.236877,18.962860,125.265900
39341.614435,154.113724,18.884964,125.604813
39341.655740,154.001572,19.084274,125.806000
39341.697047,154.327805,18.973389,125.353394
39341.738352,154.026077,19.093399,125.701477
39341.779659,154.138855,19.008270,125.715057
39341.820966,154.292404,18.899109,125.724838
39341.862272,154.177429,18.811005,125.872498
39341.903580,154.292801,19.105545,125.340820
39341.944884,154.293488,19.198120,125.758118
39341.986187,154.196350,19.193405,125.995651
39342.027494,153.947311,19.170380,125.793762
39342.068802,153.999680,19.040588,125.863754
39342.110108,154.187759,19.314529,125.632111
39342.151413,154.218521,19.445465,125.866928
39342.192721,154.121231,19.393051,125.890396
39342.234030,153.755341,19.272781,125.777664
39342.275338,154.007278,19.153290,125.879440
39342.316644,154.055771,19.187820,125.320816
39342.357950,154.125259,19.228287,125.633057
39342.399256,153.984573,19.150101,125.759003
39342.440561,154.178314,19.058380,125.594482
39342.481865,154.187408,18.891235,125.710800
39342.523173,153.896042,19.003967,125.818924
39342.564484,154.124283,18.983688,125.826874
39342.605791,153.981552,19.234131,125.575302
39342.647101,154.063934,19.233826,125.909439
39342.688409,154.086349,19.242783,125.698837
39342.729715,154.130142,19.210419,125.769745
39342.771020,154.062042,19.351227,125.802841
39342.812329,153.977753,19.527481,125.738617
39342.853638,153.957428,19.132584,125.758835
39342.894945,154.132553,19.273666,125.650742
39342.936250,154.142502,19.380936,125.552567
39342.977555,154.082611,19.195923,125.910889
39343.018860,154.122803,19.213165,125.808380
39343.060165,154.351852,19.083282,125.870193
39343.101474,154.142685,19.184433,126.094360
39343.142781,154.232117,19.247833,125.949921
39343.184088,154.063080,19.312119,125.866394
39343.225395,154.151596,19.043182,126.192337
39343.266703,154.188034,18.892914,125.691360
39343.308008,153.997589,19.227051,125.786728
39343.349313,154.094711,19.215530,125.966339
39343.390619,154.257629,18.904938,126.000565
39343.431925,154.152695,19.014252,126.305740
39343.473233,154.195862,18.915588,125.619293
39343.514541,154.064651,18.824249,125.836533
39343.555848,153.949158,19.027634,125.710983
39343.597155,154.157135,19.130478,125.555557
39343.638461,153.913345,19.048691,126.017670
39343.679767,153.987259,18.900650,125.949875
39343.721072,154.049316,19.158890,125.981796
39343.762379,154.292038,18.833710,125.618805
39343.803684,154.072128,19.007904,125.670547
39343.844990,154.075424,19.088928,125.914841
39343.886293,154.158905,18.834183,125.883865
39343.927597,154.013092,18.928421,125.654800
39343.968901,154.291458,18.934601,125.341293
39344.010206,154.234482,18.904175,125.437912
39344.051510,154.354614,19.050995,125.466309
39344.092812,153.971085,18.996582,125.555862
39344.134117,154.616302,18.694443,125.203949
39344.175420,154.474823,18.898743,125.414413
39344.216725,154.365906,18.846832,125.215607
39344.258029,154.297287,18.826004,125.106430
39344.299332,154.228119,18.788467,125.715851
39344.340634,154.247086,18.881424,125.101883
39344.381936,154.064468,18.912643,125.148270
39344.423238,153.979538,19.063171,125.388107
39344.464546,154.140305,19.029617,125.810272
39344.505852,154.303665,18.820496,125.751251
39344.547157,154.378342,18.871231,125.494507
39344.588461,154.279739,18.736786,125.476013
39344.629762,154.182571,19.044266,125.421951
39344.671065,154.451126,18.688965,125.299500
39344.712368,154.393997,18.892548,125.253372
39344.753673,154.549652,18.895798,125.315292
39344.794980,154.577682,18.772537,125.238632
39344.836285,154.642456,18.853561,125.519180
39344.877590,154.261566,18.907791,125.470001
39344.918897,154.432861,18.845917,125.516464
39344.960203,154.335327,18.863159,125.541611
39345.001510,154.169403,18.849319,125.405090
39345.042818,154.330170,18.901245,125.570694
39345.084123,154.278687,18.890030,125.427795
39345.125428,154.280136,18.803497,125.336624
39345.166732,154.142929,18.762848,125.644592
39345.208038,154.374176,19.032288,125.419861
39345.249343,154.524216,18.811874,125.460907
39345.290649,154.204880,18.996048,125.190170
39345.331954,154.439651,18.582184,125.522751
39345.373262,154.084030,18.944595,125.399124
39345.414568,154.364807,19.089005,125.422729
39345.455875,154.164948,18.868210,125.254303
39345.497180,154.031174,18.966995,125.457169
39345.538488,154.327728,18.535034,125.233276
39345.579795,154.223892,18.629486,125.493835
39345.621103,154.295456,18.903244,125.447098
39345.662412,154.259033,18.934570,125.552551
39345.703719,154.170471,18.885132,125.573761
39345.745025,154.015778,18.933807,125.881958
39345.786332,153.963135,19.174805,125.790619
39345.827641,153.895706,19.096008,125.618668
39345.868944,153.998459,19.024445,125.517975
39345.910247,154.022461,19.169174,125.849091
39345.951551,153.868210,18.877853,125.682190
39345.992856,154.168182,18.956055,125.629364
39346.034158,154.013000,18.884689,126.004211
