39750.907800,154.150436,18.934006,125.283920
39750.949102,154.380127,18.998871,125.382416
39750.990407,154.278107,18.970154,125.634781
39751.031710,154.148590,18.703598,125.673920
39751.073015,154.255859,18.792526,125.495026
39751.114318,154.052338,19.065643,125.363113
39751.155623,154.212112,18.845123,125.759018
39751.196928,154.240677,18.928940,125.526596
39751.238232,154.214157,19.158142,125.035782
39751.279540,154.025055,19.081970,125.754456
39751.320844,154.342102,18.684555,125.561203
39751.362146,154.313568,18.992599,125.531876
39751.403450,154.163300,18.871231,125.762619
39751.444755,154.361481,19.087814,125.756409
39751.486062,154.499985,19.044342,125.440186
39751.527369,154.372787,18.908127,125.453918
39751.568675,154.340286,18.828430,125.561691
39751.609979,154.308243,18.884766,125.772888
39751.651286,154.345306,18.869781,125.713303
39751.692594,154.282104,18.845123,125.801300
39751.733899,154.119598,18.876404,125.687317
39751.775203,154.288895,18.897125,125.623199
39751.816509,154.078857,18.995163,125.722855
39751.857815,153.954742,19.087219,125.830048
39751.899119,154.016968,19.168015,125.704041
39751.940423,153.997879,19.160904,125.439911
39751.981729,154.026337,19.000504,125.822174
39752.023035,154.010651,19.097473,125.828033
39752.064339,154.097214,19.035934,125.588348
39752.105644,154.042786,19.081238,125.323837
39752.146948,153.982330,19.150543,125.826263
39752.188252,154.206345,18.944031,125.569458
39752.229557,154.079422,19.089371,125.854736
39752.270861,154.145462,18.900360,125.707458
39752.312164,154.052185,19.019531,125.683868
39752.353467,153.954941,19.076157,125.385300
39752.394771,154.016953,19.094009,125.367798
39752.436076,154.050339,18.835602,125.361755
39752.477378,153.897675,19.047348,125.687241
39752.518681,153.986420,19.262146,125.444748
39752.559983,154.182816,19.114899,125.259811
39752.601287,154.018265,19.107101,125.384995
39752.642592,154.373398,18.866180,125.663223
39752.683897,154.339371,18.969406,125.502319
39752.725202,154.482620,18.947662,125.299072
39752.766508,154.351746,18.856186,125.395554
39752.807815,154.021439,18.980103,125.328598
39752.849120,154.203918,18.883301,125.249756
39752.890423,153.960281,19.106583,125.274551
39752.931726,154.281967,18.904434,125.528427
39752.973031,154.064941,19.015732,125.475510
39753.014335,154.087433,19.042297,125.319321
39753.055639,154.027664,18.957169,125.170395
39753.096943,154.010391,19.107178,125.345276
39753.138247,153.957764,19.148499,125.280441
39753.179552,154.038315,19.141907,125.636917
39753.220858,154.060806,19.123886,125.672394
39753.262163,153.967682,19.111221,125.296646
39753.303468,153.961029,18.994247,125.118896
39753.344772,154.189850,18.815338,125.598679
39753.386078,154.344101,18.882858,125.433807
39753.427384,154.225357,18.909439,125.244644
39753.468690,154.237915,18.787888,125.382980
39753.509997,153.914505,18.984360,124.988403
39753.551302,154.070953,18.761169,125.519577
39753.592610,154.104202,18.612640,125.669601
39753.633917,154.056046,18.911377,125.476852
39753.675223,154.051605,19.020660,125.184021
39753.716526,154.235535,18.766296,125.433029
39753.757829,153.993439,19.000946,125.226334
39753.799136,154.306396,18.702209,125.147263
39753.840441,153.884369,18.956650,125.182861
39753.881748,154.270813,18.815567,125.247757
39753.923051,154.121674,18.836639,125.283066
39753.964353,154.243698,18.813171,125.290909
39754.005655,154.197388,19.218414,125.269043
39754.046957,154.368454,18.951477,124.948944
39754.088260,154.329025,18.890244,125.227402
39754.129562,154.370850,18.700958,125.281448
39754.170863,154.126007,18.711105,125.161224
39754.212164,154.235687,18.782578,125.515137
39754.253466,154.336807,18.854553,125.297699
39754.294770,154.125732,18.883255,125.325455
39754.336075,154.111649,18.869614,125.043106
39754.377377,154.221390,18.744888,125.251007
39754.418679,154.348953,18.870331,125.464661
39754.459983,154.201630,18.925125,125.264832
39754.501287,154.274796,18.883072,125.368271
39754.542589,153.967117,18.931793,125.550171
39754.583889,154.253250,19.026428,125.514832
39754.625190,154.259918,19.013672,125.405426
39754.666493,154.279037,18.762497,125.362183
39754.707794,154.148758,19.034912,125.305893
39754.749096,154.119751,19.101868,125.056091
39754.790399,154.298172,19.011322,125.311249
39754.831700,154.176361,18.800598,125.377838
39754.873004,154.443359,18.811554,125.406616
39754.914306,154.408173,18.889160,125.702347
39754.955608,154.545975,18.491913,125.764282
39754.996910,154.160400,18.830612,125.598511
39755.038216,154.221481,18.730942,125.736481
39755.079522,154.299988,19.031372,125.509125
39755.120829,154.377274,18.925781,125.620422
39755.162135,154.355362,18.756760,125.187164
39755.203442,154.330856,18.825821,125.074371
39755.244745,154.526321,18.807144,125.374252
39755.286050,154.397720,18.820404,125.254456
39755.327358,154.494354,18.989914,125.182983
39755.368663,154.391800,18.816727,125.310760
39755.409969,154.335083,18.683243,125.322266
39755.451275,154.396042,18.749802,125.126465
39755.492581,154.453522,18.758011,125.132462
39755.533888,154.453171,18.791595,125.320206
39755.575193,154.572510,18.859421,125.648727
39755.616498,154.241074,18.850754,125.192123
39755.657806,154.344177,19.101212,125.262436
39755.699114,154.346954,18.937164,125.317276
39755.740421,154.247131,18.794342,125.386383
39755.781726,154.407516,18.802582,125.120132
39755.823030,154.304657,18.856430,125.158600
39755.864336,154.620285,18.665970,125.426712
39755.905642,154.531616,18.983688,125.066345
39755.946948,154.806671,18.869049,125.150803
39755.988255,154.509232,18.855927,125.225128
39756.029561,154.514297,18.838989,125.190033
39756.070867,154.454269,18.772614,125.437454
39756.112174,154.399963,18.876633,125.276932
39756.153480,154.214005,18.956299,125.098923
39756.194788,154.385727,18.752014,125.276001
39756.236092,154.316971,18.722290,125.470581
39756.277398,154.461182,18.561066,125.524170
39756.318702,154.230408,18.743286,125.489487
39756.360009,154.461517,18.583359,125.317276
39756.401316,154.332245,18.783936,125.478271
39756.442621,154.296417,18.758499,125.341324
39756.483927,154.291702,18.745407,125.409439
39756.525233,154.479996,18.640320,125.222794
39756.566540,154.517242,18.578430,125.479721
39756.607846,154.505707,18.610550,125.207825
39756.649152,154.576340,18.764496,125.221664
39756.690456,154.482544,18.665833,125.327652
39756.731762,154.546143,18.697327,125.413925
39756.773065,154.485489,18.787003,125.062515
39756.814369,154.759567,18.586853,124.977539
39756.855675,154.422501,18.753448,125.508072
39756.896980,154.495499,18.728470,125.591782
39756.938287,154.441162,18.803589,125.107819
39756.979595,154.384827,18.764618,125.362350
39757.020902,154.537460,18.535004,125.153137
39757.062210,154.389847,18.765274,125.382675
39757.103518,154.261047,18.660324,125.675705
39757.144827,154.519943,18.650497,125.329788
39757.186135,154.299469,18.938278,125.448517
39757.227441,154.162476,18.678177,125.108398
39757.268747,154.295349,18.879639,125.363342
39757.310053,154.170395,18.914444,125.362686
39757.351358,154.366135,18.770615,125.187378
39757.392663,154.362320,18.829880,125.160980
39757.433970,154.389069,18.649673,124.960403
39757.475275,154.277802,18.775421,124.822296
39757.516581,154.248734,18.684677,125.090714
39757.557887,154.198425,18.850693,125.141190
39757.599192,154.296890,18.831848,125.016220
39757.640496,154.409180,18.968735,125.254669
39757.681800,154.007553,18.944733,125.269913
39757.723105,154.184143,18.798477,125.181503
39757.764411,154.317535,18.964905,125.299744
39757.805718,154.269623,19.086624,125.230530
39757.847024,154.448044,18.997238,125.183334
39757.888331,154.161072,19.090637,125.041077
39757.929637,154.076385,19.089966,125.270508
39757.970945,154.183685,18.772690,125.414429
39758.012252,154.162689,18.986176,125.376358
39758.053559,154.370483,19.033325,125.601089
39758.094866,154.327408,18.977432,125.444733
39758.136173,154.017731,19.060562,125.702133
39758.177480,154.008713,19.105957,125.309998
39758.218784,154.029648,19.059219,125.621521
39758.260088,154.291275,18.824265,125.557632
39758.301395,154.354614,18.682129,125.365433
39758.342699,154.241806,18.850052,125.251953
39758.384004,154.330093,18.961990,125.642532
39758.425314,154.087372,19.093475,125.629700
39758.466622,154.103348,19.214661,125.604736
39758.507931,153.913406,19.210693,125.530655
39758.549237,154.047729,19.141846,125.387360
39758.590543,154.045990,19.153519,125.712250
39758.631851,154.227844,18.950928,125.248901
39758.673160,154.185928,18.890701,125.343323
39758.714464,154.268051,19.004822,125.450851
39758.755768,153.971786,19.073425,125.473068
39758.797076,154.273636,18.928696,125.349869
39758.838384,154.450790,18.929092,125.609070
39758.879692,154.216431,18.834503,125.335526
39758.921000,154.224533,19.013962,125.101593
39758.962309,154.442245,18.763046,125.400452
39759.003619,153.893967,19.026627,125.451401
39759.044931,154.446915,18.797791,124.701157
39759.086241,154.218781,18.897339,125.068832
39759.127549,154.474304,18.898712,124.843292
39759.168856,154.340637,18.856415,124.891281
39759.210163,154.162720,18.755142,125.229065
39759.251469,154.298401,18.845963,124.882523
39759.292774,154.189667,19.112411,125.455185
39759.334080,154.397675,18.783310,124.943085
39759.375388,154.208023,18.944107,125.039368
39759.416693,154.231140,18.896271,125.386719
39759.457998,154.311691,19.111221,125.024063
39759.499303,154.494019,18.990723,125.247421
39759.540608,154.326767,19.137009,125.150711
39759.581916,154.493622,18.954849,125.352386
39759.623224,154.251923,19.105927,125.274979
39759.664533,154.241211,19.020294,125.174561
39759.705841,154.256638,18.920456,125.201904
39759.747149,154.060196,19.133972,125.172195
39759.788458,154.447876,18.893234,124.879105
39759.829766,154.212067,18.943359,125.260971
39759.871071,154.148697,18.968536,124.998535
39759.912378,154.473969,18.961075,125.233154
39759.953687,154.258636,18.702225,125.258377
39759.994994,154.338943,18.902069,125.390259
39760.036301,154.308960,19.005951,125.252655
39760.077606,154.082672,18.866241,125.599579
39760.118908,154.131241,19.302307,125.614243
39760.160215,154.061203,19.132233,125.373169
39760.201525,154.339691,19.020599,125.096161
39760.242830,154.276245,19.417389,125.050461
39760.284136,154.273209,19.070908,125.004059
39760.325442,154.108704,19.259766,125.029694
39760.366749,154.062347,19.113007,125.014725
39760.408056,154.386322,19.107773,125.219727
39760.449359,154.242493,18.980927,125.195465
39760.490663,154.312271,18.843475,125.150681
39760.531968,154.605743,18.898590,125.178009
39760.573276,154.235535,18.886017,125.247925
39760.614581,154.452026,18.882141,125.031235
39760.655885,154.403687,18.909500,125.564545
39760.697192,154.303192,18.997482,125.454453
39760.738500,154.416122,19.163239,125.702072
39760.779807,154.383713,18.977356,125.506165
39760.821113,154.177719,18.929230,125.435211
39760.862421,154.354019,19.045715,125.293442
39760.903728,154.461945,18.951401,125.536179
39760.945037,154.425201,18.874573,125.325974
39760.986343,154.429230,18.953217,125.250320
39761.027647,154.403458,18.714645,125.432968
39761.068953,154.485855,18.540817,125.226364
39761.110258,154.248352,18.944885,125.236603
39761.151563,154.409439,18.893906,125.428375
39761.192869,154.311447,19.052750,125.403946
39761.234176,154.322464,18.884933,125.670700
39761.275483,154.101151,19.088013,125.679291
39761.316789,154.166336,19.164398,125.412888
39761.358096,153.959885,19.357315,125.444000
39761.399401,154.442444,19.232864,125.397522
39761.440708,154.295135,18.917084,125.708038
39761.482014,154.354767,19.009323,125.771072
39761.523323,154.418732,18.956238,125.488297
39761.564630,154.253036,18.950775,125.733948
39761.605939,154.267654,18.893509,125.416016
39761.647247,154.216507,18.929352,125.538818
39761.688559,154.219315,18.844803,125.510406
39761.729866,154.141373,19.041336,125.356766
39761.771172,154.146591,19.133545,125.439743
39761.812478,154.292053,18.851471,125.103546
39761.853786,154.157349,18.890869,125.544357
39761.895092,154.361145,18.818222,125.457535
39761.936398,154.055756,19.075684,125.558716
39761.977706,154.375473,18.913757,125.484344
39762.019010,154.112839,19.308960,125.455154
39762.060317,154.101044,19.039993,125.500778
39762.101623,154.151993,19.017258,125.305435
39762.142928,154.154800,19.102463,125.777481
39762.184234,154.448013,18.948166,125.578537
39762.225540,154.115479,19.151749,125.531403
39762.266849,154.237289,18.834000,125.303986
39762.308161,154.402252,18.964325,125.278046
39762.349468,154.577026,18.965622,125.479599
39762.390778,154.341095,18.856934,125.324051
39762.432087,154.358856,18.848984,125.351929
39762.473397,154.286285,18.920624,125.601440
39762.514708,154.236679,18.983109,125.824799
39762.556016,154.258698,18.807465,125.755844
39762.597323,154.205414,19.163925,125.656281
39762.638632,154.291382,18.877991,125.745239
39762.679940,154.518707,18.782562,125.728699
39762.721248,154.398483,18.990372,125.814804
39762.762558,154.466400,18.895218,125.537430
39762.803865,154.554352,18.869568,125.481308
39762.845170,154.449280,18.825638,125.340408
39762.886477,154.251831,18.803680,125.109299
39762.927788,154.522964,18.672455,125.784332
39762.969098,154.274246,18.751373,125.341751
39763.010408,154.579102,18.741302,125.381256
39763.051720,154.610992,18.669449,125.356796
39763.093030,154.201553,18.896530,125.515350
39763.134340,154.335251,18.879517,125.606049
39763.175651,154.322357,19.137589,125.563110
39763.216960,154.212799,18.920151,125.349075
39763.258270,154.202911,18.915756,125.377029
39763.299579,154.299652,18.782974,125.222672
39763.340888,154.267288,19.029526,125.304413
39763.382196,154.182922,19.109894,125.653488
39763.423505,153.996658,19.033569,125.356842
39763.464815,154.195511,18.825699,125.496933
39763.506123,154.105530,19.077225,125.145294
39763.547429,154.188446,18.814041,125.433640
39763.588737,154.193222,18.746429,125.252869
39763.630044,154.367279,18.552155,125.340698
39763.671351,154.525177,18.720642,125.300720
39763.712658,154.564941,18.650253,125.071884
39763.753966,154.416687,18.814804,125.402725
39763.795275,154.418884,18.657410,125.482559
39763.836581,154.383698,18.958878,125.811111
39763.877891,154.386871,18.933411,125.546387
39763.919202,154.327576,19.003128,125.603271
39763.960510,154.181549,19.380341,125.441498
39764.001819,154.168274,19.110336,125.388977
39764.043129,154.221176,19.115402,125.334747
39764.084438,154.409988,19.046890,125.397842
39764.125746,154.303818,18.997284,125.676804
39764.167054,154.443359,18.959366,125.626389
39764.208362,154.240387,18.946503,125.558990
39764.249670,154.021317,19.079575,125.550125
39764.290979,154.357773,18.891190,125.480774
39764.332292,154.301254,18.683945,125.582428
39764.373603,154.423935,18.886536,125.355713
39764.414913,154.484482,18.934158,125.523346
39764.456222,154.275284,18.998428,125.508575
39764.497532,154.392746,18.954712,125.147934
39764.538843,154.389694,18.964874,125.550262
39764.580152,154.426956,19.169128,125.425323
39764.621462,154.657730,18.850296,125.524170
39764.662772,154.343140,19.017685,125.572525
39764.704083,154.077347,19.206573,125.440689
39764.745393,154.495667,18.932266,125.222153
39764.786703,154.159042,19.294708,125.275085
39764.828014,154.197311,19.133621,125.248230
39764.869324,154.334732,19.022629,125.561050
39764.910634,154.503311,18.755661,125.496384
39764.951944,154.299423,18.918076,125.535400
39764.993253,154.397476,18.696762,125.337631
39765.034563,154.304169,18.762360,125.195358
39765.075877,154.265518,18.969345,125.439682
39765.117189,154.141678,18.945343,125.878601
39765.158499,154.230225,18.771179,125.522675
39765.199812,154.292450,18.960175,125.432037
39765.241122,154.401703,18.853348,125.669495
39765.282432,154.377258,18.851425,125.220581
39765.323743,154.179504,19.152039,125.547394
39765.365051,154.223373,19.106552,125.272247
39765.406363,154.479111,18.990280,125.228577
39765.447670,154.174454,19.134003,125.248611
39765.488979,154.419449,18.909271,125.419800
39765.530288,154.448410,18.824829,125.041763
39765.571594,154.165024,18.995392,124.974625
39765.612903,154.095001,19.378830,125.093567
39765.654213,154.279297,19.084839,124.785309
39765.695523,154.117737,19.188812,125.406769
39765.736831,154.120804,19.155411,125.211929
39765.778138,154.220490,19.378601,125.440903
39765.819444,154.255264,19.217606,125.397125
39765.860749,154.302292,19.204437,125.527985
39765.902058,154.097290,19.058914,125.498764
39765.943365,154.348526,19.101608,125.401672
39765.984671,154.302124,18.916397,125.432877
39766.025976,154.407532,18.972610,125.183624
39766.067280,154.474548,19.083542,125.365173
39766.108586,154.293961,19.155762,125.389557
39766.149890,154.473892,19.089737,125.682587
39766.191196,154.439575,18.947571,125.277954
39766.232502,154.430405,18.814606,125.292313
39766.273808,154.417191,18.924255,125.241806
39766.315116,154.488281,18.926590,125.337128
39766.356424,154.455826,18.841553,125.350235
39766.397732,154.233047,18.888733,125.433121
39766.439041,154.179474,19.057281,125.243439
39766.480349,154.110321,19.260834,125.211304
39766.521657,154.427643,19.130219,125.304520
39766.562966,154.426697,19.046021,125.316925
39766.604276,154.541046,19.082260,125.333435
39766.645584,154.503174,19.194992,125.291367
39766.686890,154.179977,19.280579,125.101135
39766.728198,154.093124,19.213760,125.153702
39766.769506,154.446869,18.956650,125.499557
39766.810815,154.444885,19.200119,125.312393
39766.852122,154.424438,19.004883,125.241013
39766.893431,154.263138,19.149490,125.032013
39766.934740,154.516266,19.089783,125.281464
39766.976050,154.483780,18.970932,125.418396
39767.017360,154.422318,19.168915,125.452454
39767.058670,154.505051,19.245804,125.265472
39767.099979,154.529419,19.039032,125.235443
39767.141287,154.375214,19.155579,125.286911
39767.182596,154.667648,19.234772,125.064072
39767.223906,154.680862,19.261826,125.642578
39767.265217,154.544266,19.239807,125.323990
39767.306526,154.368484,19.096359,125.106506
39767.347834,154.494171,19.087448,125.565704
39767.389141,154.481308,18.942459,125.221207
39767.430450,154.390518,18.823669,125.206787
39767.471758,154.600693,18.899033,125.009659
39767.513067,154.426697,18.770477,125.279663
39767.554377,154.343002,18.836212,125.148422
39767.595687,154.462357,18.786179,125.382294
39767.636999,154.263046,18.929230,125.417145
39767.678309,154.574966,18.917648,125.318359
39767.719620,154.466629,18.997910,125.274200
39767.760930,154.507736,19.124969,125.383591
39767.802243,154.823135,18.887848,125.144791
39767.843555,154.734894,18.845978,125.227371
39767.884865,154.677872,18.896469,125.320923
39767.926175,154.514343,19.001953,125.268539
39767.967482,154.688690,18.907623,125.199402
39768.008792,154.473969,19.032898,125.218628
39768.050102,154.500809,18.988678,125.333145
39768.091412,154.493225,19.012131,125.293411
39768.132720,154.504639,19.021957,125.425812
39768.174028,154.583313,19.029205,125.456482
39768.215338,154.547501,19.000122,124.944244
39768.256647,154.545395,19.014938,125.279160
39768.297957,154.562408,18.898071,125.144791
39768.339267,154.385422,18.928986,125.429031
39768.380575,154.311142,19.033142,125.447235
39768.421885,154.420425,19.050659,125.269348
39768.463197,154.553421,18.927719,125.474060
39768.504507,154.451202,18.837082,125.090668
39768.545818,154.295807,19.119873,125.350632
39768.587129,154.287552,18.955154,125.275482
39768.628438,154.326599,19.048294,125.336426
39768.669746,154.415054,18.882706,124.935852
39768.711054,154.443939,18.926453,125.191345
39768.752360,154.279663,18.884720,125.302368
39768.793667,154.236969,18.963272,125.387833
39768.834975,154.639542,18.710892,125.579803
39768.876281,154.409714,18.875977,125.392960
39768.917589,154.381927,18.675339,125.358414
39768.958898,154.393417,18.651794,125.184631
39769.000205,154.298080,18.780472,125.474640
39769.041512,154.462814,18.829544,125.599106
39769.082821,154.366318,18.823959,125.206650
39769.124130,154.412323,18.919357,125.624603
39769.165436,154.313889,18.866791,125.519699
39769.206743,154.651169,18.619614,125.387329
39769.248051,154.525009,18.966095,125.212845
39769.289360,154.547119,18.928101,125.124817
39769.330666,154.614777,18.754944,125.025620
39769.371973,154.382034,18.825836,125.177933
39769.413282,154.501816,18.632996,125.423508
39769.454594,154.286575,18.676819,125.132019
39769.495905,154.378098,19.038986,125.288651
39769.537216,154.236252,18.748215,125.128845
39769.578524,154.357269,18.852921,125.117996
39769.619833,154.520599,18.799484,125.397064
39769.661142,154.477646,19.066193,125.196014
39769.702450,154.585602,18.684570,125.148422
39769.743760,154.455063,18.841187,125.217438
39769.785070,154.237869,18.915024,125.670731
39769.826377,154.452118,18.910675,125.356003
39769.867685,154.460922,18.953827,125.074890
39769.908993,154.461258,18.896378,125.218170
39769.950301,154.634949,18.707764,125.280151
39769.991608,154.530594,18.791443,125.252304
39770.032916,154.595306,18.856995,125.229263
39770.074224,154.440063,18.803299,125.258392
39770.115532,154.390167,18.888229,125.714035
39770.156839,154.433090,18.929001,125.333939
39770.198148,154.275421,18.799347,125.203552
39770.239455,154.352173,18.874756,125.355240
39770.280763,154.406891,18.902969,125.336456
39770.322071,154.454208,18.916153,125.742416
39770.363379,154.360031,19.109833,125.250534
39770.404687,154.295364,18.785477,125.466644
39770.445996,154.472900,18.906891,125.196732
39770.487305,154.483673,18.905899,125.376083
39770.528614,154.643921,18.908096,125.256805
39770.569921,154.566833,18.930161,124.735504
39770.611228,154.586288,19.080627,125.123047
39770.652538,154.806274,18.639679,125.131790
39770.693845,154.667938,18.746017,125.038071
39770.735157,154.434387,18.806122,125.131775
39770.776468,154.423508,18.641068,125.047211
39770.817780,154.411606,18.745529,125.307495
39770.859090,154.407852,18.886154,125.172943
39770.900402,154.659714,18.702255,125.125870
39770.941712,154.573410,18.791702,125.026810
39770.983023,154.458908,19.034210,124.954376
39771.024334,154.591919,18.946213,124.915024
39771.065644,154.442932,18.756378,125.498444
39771.106952,154.406021,18.759171,125.110199
39771.148261,154.340836,18.944504,125.082245
39771.189572,154.377213,18.882385,124.980743
39771.230881,154.466202,18.958313,125.225189
39771.272190,154.544968,18.813049,124.903214
39771.313497,154.380936,18.841064,125.055710
39771.354804,154.346420,18.644760,125.344238
39771.396114,154.423737,18.936569,124.793198
39771.437423,154.406219,18.710175,124.743973
39771.478734,154.636673,18.714340,125.125320
39771.520045,154.511749,18.631836,125.438766
39771.561354,154.242386,18.913681,125.266815
39771.602665,154.488800,18.792007,124.906143
39771.643975,154.470001,18.816422,124.728928
39771.685283,154.133469,19.003723,124.982880
39771.726593,154.450439,18.905579,125.223648
39771.767901,154.659576,18.731277,125.111038
39771.809210,154.608337,18.926132,125.122742
39771.850519,154.381897,18.823105,124.969360
39771.891827,154.664124,18.705383,125.164841
39771.933134,154.247360,18.748093,125.128204
39771.974442,154.336182,18.700333,125.524887
39772.015749,154.441116,18.871109,125.070099
39772.057056,154.163269,18.778534,125.285278
39772.098362,154.259766,18.795166,125.324539
39772.139671,154.358932,18.797836,125.264923
39772.180980,154.466232,18.904526,125.180298
39772.222290,154.487183,19.044617,125.098267
39772.263600,154.445709,18.957870,125.232407
39772.304908,154.448868,18.853287,125.384598
39772.346217,154.434479,18.858810,125.367355
39772.387523,154.165161,18.781754,125.317093
39772.428831,154.353027,19.063431,124.969315
39772.470141,154.390549,18.823120,124.684570
39772.511452,154.354889,18.888382,124.913971
39772.552761,154.353928,18.752579,124.989929
39772.594070,154.416351,18.783524,124.883850
39772.635378,154.352600,18.882996,124.832703
39772.676686,154.580597,18.759583,124.927979
39772.717996,154.503387,18.883163,125.162857
39772.759305,154.382874,18.648453,124.693604
39772.800616,154.440918,18.803680,124.896500
39772.841926,154.678696,18.611511,125.481628
39772.883234,154.524292,18.872116,125.132217
39772.924543,154.656693,18.670929,124.799438
39772.965852,154.381332,18.870438,124.977432
39773.007160,154.672760,18.696991,124.855194
39773.048468,154.615891,18.763962,125.028732
39773.089776,154.722549,18.796829,124.907288
39773.131084,154.659119,18.680801,125.167542
39773.172390,154.454971,18.780563,125.215073
39773.213695,154.213806,18.930435,125.046768
39773.255004,154.240982,18.732132,125.321350
39773.296314,154.491425,18.863708,125.151886
39773.337622,154.445587,19.062271,125.121719
39773.378930,154.563141,18.927429,125.255463
39773.420238,154.523880,18.805099,125.198959
39773.461545,154.469055,18.952606,124.885696
39773.502852,154.471191,19.209869,124.865097
39773.544160,154.434830,18.760452,125.308105
39773.585468,154.383835,18.820618,125.283585
39773.626777,154.542709,18.858490,125.100433
39773.668084,154.455994,18.941757,125.167053
39773.709393,154.230942,18.979889,124.786789
39773.750704,154.317108,19.056824,124.815063
39773.792012,154.485031,18.910599,125.062881
39773.833323,154.547119,18.735428,124.760040
39773.874632,154.465530,18.773819,124.898315
39773.915943,154.443466,18.755356,124.595474
39773.957254,154.472046,18.655685,124.804840
39773.998566,154.322372,18.873108,125.293442
39774.039878,154.267395,18.768204,125.182571
39774.081190,154.194138,18.950058,125.511322
39774.122501,154.460114,18.986832,125.350067
39774.163810,154.333511,19.048065,125.129044
39774.205121,154.463104,18.831467,125.248856
39774.246430,154.382507,19.049423,125.096268
39774.287739,154.496902,18.816101,125.104065
39774.329047,154.604752,18.807495,124.763306
39774.370356,154.552643,18.828506,125.088013
39774.411663,154.442368,19.012482,125.032272
39774.452973,154.490814,18.769348,125.146790
39774.494284,154.552414,18.520447,125.030457
39774.535595,154.257614,18.679321,125.121292
39774.576905,154.403625,18.723343,124.798203
39774.618214,154.417084,18.768570,125.032669
39774.659521,154.312653,18.664932,125.571899
39774.700829,154.662384,18.399292,125.653595
39774.742135,154.402512,18.633011,125.549652
39774.783442,154.347595,18.701599,125.174713
39774.824751,154.281097,18.840866,124.984680
39774.866057,154.174316,18.841171,125.360703
39774.907364,154.494202,18.764877,124.904678
39774.948673,154.244095,18.713669,125.425781
39774.989980,154.475037,18.775253,125.424057
39775.031287,154.436554,18.831558,125.366409
39775.072596,154.498581,18.558212,125.143646
39775.113902,154.289688,18.689774,125.303726
39775.155211,154.258896,18.633224,125.242828
39775.196517,154.257919,18.697601,125.124557
39775.237825,154.264893,18.778534,125.043854
39775.279135,154.366043,18.666931,125.349487
39775.320444,154.367371,18.658264,125.118240
39775.361752,154.220215,18.692230,125.415726
39775.403060,154.322266,18.715530,125.168106
39775.444371,154.254044,18.791046,125.093765
39775.485682,154.461838,18.795578,125.359100
39775.526993,154.430984,18.856461,125.200912
39775.568300,154.493225,18.760284,125.435822
39775.609609,154.233322,18.809479,125.101593
39775.650917,154.383331,18.727676,125.075821
39775.692227,154.446213,18.825256,125.226089
39775.733537,154.394073,18.684982,125.129761
39775.774848,154.419952,18.495316,125.516006
39775.816159,154.245880,18.721664,124.946640
39775.857468,154.403244,18.472412,125.010666
39775.898778,154.395905,18.495300,125.061508
39775.940087,154.290100,18.573318,125.077499
39775.981395,154.298080,18.766922,125.244781
39776.022704,154.497986,18.509644,125.167755
39776.064017,154.529526,18.852478,124.967239
39776.105326,154.312271,18.834259,125.229050
39776.146637,154.333450,18.987885,124.952423
39776.187946,154.417542,19.030228,125.380356
39776.229255,154.546494,18.731705,125.093857
39776.270564,154.512726,18.901535,125.084076
39776.311870,154.545990,18.944778,125.256134
39776.353178,154.562454,18.709167,124.729187
39776.394485,154.585693,18.723953,124.935394
39776.435793,154.362595,18.678986,124.949600
39776.477099,154.253006,18.766922,125.069214
39776.518409,154.441757,18.748245,124.704926
39776.559715,154.341034,18.712448,124.829132
39776.601022,154.428192,18.755402,125.138931
39776.642330,154.263290,18.795639,125.456497
39776.683638,154.286423,18.686188,125.148895
39776.724947,154.323456,18.735931,125.546829
39776.766258,154.384674,18.771927,125.461441
39776.807565,154.304245,18.882050,125.454712
39776.848873,154.432419,18.739761,125.682831
39776.890181,154.485260,18.790665,125.536591
39776.931488,154.579758,18.623550,125.387863
39776.972795,154.469315,18.572525,124.864182
39777.014102,154.314163,18.727249,125.039886
39777.055411,154.200912,18.913315,124.915375
39777.096718,154.343353,18.898712,124.947662
39777.138027,154.204788,18.705170,125.025681
39777.179335,154.220474,18.902435,124.728760
39777.220643,154.165283,18.677307,125.058563
39777.261950,154.193893,18.728851,124.958023
39777.303257,154.139328,18.773376,125.444931
39777.344565,154.046249,18.755081,125.137787
39777.385875,154.379471,18.736511,124.908371
39777.427184,154.309067,18.993912,125.449341
39777.468494,154.278717,18.737549,125.570892
39777.509803,154.187805,18.816299,125.193405
39777.551110,154.432144,18.634720,125.195557
39777.592419,154.205978,18.846573,125.226654
39777.633728,154.234512,18.685867,125.001526
39777.675037,154.535400,18.526001,125.019394
39777.716345,154.507416,18.537430,125.029190
39777.757656,154.430573,18.593216,124.871918
39777.798966,154.425079,18.676498,125.094788
39777.840274,154.319717,18.748444,124.933670
39777.881584,154.303268,18.880798,125.106339
39777.922892,154.356644,18.624496,125.236145
39777.964202,154.443390,18.823303,124.969025
39778.005511,154.373016,18.827225,125.163803
39778.046816,154.176193,18.961639,125.231705
39778.088123,154.340820,18.728577,125.134857
39778.129429,154.500183,18.521011,125.142075
39778.170737,154.474243,18.562531,125.289078
39778.212047,154.536087,18.628387,124.987152
39778.253358,154.277817,18.667404,125.286194
39778.294669,154.472565,18.484634,125.297882
39778.335979,154.453506,18.330170,125.374191
39778.377289,154.321564,18.322235,125.359161
39778.418597,154.382919,18.484055,125.270340
39778.459906,154.557037,18.325836,124.941406
39778.501216,154.444031,18.321823,125.282715
39778.542522,154.501877,18.366913,125.195450
39778.583830,154.787827,18.247284,125.462173
39778.625140,154.482941,18.525040,125.051056
39778.666450,154.544769,18.283829,124.925980
39778.707760,154.350861,18.415878,125.190735
39778.749068,154.539352,18.429138,125.303619
39778.790377,154.454102,18.306870,125.448990
39778.831687,154.624908,18.533035,125.379059
39778.872995,154.545120,18.566330,124.937943
39778.914303,154.388657,18.471756,125.456696
39778.955613,154.508545,18.474487,125.281525
39778.996923,154.359085,18.424316,125.147690
39779.038230,154.350098,18.453461,125.129028
39779.079539,154.549911,18.667908,124.950470
39779.120847,154.709457,18.343887,125.290207
39779.162155,154.318878,18.585922,125.393341
39779.203463,154.428909,18.395676,125.508301
39779.244771,154.252045,18.475449,125.460968
39779.286078,154.268906,18.675537,125.448212
39779.327385,154.462097,18.812317,125.319138
39779.368693,154.065399,18.932114,125.318527
39779.410002,154.147934,18.605240,125.365845
39779.451311,154.362061,18.437912,125.392303
39779.492619,154.460861,18.607422,125.128983
39779.533926,154.430786,18.473862,125.280304
39779.575233,154.250610,18.686890,125.461105
39779.616538,154.481613,18.582214,125.438080
39779.657845,154.667267,18.597839,125.640335
39779.699151,154.468399,18.670013,125.608841
39779.740459,154.382370,18.614502,125.513626
39779.781767,154.391800,18.788788,125.304504
39779.823073,154.394882,18.677475,125.529282
39779.864381,154.133698,18.850479,125.259720
39779.905691,154.264175,18.685501,125.139618
39779.946999,153.956314,19.038956,125.316833
39779.988308,154.359161,18.669128,125.282944
39780.029619,154.494675,18.569489,125.300858
39780.070926,154.231384,18.850967,125.444000
39780.112233,154.334946,18.608383,125.268204
39780.153541,154.344940,18.654510,125.161957
39780.194851,154.542816,18.648285,125.012527
39780.236158,154.380737,18.469986,125.080414
39780.277466,154.226395,18.660736,125.184052
39780.318773,154.335602,18.361816,125.238388
39780.360079,154.593643,18.430313,124.931549
39780.401382,154.510406,18.557251,125.075531
39780.442687,154.357025,18.746567,125.226944
39780.483995,154.395264,18.482117,125.387283
39780.525303,154.334412,18.499847,125.203430
39780.566610,154.310410,18.881577,124.880417
39780.607919,154.513824,18.645721,125.171127
39780.649227,154.394196,18.731461,125.154190
39780.690537,154.189240,18.891968,125.169189
39780.731844,154.314285,18.905334,125.193436
39780.773151,154.310196,18.938629,125.034378
39780.814458,154.580490,18.899719,125.171478
39780.855767,154.389343,18.958023,125.202606
39780.897075,154.410248,18.770416,125.230057
39780.938385,154.356308,18.644119,125.160828
39780.979696,154.511841,18.583817,125.392303
39781.021007,154.398224,18.821747,124.871033
39781.062314,154.415527,18.684021,124.762100
39781.103622,154.388382,18.654465,125.096222
39781.144930,154.247467,18.731476,125.104843
39781.186242,154.286880,18.593277,125.561707
39781.227551,154.493744,18.619171,125.311646
39781.268860,154.421692,18.955200,125.101959
39781.310168,154.454529,18.711136,125.098297
39781.351475,154.405380,18.650101,125.186478
39781.392785,154.379242,18.866623,125.424377
39781.434094,154.481812,18.816010,125.008347
39781.475405,154.437057,18.810440,124.792404
39781.516717,154.671432,18.598740,125.235535
39781.558030,154.478149,18.594315,125.147812
39781.599341,154.270508,18.754333,125.256714
39781.640651,154.379868,18.591904,125.119659
39781.681960,154.680695,18.807785,125.030441
39781.723270,154.350403,18.832443,125.437302
39781.764582,154.414490,18.696655,125.518997
39781.805891,154.453384,18.873810,125.338394
39781.847200,154.311920,19.093674,125.269684
39781.888511,154.341537,18.862244,125.434326
39781.929819,154.423187,18.681839,124.833176
39781.971131,154.414047,18.806152,125.209488
39782.012445,154.405106,18.843811,125.396835
39782.053755,154.419571,18.740585,125.163651
39782.095063,154.319153,19.004471,125.138611
39782.136372,154.455658,18.807404,125.278656
39782.177682,154.425125,18.820343,125.116287
39782.218989,154.395203,18.638718,125.180573
39782.260298,154.579971,18.410767,125.121460
39782.301606,154.468079,18.858475,124.947983
39782.342913,154.573242,18.907608,124.774582
39782.384221,154.407944,18.725006,125.099777
39782.425530,154.388962,18.728394,125.212830
39782.466837,154.521957,18.851303,125.126297
39782.508145,154.476349,18.810349,124.936356
39782.549453,154.524506,18.985031,125.386536
39782.590758,154.426544,18.818909,125.261978
39782.632063,154.504608,18.836670,125.097305
39782.673369,154.456924,18.878662,125.045883
39782.714676,154.577530,19.170746,124.640198
39782.755982,154.383667,19.112686,124.902710
39782.797289,154.564423,18.919769,124.943420
39782.838596,154.526932,18.923370,124.500870
39782.879902,154.454803,18.649094,124.673889
39782.921208,154.418289,18.888199,125.089523
39782.962517,154.538589,18.570267,124.922043
39783.003823,154.593628,18.661774,124.895309
39783.045129,154.383118,18.797043,125.010391
39783.086434,154.352127,18.811523,125.271988
39783.127743,154.515091,18.642670,125.243881
39783.169050,154.284821,19.221313,125.065811
39783.210358,154.696228,18.953995,125.226395
39783.251668,154.598511,18.793152,125.065826
39783.292977,154.752792,18.673798,124.945724
39783.334287,154.479446,18.906113,124.875931
39783.375597,154.352829,18.843857,124.982864
39783.416905,154.313919,19.021683,125.295395
39783.458215,154.316345,18.767273,124.984329
39783.499524,154.267441,18.849518,124.933334
39783.540833,154.453735,18.906509,125.009460
39783.582143,154.458038,18.888351,125.445053
39783.623451,154.471619,18.800369,124.855347
39783.664758,154.407486,18.766373,125.119095
39783.706063,154.530746,18.604492,125.215607
39783.747369,154.646057,18.613434,125.336670
39783.788676,154.607132,18.805511,125.070694
39783.829982,154.538620,18.936752,125.089996
39783.871291,154.656723,19.002090,125.550140
39783.912598,154.606445,18.903305,125.039246
39783.953905,154.400070,18.891479,125.060532
39783.995215,154.496826,18.969391,125.239960
39784.036520,154.346695,18.861252,124.914642
39784.077826,154.268967,18.634445,125.124863
39784.119130,154.196426,18.679047,125.121109
39784.160435,154.258026,18.718903,125.113632
39784.201740,154.449524,18.701111,125.098984
39784.243046,154.443268,18.742844,125.401489
39784.284350,154.444107,18.750336,125.297501
39784.325657,154.387421,18.757446,125.305023
39784.366965,154.527634,18.884506,125.097565
39784.408271,154.366714,18.865799,124.989853
39784.449578,154.401581,18.922501,125.216797
39784.490883,154.572006,18.891922,124.891983
39784.532188,154.510376,19.017365,124.976913
39784.573494,154.586014,18.850647,125.155930
39784.614801,154.370041,18.991196,124.942764
39784.656110,154.359634,18.893524,124.908920
39784.697417,154.411789,18.832809,124.879181
39784.738724,154.589783,18.618790,125.205292
39784.780031,154.420105,18.722733,125.200546
39784.821335,154.436874,18.847046,125.188019
39784.862639,154.458298,18.759705,125.011688
39784.903940,154.377579,18.843491,125.151337
39784.945244,154.516769,18.709808,125.410538
39784.986551,154.276688,18.920181,125.372849
39785.027856,154.404068,18.756012,125.408981
39785.069163,154.527191,18.923386,125.213272
39785.110470,154.421890,18.926758,125.099091
39785.151777,154.590012,18.612686,124.997559
39785.193084,154.326859,18.679932,125.133347
39785.234392,154.616058,18.621231,125.336151
39785.275700,154.528351,18.532898,125.171722
39785.317008,154.465973,18.606873,125.430313
39785.358316,154.390167,18.459229,125.704544
39785.399625,154.407410,18.396484,125.715256
39785.440937,154.716812,18.292633,125.566696
39785.482246,154.714951,18.553802,125.197067
39785.523554,154.727966,18.598328,125.281570
39785.564862,154.538147,18.406464,125.264313
39785.606168,154.576553,18.467117,125.045349
39785.647473,154.545074,18.503189,125.349487
39785.688778,154.647293,18.708237,125.196732
39785.730085,154.495850,18.451279,125.130661
39785.771391,154.748398,18.756546,125.104050
39785.812698,154.728378,18.454590,125.179306
39785.854005,154.301498,18.805557,125.319656
39785.895313,154.767334,18.543167,125.102295
39785.936620,154.602341,18.619308,125.197327
39785.977929,154.724335,18.556656,125.209549
39786.019238,154.735565,18.531448,125.396576
39786.060548,154.457794,18.670425,125.421692
39786.101857,154.544891,18.518616,125.403763
39786.143165,154.735153,18.500824,124.769440
39786.184473,154.461273,18.594727,125.324631
39786.225782,154.568375,18.773849,125.317749
39786.267091,154.464310,18.757919,125.263733
39786.308398,154.563629,18.665909,125.013031
39786.349704,154.410019,18.677490,125.391220
39786.391011,154.480881,18.680069,125.296417
39786.432320,154.528763,18.653397,125.259354
39786.473629,154.594711,18.591888,125.127136
39786.514935,154.907272,18.401337,125.283234
39786.556243,154.645767,18.633987,124.844864
39786.597551,154.807312,18.335556,124.976974
39786.638859,154.599197,18.410812,125.121292
39786.680167,154.597198,18.309647,125.227310
39786.721474,154.580139,18.381851,124.986420
39786.762781,154.735718,18.482056,124.937347
39786.804088,154.636642,18.326782,124.962860
39786.845394,154.728424,18.457672,125.135681
39786.886700,154.600861,18.538818,125.054260
39786.928009,154.506760,18.577423,125.153854
39786.969316,154.653290,18.624283,125.389847
39787.010624,154.604874,18.568359,124.968689
39787.051931,154.605255,18.664551,124.821838
39787.093238,154.816147,18.746841,125.119202
39787.134544,154.661575,18.655548,125.065781
39787.175852,154.661148,18.649811,125.091370
39787.217160,154.770386,18.681717,125.028061
39787.258468,154.802078,18.709702,124.854340
39787.299775,154.632233,18.689468,125.127457
39787.341082,154.793594,18.410034,124.865845
39787.382389,154.801788,18.609802,125.136490
39787.423696,154.755371,18.607773,124.957336
39787.465003,154.680740,18.724655,125.114975
39787.506311,154.633820,18.543289,125.245270
39787.547618,154.977356,18.319931,125.381256
39787.588925,154.764313,18.494888,125.050369
39787.630233,154.850601,18.615479,125.194946
39787.671541,154.968353,18.504807,125.134384
39787.712847,154.867722,18.495728,124.897461
39787.754154,154.823715,18.573944,124.833542
39787.795461,154.883606,18.349167,124.950836
39787.836768,154.657242,18.504318,124.942688
39787.878076,154.671371,18.520111,124.969467
39787.919385,154.551239,18.412567,125.000000
39787.960695,154.524323,18.433014,125.088608
39788.002001,154.564331,18.638855,125.017776
39788.043310,154.519485,18.638138,125.084503
39788.084616,154.890869,18.653854,125.242737
39788.125922,154.657349,18.623230,125.453079
39788.167231,154.380219,18.592773,125.253784
39788.208541,154.561554,18.647949,125.514374
39788.249848,154.574005,18.893539,125.311127
39788.291155,154.550278,18.945465,125.171539
39788.332462,154.493515,18.923904,125.297256
39788.373771,154.565201,18.905487,125.287018
39788.415078,154.887512,18.786102,125.080872
39788.456386,154.791641,18.757187,124.743561
39788.497694,154.813599,18.568542,124.970749
39788.539004,154.735535,18.530243,125.013596
39788.580312,154.704102,18.263184,124.942566
39788.621621,154.953644,18.571823,124.890396
39788.662928,154.768875,18.565567,124.985550
39788.704236,154.434082,18.732529,124.732620
39788.745547,154.477570,18.824951,125.108963
39788.786857,154.471878,18.541000,124.861923
39788.828167,154.475845,18.604370,124.853439
39788.869476,154.545364,18.711655,124.814423
39788.910784,154.568085,18.685989,124.976746
39788.952093,154.688522,18.774094,125.189346
39788.993402,154.767334,18.661942,125.106613
39789.034709,154.540390,18.848511,125.113953
39789.076015,154.576340,18.858521,124.808807
39789.117322,154.471756,18.919464,124.955017
39789.158627,154.597855,18.734558,124.879013
39789.199933,154.653030,18.659836,125.238098
39789.241240,154.519989,18.694962,124.955124
39789.282548,154.737823,18.779678,124.900192
39789.323855,154.633224,18.730438,124.924866
39789.365161,154.593414,18.751511,125.092209
39789.406471,154.609772,18.695435,125.455688
39789.447783,154.471680,18.775284,125.287033
39789.489092,154.551086,18.816315,125.378479
39789.530400,154.635117,18.720291,125.303757
39789.571711,154.808212,18.843170,124.913834
39789.613020,154.504135,18.747940,125.207291
39789.654327,154.598267,18.952148,125.262909
39789.695633,154.893250,18.548691,125.247986
39789.736941,154.709656,18.776596,125.311279
39789.778249,154.483459,19.158417,125.273178
39789.819558,154.594131,18.911636,125.046402
39789.860867,154.544159,18.841675,124.940201
39789.902174,154.594833,18.906601,125.115372
39789.943481,154.805511,18.691574,125.399780
39789.984792,154.580215,18.788879,125.357300
39790.026105,154.552597,18.641815,125.244171
39790.067415,154.423126,18.809845,125.362442
39790.108724,154.542389,18.920914,125.376389
39790.150034,154.393173,18.923981,125.371078
39790.191343,154.571808,19.021271,125.226852
39790.232653,154.735336,18.785599,125.197525
39790.273962,154.670258,18.904404,125.033447
39790.315271,154.605377,18.990036,125.185989
39790.356580,154.499313,19.188416,124.716736
39790.397887,154.734879,18.862122,124.734894
39790.439194,154.493835,18.974731,125.149780
39790.480501,154.437897,18.856552,125.318497
39790.521808,154.388306,18.967499,125.033676
39790.563112,154.458420,18.877884,125.211868
39790.604416,154.497986,18.859894,125.276917
39790.645722,154.209503,19.189102,125.153946
39790.687028,154.507477,18.851501,125.240814
39790.728335,154.473282,18.624237,124.954865
39790.769640,154.505737,18.835220,125.187790
39790.810945,154.421951,18.986771,125.223434
39790.852250,154.425873,19.130920,124.959610
39790.893556,154.322418,18.721542,125.345673
39790.934863,154.527283,18.786331,124.928040
39790.976171,154.579468,18.939774,124.769592
39791.017478,154.325958,18.975601,125.383652
39791.058782,154.262772,18.543533,125.235138
39791.100086,154.697693,18.639984,124.959076
39791.141391,154.714417,18.492188,124.856064
39791.182698,154.491318,18.533890,125.249054
39791.224003,154.722168,18.471207,125.261154
39791.265310,154.825195,18.589066,125.159149
39791.306616,154.477615,18.575684,125.335709
39791.347923,154.652252,18.407700,125.085236
39791.389227,154.628250,18.439575,125.048691
39791.430531,154.605667,18.565826,124.944702
39791.471836,154.475281,18.571823,124.891464
39791.513139,154.635284,18.600327,125.011124
39791.554442,154.532028,18.580856,125.065491
39791.595748,154.733688,18.488113,125.115906
39791.637054,154.815140,18.416519,124.962921
39791.678361,154.545807,18.555191,124.769623
39791.719666,154.361801,18.866928,124.678879
39791.760972,154.667053,18.570892,124.679535
39791.802278,154.691147,18.523163,124.824112
39791.843584,154.412079,18.779602,124.708847
39791.884891,154.367081,18.916092,125.042862
39791.926198,154.344467,18.580231,124.981293
39791.967505,154.284836,18.690186,125.197388
39792.008812,154.329407,18.557831,125.299179
39792.050118,154.249420,18.537506,125.057983
39792.091424,154.226669,18.863144,125.272598
39792.132731,154.552368,18.587036,125.007767
39792.174037,154.593384,18.645493,125.211716
39792.215344,154.449371,18.494141,125.111115
39792.256652,154.403595,18.704330,124.906174
39792.297956,154.491455,18.616425,124.683548
39792.339261,154.327271,18.608368,124.865112
39792.380567,154.657898,18.675308,124.923248
39792.421874,154.491821,18.630768,124.906799
39792.463180,154.534760,18.639877,125.145065
39792.504489,154.692627,18.569641,125.187164
39792.545798,154.537674,18.948181,125.466141
39792.587107,154.449951,18.818115,125.406311
39792.628412,154.507584,18.551758,125.285309
39792.669719,154.578522,18.644073,125.378372
39792.711028,154.346191,18.708084,125.492691
39792.752336,154.287781,18.833557,125.458557
39792.793644,154.492172,18.867691,125.517319
39792.834954,154.357666,18.702744,125.413086
39792.876264,154.417542,18.965912,125.229935
39792.917571,154.591492,18.689178,125.003876
39792.958877,154.529739,18.868057,125.222855
39793.000184,154.560455,18.962311,125.437515
39793.041489,154.561386,18.635803,125.242554
39793.082793,154.718872,18.446045,124.947540
39793.124100,154.563522,18.847000,125.101410
39793.165409,154.611603,18.757370,124.995560
39793.206716,154.534531,18.724045,125.015610
39793.248025,154.338089,18.927689,124.840149
39793.289336,154.576889,18.688782,125.125626
39793.330647,154.822235,18.687668,124.975769
39793.371956,154.473969,18.650391,124.601578
39793.413265,154.499344,18.688446,125.010849
39793.454575,154.514343,18.645477,125.079269
39793.495885,154.550217,18.591492,124.922211
39793.537193,154.432007,18.830902,125.137619
39793.578501,154.654602,18.605515,125.035080
39793.619807,154.468063,18.545944,125.160217
39793.661115,154.489212,18.798798,124.943451
39793.702422,154.526581,18.785248,124.729263
39793.743732,154.356308,18.775558,125.162247
39793.785041,154.313416,18.780426,125.155838
39793.826351,154.400528,18.809494,125.232178
39793.867661,154.659988,18.714340,125.288727
39793.908969,154.452301,18.874390,125.145538
39793.950279,154.516602,18.942520,124.944916
39793.991590,154.428619,18.772766,124.871750
39794.032902,154.679245,18.789902,124.815231
39794.074214,154.576920,18.501328,124.871552
39794.115526,154.529556,18.629532,124.933456
39794.156837,154.539429,18.668182,124.960083
39794.198151,154.526352,18.902496,124.860733
39794.239462,154.433212,19.015244,125.261078
39794.280773,154.339920,18.651642,125.075058
39794.322082,154.168900,19.022049,124.845459
39794.363394,154.242050,18.902588,125.116196
39794.404705,154.271805,18.738068,125.328934
39794.446016,154.213181,18.687714,125.380539
39794.487327,154.512024,18.622192,125.334915
39794.528638,154.281189,18.778244,125.504562
39794.569947,154.368103,18.911057,125.254196
39794.611255,154.468643,18.750473,125.234665
39794.652563,154.398514,19.160019,125.314774
39794.693868,154.513336,18.914093,125.096146
39794.735176,154.420609,19.135727,125.146515
39794.776483,154.510986,18.933777,125.466873
39794.817790,154.288620,18.963318,124.925568
39794.859099,154.319122,19.020660,125.190430
39794.900411,154.501328,18.915192,125.049149
39794.941723,154.338486,18.832367,125.055176
39794.983035,154.579712,18.879807,125.147552
39795.024348,154.406296,18.964355,125.391632
39795.065657,154.262207,18.921799,124.885132
39795.106966,154.401230,18.913818,125.656372
39795.148275,154.373306,18.860580,125.419678
39795.189585,154.488449,19.021133,125.516449
39795.230893,154.517319,18.930756,124.947876
39795.272201,154.521133,18.903137,125.304321
39795.313509,154.493073,18.888580,125.285889
39795.354819,154.372208,18.921661,125.468048
39795.396128,154.256317,18.928909,125.305069
39795.437436,154.311722,19.104752,125.250900
39795.478747,154.273880,19.242279,125.225586
39795.520056,154.308167,19.259766,125.116104
39795.561364,154.243744,19.093292,125.035477
39795.602672,154.348877,18.975998,125.232056
39795.643979,154.542831,19.153275,125.233093
39795.685287,154.248077,19.260315,125.278305
39795.726595,154.450974,18.949692,125.230133
39795.767903,154.505234,18.898605,125.059402
39795.809212,154.358963,19.294296,125.385986
39795.850517,154.315720,19.094589,125.222839
39795.891825,154.207169,19.189072,125.544464
39795.933134,154.319138,19.148834,125.025452
39795.974446,154.263626,19.348038,125.275818
39796.015755,154.204117,19.175995,125.341843
39796.057066,154.335571,19.189972,125.199005
39796.098376,154.242508,19.289642,125.261871
39796.139686,154.527206,19.013794,125.278458
39796.180995,154.165558,19.155289,125.065887
39796.222303,154.446960,18.974335,125.375595
39796.263612,154.420700,18.967453,125.198944
39796.304920,154.391922,19.177353,125.165756
39796.346230,154.439087,19.284958,125.171326
39796.387540,154.276001,18.968338,125.249329
39796.428850,154.263535,19.248444,125.494827
39796.470159,154.273361,19.745590,125.488144
39796.511468,154.370117,19.433258,125.294312
39796.552774,154.336151,19.489838,125.314194
39796.594081,154.278931,19.292480,125.099869
39796.635388,154.165085,19.144806,125.329803
39796.676693,154.426407,19.122314,125.394440
39796.717998,154.541580,18.961624,125.061874
39796.759305,154.219604,19.166077,125.076263
39796.800613,154.229065,19.224960,125.269806
39796.841922,154.213593,19.218979,125.594055
39796.883231,154.083069,19.134247,125.286392
39796.924539,154.120285,19.147766,125.399445
39796.965848,154.241013,19.170212,124.932831
39797.007159,154.259827,18.980423,125.375519
39797.048471,154.197128,18.980423,125.620819
39797.089782,154.117538,19.042068,125.477554
39797.131092,154.262360,19.041977,125.496292
39797.172401,154.208801,19.114670,125.426910
39797.213710,154.443268,19.041336,125.973953
39797.255015,154.497147,18.970108,125.490189
39797.296319,154.248398,19.002487,125.242462
39797.337625,154.320679,19.056366,125.456985
39797.378929,154.564880,19.034973,125.360107
39797.420237,154.375443,19.015900,125.344376
39797.461544,154.418182,18.716415,125.560364
39797.502851,154.431610,19.021881,125.304657
39797.544157,154.379135,19.022461,125.341705
39797.585463,154.318146,18.889481,125.373627
39797.626770,154.527466,18.864044,125.417755
39797.668077,154.557037,18.709152,125.420593
39797.709385,154.341568,18.858810,125.066238
39797.750693,154.466522,18.835861,125.177963
39797.791999,154.263077,18.948471,125.588348
39797.833309,154.326706,19.027924,125.337341
39797.874620,154.436874,18.868622,125.136765
39797.915931,154.527100,18.805313,125.444244
39797.957242,154.379898,18.691391,125.376312
39797.998551,154.328552,18.978943,125.373825
39798.039859,154.265579,18.984390,125.216751
39798.081168,154.271637,19.177628,125.422745
39798.122475,154.175079,19.121750,125.567017
39798.163781,154.197220,18.843277,125.582794
39798.205088,154.283249,18.836227,125.330719
39798.246397,154.411957,18.931183,125.367783
39798.287706,154.261047,18.918533,125.137695
39798.329015,154.434952,18.807266,125.281250
39798.370324,154.361206,19.015915,125.530746
39798.411633,154.360916,19.024368,125.232635
39798.452943,154.288910,18.835709,125.191071
39798.494252,154.495361,18.927948,125.152817
39798.535561,154.238846,19.090561,125.050674
39798.576870,154.093124,19.237213,125.209824
39798.618178,154.339325,18.904373,124.854675
39798.659487,154.427658,18.783844,125.143387
39798.700797,154.349213,18.771606,125.058640
39798.742106,154.333450,18.941772,125.293961
39798.783414,154.304367,18.808624,125.424103
39798.824724,154.455582,18.842758,125.275467
39798.866034,154.304321,18.765244,125.242264
39798.907343,154.322632,18.980453,125.506912
39798.948649,154.465988,18.837875,125.462921
39798.989956,154.140060,19.103287,125.148331
39799.031261,154.067932,19.218796,125.207687
39799.072569,154.203857,18.884933,125.263123
39799.113875,154.264084,18.986816,125.137695
39799.155182,154.349304,19.093338,125.008698
39799.196490,154.295975,18.949173,124.970535
39799.237798,154.501678,19.081360,124.937622
39799.279105,154.279587,19.063782,125.036346
39799.320413,154.061127,19.237320,124.925980
39799.361721,154.095398,19.065582,125.410797
39799.403033,154.091797,19.061768,125.239304
39799.444341,154.071243,19.285446,125.235443
39799.485648,154.151855,19.084625,125.230804
39799.526955,154.037552,19.223480,124.881897
39799.568264,154.165237,18.934158,125.215866
39799.609573,154.219650,18.879807,125.412018
39799.650883,154.164490,18.709000,125.285477
39799.692193,154.311218,19.109482,125.138046
39799.733504,154.025330,18.983734,124.957092
39799.774813,154.250610,18.890686,125.145859
39799.816124,154.255936,18.833008,125.212128
39799.857435,154.433456,18.728363,125.192902
39799.898742,154.437103,18.682190,125.271698
39799.940051,154.224091,18.716415,125.271393
39799.981359,154.388641,18.808243,125.222702
39800.022669,154.248123,18.914139,125.534225
39800.063977,154.273102,18.830185,125.337341
39800.105285,154.138641,18.964600,125.521057
39800.146594,154.011765,18.985367,125.419937
39800.187903,154.215408,18.927902,125.516144
39800.229212,154.146591,18.700531,125.086700
39800.270519,154.182968,18.792618,125.324951
39800.311825,154.283249,18.931534,125.217941
39800.353131,154.309448,18.897186,124.880707
39800.394437,154.338425,18.717300,125.376678
39800.435740,154.464081,18.844864,125.240616
39800.477046,154.339920,18.689682,125.130829
39800.518353,154.489807,18.784119,125.252457
39800.559660,154.336472,18.814682,124.979019
39800.600966,154.371628,18.758499,125.043015
39800.642272,154.270477,18.698608,125.207535
39800.683580,154.257950,18.899933,125.194855
39800.724887,154.539246,18.879318,125.242020
39800.766194,154.452911,18.893188,125.103333
39800.807501,154.433319,18.760422,125.221664
39800.848807,154.341660,18.820740,125.344513
39800.890113,154.349625,18.842194,125.198776
39800.931419,154.432999,18.991516,125.275375
39800.972725,154.623672,19.033295,125.395813
39801.014031,154.500137,19.022125,125.121643
39801.055338,154.513535,18.925186,125.290085
39801.096645,154.290573,18.880676,125.566452
39801.137953,154.233017,19.035309,125.146057
39801.179260,154.483551,18.834549,125.446869
39801.220566,154.485245,18.972076,124.811493
39801.261874,154.379013,18.990311,124.751251
39801.303182,154.404419,18.896393,125.191284
39801.344489,154.512451,18.927887,125.305374
39801.385795,154.473190,18.892288,125.202469
39801.427101,154.446259,18.876144,124.946564
39801.468408,154.320511,18.911270,125.082535
39801.509715,154.437607,18.753815,125.540176
39801.551020,154.336166,19.079407,125.252609
39801.592327,154.450668,19.028671,125.269882
39801.633635,154.457321,18.994400,125.132736
39801.674943,154.424561,18.827499,125.300293
39801.716248,154.296951,19.001205,125.333008
39801.757553,154.533829,18.923218,125.307877
39801.798859,154.533478,19.113800,125.133102
39801.840167,154.557297,19.006561,125.198944
39801.881473,154.648010,18.900803,125.274338
39801.922779,154.609497,19.089325,125.015244
39801.964083,154.528534,18.659195,125.390732
39802.005388,154.468979,18.838852,124.961014
39802.046695,154.511581,18.813995,124.952469
39802.088002,154.360260,19.076996,124.850250
39802.129308,154.352371,18.618195,125.037689
39802.170614,154.245041,18.844879,125.231369
39802.211922,154.509369,18.764465,125.098724
39802.253227,154.372391,18.982117,125.026489
39802.294534,154.429092,18.971436,124.889374
39802.335841,154.430771,18.842255,124.966171
39802.377150,154.319809,18.906921,125.161682
39802.418457,154.500031,18.882446,124.882339
39802.459764,154.238220,19.145447,125.069885
39802.501072,154.326996,19.093521,125.311539
39802.542380,154.502716,19.138641,125.098785
39802.583688,154.381393,19.098557,125.112152
39802.624996,154.355682,18.966919,125.228119
39802.666305,154.447479,18.796570,125.146515
39802.707614,154.574036,18.701004,124.855316
39802.748924,154.743546,18.665222,124.967606
39802.790233,154.498535,18.827744,125.272003
39802.831542,154.422195,18.733932,125.116470
39802.872851,154.365753,18.799927,125.028000
39802.914160,154.590118,18.938797,125.395691
39802.955470,154.287537,19.011902,125.220093
39802.996779,154.342438,18.885757,125.331375
39803.038087,154.245987,18.766861,125.415634
39803.079395,154.509491,18.871994,125.299469
39803.120704,154.479248,18.882980,125.294617
39803.162012,154.254730,18.943817,125.181107
39803.203319,154.309937,18.882736,125.361084
39803.244628,154.361237,18.834824,125.335724
39803.285936,154.454208,18.565826,125.339371
39803.327244,154.658630,18.789413,125.057724
39803.368552,154.576492,18.254700,124.735275
39803.409860,154.616409,18.606613,125.011063
39803.451169,154.550446,18.521942,124.899811
39803.492479,154.293182,18.637970,125.447403
39803.533790,154.341751,18.794983,125.161270
39803.575100,154.313385,18.747955,125.165558
39803.616409,154.574829,18.805954,124.960846
39803.657717,154.594772,18.747665,125.172394
39803.699026,154.629547,18.635422,125.225143
39803.740335,154.591614,18.901199,125.281845
39803.781643,154.670166,18.787598,125.281128
39803.822951,154.472931,19.052475,125.270386
39803.864260,154.448563,18.779587,124.597183
39803.905567,154.597977,18.711182,124.970963
39803.946877,154.623901,18.578461,124.956604
39803.988186,154.717560,18.608154,124.901535
39804.029495,154.639313,18.551071,125.020111
39804.070806,154.524063,18.646805,125.129105
39804.112117,154.534973,18.745789,124.963852
39804.153428,154.549377,18.776154,124.948486
39804.194738,154.630280,18.712067,124.985962
39804.236046,154.672729,18.633621,125.087067
39804.277354,154.310120,18.762695,124.964859
39804.318662,154.348724,18.873611,125.361847
39804.359970,154.460754,18.739288,124.980423
39804.401280,154.484344,18.875458,125.139969
39804.442589,154.368759,19.052856,125.110870
39804.483899,154.394882,18.689514,125.469055
39804.525207,154.612885,18.600922,125.007172
39804.566513,154.434830,18.623093,125.154785
39804.607821,154.234055,18.932983,125.188263
39804.649128,154.146881,19.045547,125.111130
39804.690436,154.222214,18.940430,125.176636
39804.731741,154.194275,18.824875,125.291153
39804.773048,154.405518,18.936447,125.178574
39804.814354,154.110123,18.936722,125.080612
39804.855663,154.268219,18.827759,125.217285
39804.896974,154.285706,18.771408,125.239136
39804.938282,154.420044,18.754684,125.316788
39804.979590,154.344482,18.843658,125.357956
39805.020898,154.496414,18.802765,125.101486
39805.062207,154.389648,18.765488,125.118195
39805.103517,154.314911,18.773453,124.959671
39805.144826,154.257874,18.863098,125.179504
39805.186137,154.429184,18.779861,125.216080
39805.227447,154.325195,18.842529,125.627350
39805.268758,154.343735,18.945114,125.074020
39805.310067,154.401154,19.117432,125.103180
39805.351377,154.276749,18.769363,125.227783
39805.392686,154.238037,18.755371,125.250198
39805.433998,154.431763,18.788498,125.141342
39805.475309,154.412033,18.844543,125.138321
39805.516619,154.340576,18.854553,125.266525
39805.557929,154.328339,18.696457,125.059235
39805.599239,154.470932,18.719894,124.959412
39805.640548,154.469910,18.740784,125.188354
39805.681860,154.695312,18.775208,124.903824
39805.723170,154.476944,19.091888,125.062653
39805.764481,154.569839,18.631821,125.156158
39805.805792,154.658905,18.653152,125.232178
39805.847103,154.446777,18.704498,125.376678
39805.888411,154.495255,18.852585,125.212494
39805.929719,154.403152,18.684540,125.582275
39805.971033,154.436005,18.547348,125.438629
39806.012345,154.125488,18.604767,125.734299
39806.053654,154.162506,18.585220,125.407852
39806.094966,154.322815,18.646194,125.840942
39806.136276,154.253204,18.633499,125.231827
39806.177585,154.503571,18.887054,125.508240
39806.218894,154.237762,18.913025,125.102966
39806.260205,154.275879,18.851151,125.311615
39806.301515,154.242386,18.749054,125.155762
39806.342825,154.322495,18.914398,125.025909
39806.384134,154.345901,18.726913,125.315353
39806.425444,154.088974,18.812164,125.092941
39806.466750,154.270844,18.898575,125.083801
39806.508057,154.366913,18.726639,124.952103
39806.549365,154.412430,18.659348,125.614029
39806.590671,154.263107,18.879303,125.290054
39806.631979,154.191467,18.755753,125.388504
39806.673286,154.280731,19.006393,125.531281
39806.714591,154.348358,18.578049,125.316284
39806.755897,153.913101,19.062531,125.366928
39806.797204,154.083069,19.094330,125.495132
39806.838511,154.178467,18.841339,125.272263
39806.879821,154.022949,19.087372,125.183151
39806.921128,153.987701,19.055817,125.458817
39806.962434,154.277847,18.875000,125.463531
39807.003740,154.235779,18.820389,125.320251
39807.045047,154.473145,18.843613,125.288956
39807.086354,154.403915,18.760544,125.090439
39807.127663,154.322952,18.747025,125.502670
39807.168972,154.324371,18.884872,124.870331
39807.210281,154.416321,18.952438,125.090134
39807.251588,154.361771,19.016281,125.189804
39807.292894,154.352463,18.896332,125.081039
39807.334201,154.197525,18.882614,125.574783
39807.375508,154.101532,19.206528,125.181915
39807.416819,154.098862,19.173904,125.414810
39807.458126,154.133423,19.276016,124.959579
39807.499432,154.241577,19.303619,124.911285
39807.540741,154.349106,19.093506,125.263519
39807.582050,154.369202,18.892609,125.300949
39807.623358,154.550400,18.954910,124.638779
39807.664666,154.282104,19.156006,125.124786
39807.705975,154.462067,18.840393,124.894943
39807.747283,154.248474,18.961441,124.741058
39807.788592,154.376785,18.971573,125.208328
39807.829899,154.219818,18.899597,125.372055
39807.871210,154.104813,19.124634,125.091629
39807.912522,154.438461,18.848206,125.124619
39807.953831,154.289734,18.963165,125.281509
39807.995140,154.406433,19.012115,125.254028
39808.036447,154.007446,18.742294,125.186020
39808.077758,154.467712,18.950790,124.987213
39808.119068,154.351685,19.169266,125.026413
39808.160376,154.342133,18.928955,125.055237
39808.201687,154.254364,18.882706,125.100891
39808.242995,154.181274,19.221970,125.178665
39808.284305,154.230011,18.961060,125.035339
39808.325614,154.273926,19.077194,125.158371
39808.366923,154.359940,18.829620,125.681015
39808.408231,154.168243,18.748657,125.383331
39808.449538,154.037338,18.619431,125.215836
39808.490844,154.072220,18.988785,125.284119
39808.532151,154.243469,18.734940,125.357056
39808.573457,153.970734,18.894287,125.362488
39808.614763,154.098358,18.852371,125.305267
39808.656071,154.213058,18.817841,125.421585
39808.697377,154.242813,18.946732,125.037003
39808.738686,154.491394,18.957001,125.011902
39808.779994,154.113785,19.040390,125.088867
39808.821301,154.205734,19.175217,125.301575
39808.862609,154.372482,18.978607,125.235382
39808.903917,154.400192,18.971054,125.311554
39808.945224,154.201065,19.158905,125.174896
39808.986529,154.128036,19.215134,125.041580
39809.027838,154.227524,18.747116,125.033737
39809.069145,154.152298,18.739258,125.243149
39809.110453,154.141113,18.969711,125.187836
39809.151762,154.035355,19.084045,125.174561
39809.193070,154.190247,19.153442,125.277817
39809.234375,154.083939,19.050018,125.176300
39809.275682,153.984039,19.118958,125.315613
39809.316990,153.919754,19.215408,125.204254
39809.358295,154.176773,19.192490,125.165146
39809.399601,154.195999,19.285934,125.046814
39809.440906,154.147873,19.109909,124.956726
39809.482215,154.256943,18.912048,125.307343
39809.523524,154.230698,19.223389,125.557709
39809.564833,154.285614,19.248001,125.349579
39809.606145,154.576447,18.970139,125.373032
39809.647454,154.163864,19.003357,125.203796
39809.688761,154.142761,19.121902,125.087692
39809.730073,154.266571,18.824783,125.315811
39809.771384,154.078293,19.168182,125.662918
39809.812695,154.248703,18.711960,125.348206
39809.854005,154.252426,18.943176,125.194000
39809.895312,154.287857,18.961578,125.495346
39809.936621,154.155319,19.160294,125.449509
39809.977929,154.210007,19.020233,125.342621
39810.019241,154.103134,19.274521,125.147263
39810.060551,154.149872,19.169006,125.399353
39810.101860,153.958954,19.136703,125.315857
39810.143171,154.102127,19.249664,125.063034
39810.184481,153.964417,19.067917,125.272751
39810.225793,154.218735,19.042297,125.098633
39810.267101,154.078751,19.184784,124.985397
39810.308411,154.028519,19.238037,125.216003
39810.349720,153.998871,18.887634,125.297531
39810.391030,154.303970,18.994400,125.711075
39810.432339,154.191803,19.171356,125.389496
39810.473649,154.130981,18.926117,125.033539
39810.514958,154.057251,19.104675,125.121948
39810.556266,154.128036,19.137451,124.984299
39810.597576,154.075424,19.140640,125.143814
39810.638884,154.138077,19.248718,125.424042
39810.680192,154.144363,19.113831,125.165802
39810.721505,154.115204,19.246567,125.198105
39810.762818,153.976364,18.978302,125.254410
39810.804129,154.108139,18.881363,125.409256
39810.845441,153.879593,19.073868,125.338470
39810.886754,154.014175,18.916458,125.392059
39810.928064,153.967636,18.835983,125.469315
39810.969375,154.103333,18.900421,124.901123
39811.010687,153.930786,18.915726,125.080582
39811.051998,154.163284,18.794754,125.007843
39811.093310,154.319077,18.941589,124.876083
39811.134619,154.355560,18.711899,125.163681
39811.175931,154.244247,18.747543,125.357162
39811.217242,154.192184,18.606079,125.200531
39811.258552,154.173691,18.784180,125.097702
39811.299863,154.417816,18.780380,125.055344
39811.341173,154.296967,18.882980,125.213821
39811.382481,154.183548,18.902924,125.193039
39811.423788,154.328812,19.014648,125.349564
39811.465096,154.028610,19.125076,125.098190
39811.506404,154.099319,18.890411,124.819107
39811.547714,154.089951,19.126297,124.781662
39811.589024,153.961487,19.063095,124.848358
39811.630337,153.999542,19.053421,124.798279
39811.671647,154.025146,19.047348,124.731491
39811.712957,154.098785,19.032455,124.903015
39811.754267,153.941544,19.122086,124.720108
39811.795576,154.016296,19.113632,124.776932
39811.836885,153.966461,18.783295,125.107422
39811.878195,154.001175,18.992554,125.027573
39811.919504,154.159866,18.821136,125.145401
39811.960812,153.999298,19.162384,125.080093
39812.002120,154.191147,19.179092,125.039368
39812.043430,154.205551,18.844879,124.976562
39812.084739,154.038940,18.802719,125.195877
39812.126046,154.168625,18.833939,125.246994
39812.167357,154.204498,19.016861,124.890259
39812.208665,154.243408,18.784409,124.701004
39812.249974,154.164459,18.900208,125.042374
39812.291282,153.993301,19.015945,124.641342
39812.332589,153.950348,18.879517,125.007263
39812.373898,154.308914,18.756775,125.024719
39812.415203,154.223190,18.891861,124.902939
39812.456508,154.139175,18.916214,124.995804
39812.497816,154.203873,19.026459,124.786163
39812.539121,154.045761,18.938202,125.055679
39812.580428,154.286621,19.029922,125.186111
39812.621733,154.100693,18.991257,125.041992
39812.663037,154.215164,18.993927,124.816879
39812.704345,154.016174,18.794510,125.284256
39812.745653,154.304871,18.790176,125.325317
39812.786961,154.233307,18.676620,125.162796
39812.828268,154.333450,18.680069,125.189331
39812.869576,154.273239,18.860260,125.229904
39812.910885,154.257431,18.759628,125.137405
39812.952193,154.244156,18.775589,125.168167
39812.993504,154.388031,18.724792,125.091278
39813.034812,154.308228,18.737717,124.974823
39813.076121,154.450989,18.794571,125.133835
39813.117428,154.447998,18.671509,124.761658
39813.158735,154.289551,18.607727,124.986542
39813.200042,154.413849,18.727036,124.671402
39813.241348,154.316559,18.689072,124.909027
39813.282654,154.481186,18.799637,124.720245
39813.323960,154.435791,18.552612,124.648651
39813.365263,154.636597,18.586136,124.798615
39813.406569,154.633240,18.598419,124.832062
39813.447877,154.650391,18.591721,124.965454
39813.489183,154.407074,18.625381,124.935120
39813.530490,154.504089,18.459824,125.128296
39813.571797,154.568054,18.561523,124.905350
39813.613105,154.416977,18.855682,124.588638
39813.654413,154.439880,18.594467,125.093231
39813.695720,154.462143,18.567200,124.835449
39813.737030,154.489426,18.333252,124.816437
39813.778337,154.267746,18.671432,124.868362
39813.819645,154.672043,18.546341,125.223083
39813.860957,154.574951,18.680145,124.953583
39813.902266,154.384186,18.726913,125.028305
39813.943574,154.401993,18.804138,125.048019
39813.984881,154.610245,18.417694,124.756012
39814.026186,154.502991,18.757782,125.116516
39814.067492,154.561401,18.494110,124.660873
39814.108800,154.607391,18.549942,125.030685
39814.150108,154.598923,18.592331,125.021057
39814.191417,154.315018,18.620407,125.247391
39814.232724,154.260300,18.600388,125.228638
39814.274031,154.440262,18.646317,124.884003
39814.315341,154.331497,18.624664,125.179535
39814.356650,154.563370,18.503662,125.038589
39814.397961,154.301529,18.607895,124.882965
39814.439272,154.174713,18.569199,124.947845
39814.480584,154.258133,18.769058,124.899094
39814.521892,154.551743,18.637375,124.999100
39814.563202,154.370712,18.725769,125.194229
39814.604512,154.169220,18.731766,124.951782
39814.645820,154.294952,18.625443,124.938202
39814.687130,154.376587,18.547195,124.993378
39814.728438,154.223267,18.695862,125.114059
39814.769747,154.084091,19.086136,125.053619
39814.811056,154.270187,18.647324,125.077576
39814.852365,154.220810,18.530762,125.121490
39814.893674,154.179337,18.650269,125.078140
39814.934981,154.069489,18.575607,125.392456
39814.976290,154.244064,18.611740,125.465134
39815.017600,154.200684,18.573486,125.453766
39815.058911,154.227982,18.731979,125.278488
39815.100223,154.194672,18.686890,125.510544
39815.141533,154.244934,18.749252,125.457520
39815.182844,154.214401,18.709763,125.512192
39815.224152,154.072189,19.014114,125.452408
39815.265463,154.319397,18.736908,125.311691
39815.306775,154.090668,18.659576,125.491440
